-0.273702 0.357313 -1.000000 50.000000
-0.167461 0.191996 0.525965 53.000000
-0.158409 0.174369 0.525488 53.000000
-0.137923 -0.092901 0.525012 51.000000
-0.043592 0.400191 0.525488 50.000000
-0.043116 0.198666 0.528347 50.000000
0.083611 0.258695 0.525012 50.000000
0.226536 0.051930 0.527394 50.000000
0.229395 0.382563 0.528347 50.000000
0.249881 0.264412 0.528347 50.000000
0.247499 0.031920 0.525488 50.000000
0.247975 -0.331586 0.526918 50.000000
0.254645 -0.298714 0.526918 50.000000
0.263221 0.116246 0.525012 50.000000
0.268461 0.337303 0.525488 50.000000
0.267032 0.058599 0.527870 50.000000
-0.138876 0.000476 0.532635 51.000000
-0.110767 -0.047642 0.532158 51.000000
0.212720 -0.044783 0.530729 50.000000
0.240353 0.427823 0.530252 50.000000
0.242258 -0.158647 0.531205 50.000000
0.243211 -0.169128 0.531205 50.000000
0.243687 -0.474988 0.529300 50.000000
0.249881 0.291567 0.530252 50.000000
0.247022 -0.404002 0.533111 50.000000
0.250834 0.300619 0.533111 50.000000
0.250357 -0.244402 0.531205 50.000000
0.257504 -0.079085 0.533588 50.000000
0.256551 -0.191996 0.532635 50.000000
0.260362 0.373511 0.530729 50.000000
0.259886 0.291567 0.529300 50.000000
0.261791 0.208671 0.531205 50.000000
0.266079 0.105765 0.532635 50.000000
0.267508 0.086232 0.533588 50.000000
0.272749 0.502144 0.529776 50.000000
0.271796 0.455931 0.530252 50.000000
0.273225 -0.029538 0.530252 50.000000
-0.183182 -0.056217 0.535493 51.000000
-0.157932 0.164364 0.534540 53.000000
-0.148880 0.208671 0.535969 53.000000
-0.009290 -0.032873 0.536446 50.000000
-0.002144 0.041925 0.538352 50.000000
0.220819 -0.354931 0.535493 50.000000
0.231777 0.301096 0.536446 50.000000
0.234636 -0.037637 0.536446 50.000000
0.242735 0.382563 0.538352 50.000000
0.242735 0.227251 0.536446 50.000000
0.245117 0.134826 0.534064 50.000000
0.253692 0.483564 0.535017 50.000000
0.251310 0.382563 0.534064 50.000000
0.252263 0.282515 0.536922 50.000000
0.252739 0.245355 0.536922 50.000000
0.253692 -0.010005 0.536922 50.000000
0.253216 -0.358742 0.535493 50.000000
0.257027 -0.383992 0.538352 50.000000
0.259409 -0.407813 0.537399 50.000000
0.262744 0.245355 0.535493 50.000000
0.261791 -0.236303 0.535017 50.000000
0.265126 -0.361601 0.538352 50.000000
-0.175560 0.322535 0.538828 50.000000
-0.085040 -0.263935 0.542163 50.000000
-0.081706 -0.079562 0.540257 51.000000
-0.067889 0.206765 0.542639 53.000000
-0.013101 0.160553 0.543116 50.000000
0.015007 0.132920 0.541687 50.000000
0.023106 0.204859 0.542639 50.000000
0.152215 0.006193 0.539304 50.000000
0.235112 -0.028585 0.539781 50.000000
0.240353 -0.099095 0.539781 50.000000
0.244640 -0.019533 0.539781 50.000000
0.246070 -0.382563 0.538828 50.000000
0.253216 0.410195 0.538828 50.000000
0.250834 0.066698 0.542639 50.000000
0.254169 0.008576 0.542639 50.000000
0.251310 -0.216293 0.542639 50.000000
0.255121 -0.456884 0.539781 50.000000
0.263221 0.364459 0.539781 50.000000
0.263221 0.355407 0.539781 50.000000
0.260362 -0.315388 0.539304 50.000000
0.264650 0.437828 0.540257 50.000000
0.267032 -0.040972 0.540257 50.000000
0.269414 -0.071463 0.539781 50.000000
-0.155550 -0.002382 0.546451 51.000000
-0.104097 0.260600 0.543592 53.000000
-0.099809 -0.070510 0.544545 51.000000
-0.067413 0.365412 0.547404 50.000000
-0.013578 0.400667 0.544545 50.000000
0.052644 0.131491 0.543592 50.000000
0.228442 -0.302049 0.544545 50.000000
0.234636 0.355884 0.545498 50.000000
0.237970 0.142925 0.545021 50.000000
0.245117 0.018104 0.547404 50.000000
0.249404 -0.184850 0.545974 50.000000
0.256074 0.419724 0.546927 50.000000
0.258456 0.170081 0.547880 50.000000
0.255121 0.017151 0.547404 50.000000
0.260838 0.094331 0.546451 50.000000
0.267508 -0.022392 0.545498 50.000000
0.264650 -0.123392 0.545498 50.000000
0.267985 -0.155312 0.545974 50.000000
-0.217485 -0.230586 0.549309 50.000000
-0.182706 0.445450 0.551691 50.000000
-0.151739 -0.222963 0.552644 50.000000
-0.144593 -0.119581 0.548833 51.000000
-0.076465 0.259647 0.548833 53.000000
-0.011672 0.177704 0.552644 50.000000
0.034540 0.149595 0.548833 50.000000
0.071224 0.266317 0.551691 50.000000
0.208433 -0.039543 0.551691 50.000000
0.239876 0.161029 0.552644 50.000000
0.246546 -0.353025 0.551691 50.000000
0.251787 0.084802 0.548356 50.000000
0.257504 0.438304 0.549309 50.000000
0.260838 -0.475941 0.551691 50.000000
0.266555 0.382563 0.548356 50.000000
0.269414 0.178657 0.550262 50.000000
0.272749 0.092901 0.550739 50.000000
0.269890 -0.265364 0.552168 50.000000
-0.189852 -0.151024 0.557408 50.000000
-0.116484 -0.112434 0.555979 51.000000
-0.101239 0.050977 0.555026 50.000000
-0.056932 0.151501 0.553121 50.000000
-0.033111 -0.066698 0.557408 51.000000
-0.019295 0.122439 0.557408 50.000000
-0.011672 0.195331 0.555026 50.000000
-0.009767 0.122439 0.557408 50.000000
0.045498 0.139114 0.556455 50.000000
0.235112 0.037161 0.553121 50.000000
0.233683 -0.208194 0.556932 50.000000
0.232253 -0.510243 0.553597 50.000000
0.237970 0.346355 0.555979 50.000000
0.236541 0.026679 0.555503 50.000000
0.239876 -0.022868 0.555979 50.000000
0.240829 -0.052406 0.553597 50.000000
0.245117 -0.331586 0.555503 50.000000
0.249404 -0.366841 0.555979 50.000000
0.258456 0.429252 0.553121 50.000000
0.257980 -0.451167 0.553121 50.000000
0.268938 0.336827 0.555979 50.000000
-0.137923 0.348738 0.562172 50.000000
-0.072177 -0.304907 0.559314 50.000000
-0.062172 -0.027156 0.560267 51.000000
-0.040257 -0.126251 0.558361 51.000000
-0.002144 0.401143 0.558361 50.000000
0.054550 -0.101000 0.559314 52.000000
0.220343 -0.031920 0.558838 50.000000
0.220819 -0.389709 0.562172 50.000000
0.225107 -0.331110 0.560743 50.000000
0.229871 -0.003335 0.561220 50.000000
0.240353 -0.013816 0.559790 50.000000
0.241305 -0.286327 0.557885 50.000000
0.244640 -0.414960 0.558361 50.000000
0.249881 0.327775 0.561220 50.000000
0.247975 0.025727 0.557885 50.000000
0.250834 0.197237 0.558361 50.000000
0.257504 0.053835 0.560267 50.000000
0.255121 -0.503573 0.558838 50.000000
0.267032 0.072415 0.561696 50.000000
0.267032 -0.212959 0.560743 50.000000
0.272749 0.504526 0.559314 50.000000
0.270843 0.420200 0.559790 50.000000
-0.146498 0.114817 0.563602 53.000000
-0.080753 0.020010 0.565984 51.000000
-0.072654 0.067175 0.564078 50.000000
0.013578 -0.020962 0.562649 50.000000
0.152692 -0.213911 0.565031 50.000000
0.231301 -0.265841 0.566937 50.000000
0.238923 -0.116246 0.565507 50.000000
0.242258 0.243926 0.566937 50.000000
0.245117 -0.301096 0.566460 50.000000
0.246546 -0.202001 0.566937 50.000000
0.250834 0.401620 0.563125 50.000000
0.251310 0.299667 0.564555 50.000000
0.251787 -0.138637 0.566937 50.000000
0.261791 0.364459 0.565984 50.000000
0.261315 -0.138637 0.563602 50.000000
0.266079 0.120057 0.564555 50.000000
0.266079 -0.191996 0.563602 50.000000
-0.105526 -0.126251 0.567889 51.000000
-0.082182 0.131491 0.568366 50.000000
0.027870 0.266317 0.570748 53.000000
0.203192 -0.514531 0.569795 50.000000
0.207956 -0.452120 0.570272 50.000000
0.224154 -0.404955 0.569319 50.000000
0.234159 -0.170081 0.571224 50.000000
0.237018 -0.075750 0.568366 50.000000
0.242258 0.003811 0.569319 50.000000
0.242258 -0.148642 0.568366 50.000000
0.243211 -0.279181 0.567889 50.000000
0.242258 -0.468318 0.568366 50.000000
0.254169 0.457837 0.569319 50.000000
0.253216 0.233921 0.567889 50.000000
0.264650 0.467365 0.568842 50.000000
0.264650 0.448785 0.569795 50.000000
0.265603 0.186279 0.570272 50.000000
-0.177942 -0.295855 0.575036 50.000000
-0.135064 -0.028585 0.574083 51.000000
-0.026918 0.184850 0.572177 50.000000
0.011196 0.128633 0.572177 50.000000
0.236541 0.505002 0.574559 50.000000
0.243687 0.012387 0.575036 50.000000
0.255598 0.420677 0.576465 50.000000
0.255121 0.271081 0.575036 50.000000
0.258933 -0.305860 0.574083 50.000000
0.260362 -0.215817 0.572177 50.000000
-0.217485 -0.058123 0.581229 50.000000
-0.207003 -0.274893 0.579324 50.000000
-0.181753 0.232015 0.578371 53.000000
-0.106479 -0.021439 0.581229 51.000000
-0.035017 0.174845 0.580753 50.000000
-0.031682 -0.012863 0.577894 50.000000
-0.015007 0.072415 0.576941 50.000000
0.011672 0.173892 0.579800 50.000000
0.025965 -0.006193 0.581229 52.000000
0.027394 -0.064793 0.577894 52.000000
0.209862 -0.347785 0.578371 50.000000
0.235112 0.346355 0.577894 50.000000
0.232730 0.051453 0.580753 50.000000
0.234636 0.021915 0.581229 50.000000
0.238447 0.176751 0.581229 50.000000
0.236541 -0.027632 0.578371 50.000000
0.245117 -0.261077 0.579324 50.000000
0.251787 -0.217246 0.579324 50.000000
0.256551 0.364459 0.581229 50.000000
0.256074 0.336827 0.579800 50.000000
0.257027 0.252025 0.580276 50.000000
0.258933 0.147689 0.577418 50.000000
0.261315 -0.318723 0.577418 50.000000
0.263697 -0.342544 0.577418 50.000000
0.266555 0.392568 0.578847 50.000000
-0.172701 0.231539 0.582182 53.000000
-0.163649 0.176751 0.583611 53.000000
-0.122677 -0.140543 0.582658 51.000000
-0.117913 0.321105 0.585040 53.000000
-0.099809 0.303001 0.583135 53.000000
-0.100762 -0.247261 0.584564 50.000000
-0.078371 -0.012863 0.583611 51.000000
-0.034540 0.202001 0.585993 50.000000
-0.015960 0.202001 0.585040 50.000000
0.013101 0.154836 0.584088 50.000000
0.015007 0.051453 0.583135 50.000000
0.034540 0.031920 0.581706 50.000000
0.039781 0.401620 0.582182 50.000000
0.041210 0.172939 0.583611 50.000000
0.231777 0.109100 0.585517 50.000000
0.238447 0.496427 0.581706 50.000000
0.238447 0.449262 0.584564 50.000000
0.237018 0.355884 0.584088 50.000000
0.237970 -0.163888 0.585517 50.000000
0.238923 -0.501667 0.585040 50.000000
0.248452 0.468318 0.583135 50.000000
0.247975 0.327299 0.585993 50.000000
0.251787 -0.070510 0.584088 50.000000
0.258933 0.487375 0.581706 50.000000
0.258933 0.213911 0.583611 50.000000
0.260362 -0.287280 0.585517 50.000000
0.267032 -0.134350 0.583135 50.000000
0.266555 -0.242973 0.584564 50.000000
-0.160314 -0.121010 0.588376 51.000000
-0.141734 -0.111958 0.590757 51.000000
-0.039781 -0.005241 0.587423 51.000000
-0.009290 -0.065746 0.587899 50.000000
0.003097 0.292997 0.589805 53.000000
0.040734 0.411148 0.587423 50.000000
0.098857 0.245355 0.589805 50.000000
0.200810 -0.078132 0.588376 50.000000
0.226536 0.010958 0.587899 50.000000
0.227966 0.318247 0.588852 50.000000
0.232253 -0.330634 0.586470 50.000000
0.239400 -0.286327 0.588852 50.000000
0.238447 -0.390662 0.587423 50.000000
0.245117 0.069081 0.589805 50.000000
0.249404 0.393044 0.590281 50.000000
0.248452 0.261553 0.586470 50.000000
0.252263 -0.506432 0.590281 50.000000
0.258933 0.411625 0.586470 50.000000
0.258456 0.308242 0.586946 50.000000
0.255121 0.078132 0.590281 50.000000
0.255121 -0.333969 0.588376 50.000000
0.261791 0.506908 0.587899 50.000000
0.261315 0.478323 0.589805 50.000000
0.270843 0.478323 0.586470 50.000000
-0.199381 0.267270 0.595045 53.000000
-0.160791 -0.062411 0.595045 51.000000
-0.064078 -0.146260 0.594092 51.000000
-0.023106 0.136255 0.592663 50.000000
-0.001191 0.001906 0.593616 50.000000
0.052168 0.420677 0.595045 50.000000
0.073606 0.114340 0.595522 50.000000
0.079323 0.319676 0.591234 50.000000
0.239876 -0.156265 0.594569 50.000000
0.241782 0.459266 0.594092 50.000000
0.242258 -0.188185 0.592663 50.000000
0.247022 0.058123 0.594092 50.000000
0.247499 0.048595 0.593140 50.000000
0.251310 0.203907 0.592187 50.000000
0.252739 0.193902 0.595045 50.000000
0.253216 0.165317 0.594569 50.000000
0.257504 0.057646 0.594092 50.000000
0.259409 -0.255836 0.592663 50.000000
0.261791 0.279657 0.595045 50.000000
0.260838 0.242020 0.591710 50.000000
0.266079 -0.212006 0.592663 50.000000
-0.171748 0.239638 0.597427 53.000000
-0.169366 -0.123869 0.598380 51.000000
-0.112196 -0.115293 0.598857 51.000000
-0.111720 -0.145307 0.596475 51.000000
-0.101715 -0.166746 0.598380 51.000000
-0.066460 -0.017151 0.600286 51.000000
-0.060267 0.154836 0.598380 50.000000
-0.041687 0.182468 0.599333 50.000000
-0.022630 0.126251 0.596475 50.000000
-0.012625 0.144354 0.599809 50.000000
0.053597 0.199142 0.600286 50.000000
0.054073 0.161505 0.600286 50.000000
0.061696 0.420677 0.595998 50.000000
0.231301 -0.020962 0.596475 50.000000
0.235588 0.116722 0.599809 50.000000
0.234159 -0.323011 0.596951 50.000000
0.245117 0.145784 0.598857 50.000000
0.245593 -0.201525 0.599333 50.000000
0.249881 -0.361124 0.599333 50.000000
0.251310 0.308242 0.596951 50.000000
0.252739 -0.012863 0.599809 50.000000
0.254169 -0.190567 0.596475 50.000000
0.259409 0.047165 0.598380 50.000000
0.259409 -0.245831 0.595998 50.000000
0.263697 0.260124 0.600286 50.000000
-0.206051 -0.250596 0.602192 50.000000
-0.189852 0.119104 0.601239 50.000000
-0.141734 -0.054788 0.601239 51.000000
-0.097904 0.220105 0.600762 53.000000
-0.085041 -0.027156 0.603621 51.000000
-0.062172 -0.170081 0.602668 51.000000
-0.046451 -0.028585 0.605050 51.000000
-0.030253 0.069081 0.601239 50.000000
0.233683 0.193902 0.600762 50.000000
0.231777 -0.011910 0.600762 50.000000
0.243687 0.393044 0.604097 50.000000
0.246546 -0.423535 0.604097 50.000000
0.250357 -0.247261 0.602668 50.000000
0.255598 0.173892 0.601715 50.000000
0.257504 0.125298 0.603621 50.000000
0.259409 0.066222 0.601239 50.000000
0.265126 0.450691 0.602668 50.000000
0.264650 0.355407 0.605050 50.000000
0.267032 0.182944 0.605050 50.000000
0.268461 0.105288 0.601239 50.000000
0.269414 0.095283 0.602668 50.000000
-0.169366 -0.065269 0.606003 51.000000
-0.136970 -0.287756 0.607432 50.000000
-0.116960 -0.299666 0.606956 50.000000
-0.020724 0.152454 0.609814 50.000000
0.064555 -0.105288 0.607909 52.000000
0.089328 0.014293 0.608385 50.000000
0.123630 0.168175 0.606003 50.000000
0.173178 0.318247 0.609338 50.000000
0.206050 0.165317 0.609814 50.000000
0.212720 -0.301096 0.605526 50.000000
0.220819 -0.268223 0.607432 50.000000
0.244640 0.250596 0.606479 50.000000
0.247022 -0.413530 0.609338 50.000000
0.271320 -0.088614 0.608385 50.000000
-0.151739 0.079085 0.613149 50.000000
-0.104097 0.030491 0.610767 51.000000
-0.052644 -0.111482 0.614102 51.000000
-0.030729 0.301572 0.614578 53.000000
-0.017389 -0.011434 0.611243 50.000000
0.029300 0.064793 0.612673 50.000000
0.056455 0.188185 0.614578 50.000000
0.074083 0.291091 0.610767 50.000000
0.242735 -0.119104 0.613149 50.000000
0.249881 -0.320152 0.614578 50.000000
0.256551 0.403049 0.611243 50.000000
0.256551 0.336351 0.612196 50.000000
0.256551 0.279181 0.611720 50.000000
0.258456 0.221058 0.614578 50.000000
0.257980 0.182944 0.610291 50.000000
-0.131729 0.029538 0.618866 51.000000
-0.079800 -0.173892 0.617913 51.000000
-0.042639 -0.102906 0.618866 51.000000
0.007861 0.282515 0.617913 53.000000
0.028347 0.141020 0.616008 50.000000
0.054550 -0.056217 0.618866 52.000000
0.065507 0.328728 0.615055 50.000000
0.085517 0.421629 0.616484 50.000000
0.088375 0.091472 0.616484 50.000000
0.168890 -0.255836 0.618390 50.000000
0.228442 0.221534 0.619343 50.000000
0.234159 0.035255 0.616484 50.000000
0.237018 0.269652 0.615531 50.000000
0.239876 0.163411 0.617913 50.000000
0.250357 -0.047642 0.619343 50.000000
0.251787 -0.078609 0.617437 50.000000
0.252263 -0.442592 0.617437 50.000000
0.258933 0.422582 0.618390 50.000000
0.259409 0.230586 0.618866 50.000000
0.257504 -0.393044 0.615531 50.000000
0.265603 0.033826 0.615531 50.000000
0.270843 0.171987 0.616008 50.000000
-0.216532 -0.058123 0.620295 50.000000
-0.216055 -0.079085 0.623630 50.000000
-0.158885 -0.080515 0.624107 51.000000
-0.133159 0.265364 0.622201 53.000000
-0.117437 -0.217723 0.624107 50.000000
-0.111720 -0.030967 0.622677 51.000000
-0.095045 0.208671 0.623630 53.000000
-0.086470 0.218199 0.619819 53.000000
-0.070272 -0.154836 0.622201 51.000000
-0.065984 0.085755 0.619819 50.000000
-0.049309 -0.177227 0.623630 51.000000
-0.038828 0.273464 0.623154 53.000000
-0.022630 -0.104335 0.621725 50.000000
-0.016913 0.035731 0.620295 50.000000
0.000238 0.197713 0.624107 50.000000
0.006432 -0.085755 0.622677 50.000000
0.015484 -0.065269 0.621248 52.000000
0.066937 0.281563 0.622201 50.000000
0.114578 -0.049547 0.620295 52.000000
0.207003 0.270129 0.619819 50.000000
0.223202 -0.119581 0.620772 50.000000
0.238923 0.307766 0.622677 50.000000
0.249881 0.422582 0.622201 50.000000
0.249404 0.326822 0.623154 50.000000
0.251787 0.161982 0.622677 50.000000
0.261315 -0.177227 0.622677 50.000000
0.262268 -0.420200 0.620295 50.000000
0.265603 -0.101953 0.621248 50.000000
0.273702 0.519771 0.623154 50.000000
0.273702 -0.313959 0.621725 50.000000
-0.148880 -0.080515 0.624583 51.000000
-0.147928 -0.143402 0.628394 51.000000
-0.121248 -0.001429 0.626012 51.000000
-0.113626 0.348261 0.626965 53.000000
-0.113626 0.311101 0.627918 53.000000
-0.104097 0.357313 0.628871 53.000000
-0.091710 -0.042401 0.626489 51.000000
-0.056932 0.226775 0.628871 50.000000
-0.047404 0.198190 0.627442 50.000000
-0.047404 0.179609 0.624583 50.000000
-0.028823 0.338256 0.625536 53.000000
0.032635 0.052406 0.628394 50.000000
0.049309 0.187232 0.626489 50.000000
0.108385 0.441162 0.627918 50.000000
0.118866 0.460219 0.628871 50.000000
0.219867 0.279181 0.628871 50.000000
0.229395 -0.299666 0.627918 50.000000
0.241782 -0.039066 0.628394 50.000000
0.249881 0.307766 0.625060 50.000000
0.248452 -0.277275 0.624583 50.000000
0.251310 0.259171 0.626965 50.000000
0.253216 -0.313959 0.628394 50.000000
0.256551 -0.350167 0.628394 50.000000
-0.224631 -0.284421 0.633159 50.000000
-0.139352 -0.032396 0.631729 51.000000
-0.122201 0.104335 0.630777 50.000000
-0.118866 -0.114817 0.633635 51.000000
-0.113149 0.226775 0.632682 53.000000
-0.105526 -0.265364 0.633159 50.000000
-0.062172 -0.034302 0.631253 51.000000
-0.042163 -0.075274 0.630300 51.000000
-0.026918 0.178657 0.633635 50.000000
0.050738 0.129109 0.629824 50.000000
0.069795 0.441162 0.632682 50.000000
0.102192 0.078609 0.632206 50.000000
0.214626 0.093854 0.630777 50.000000
0.230824 -0.018104 0.631729 50.000000
0.238447 -0.384945 0.630777 50.000000
0.243211 0.220105 0.633635 50.000000
0.243211 -0.199619 0.629347 50.000000
0.249404 0.031444 0.631729 50.000000
0.247975 -0.373511 0.629347 50.000000
0.251310 0.364936 0.629347 50.000000
0.256551 0.111482 0.631253 50.000000
0.263697 0.452120 0.630300 50.000000
0.263697 0.442115 0.631253 50.000000
0.262744 0.413054 0.629824 50.000000
0.262744 -0.292997 0.630777 50.000000
0.268461 -0.341115 0.633159 50.000000
-0.215579 -0.042401 0.636970 50.000000
-0.186517 -0.103383 0.636017 51.000000
-0.167937 -0.042878 0.636970 51.000000
-0.131253 0.103859 0.635064 50.000000
-0.030729 -0.087661 0.637446 50.000000
0.011196 0.253454 0.636494 50.000000
0.008337 -0.078609 0.635064 50.000000
0.031682 -0.153883 0.637446 52.000000
0.055026 -0.219152 0.635064 50.000000
0.090281 0.431634 0.635541 50.000000
0.130300 0.441639 0.635541 50.000000
0.159362 -0.025727 0.638399 50.000000
0.170796 0.451167 0.634588 50.000000
0.222249 0.230110 0.635064 50.000000
0.227489 -0.256313 0.635541 50.000000
0.234636 -0.327299 0.637446 50.000000
0.244640 0.171034 0.634112 50.000000
0.246546 0.131015 0.636970 50.000000
0.248452 -0.104335 0.636017 50.000000
0.253216 -0.000476 0.637923 50.000000
0.259886 -0.115293 0.634588 50.000000
0.269414 0.110052 0.638399 50.000000
-0.206527 0.255360 0.641734 53.000000
-0.176513 -0.136255 0.641258 51.000000
-0.168890 0.264412 0.641734 53.000000
-0.167461 -0.083849 0.638876 51.000000
-0.166984 -0.104812 0.639352 51.000000
-0.140305 0.122439 0.640305 53.000000
-0.131253 0.188661 0.642687 53.000000
-0.121725 0.141496 0.639352 53.000000
-0.063125 0.043354 0.639352 51.000000
-0.045974 0.253930 0.640305 50.000000
-0.049786 -0.088137 0.641734 51.000000
-0.022630 0.002382 0.641734 50.000000
0.004050 0.119581 0.641258 50.000000
0.015960 0.040495 0.642687 50.000000
0.021677 0.252978 0.640305 50.000000
0.022630 0.205336 0.642211 50.000000
0.031682 0.300143 0.642211 50.000000
0.059314 -0.072415 0.641258 52.000000
0.063125 0.136732 0.642687 50.000000
0.073606 0.107194 0.642211 50.000000
0.075989 -0.201048 0.642211 52.000000
0.091234 0.232492 0.642687 50.000000
0.092187 0.155788 0.641258 50.000000
0.126012 0.055741 0.643163 50.000000
0.216055 0.151501 0.643163 50.000000
0.235112 -0.051453 0.639352 50.000000
0.237494 -0.083373 0.641258 50.000000
0.244640 0.239162 0.639828 50.000000
0.243211 -0.282992 0.642687 50.000000
0.246070 0.462125 0.641258 50.000000
0.249881 0.090519 0.642687 50.000000
0.252739 -0.148642 0.638876 50.000000
0.265126 0.316818 0.638876 50.000000
0.265603 0.287280 0.639352 50.000000
0.272749 -0.118152 0.640305 50.000000
-0.166031 -0.148166 0.645069 51.000000
-0.159362 0.263935 0.646022 53.000000
-0.157456 -0.065269 0.644116 51.000000
-0.104574 -0.258218 0.643640 50.000000
-0.093140 0.188185 0.644116 53.000000
-0.096475 -0.172463 0.647928 51.000000
-0.042639 0.031920 0.646022 51.000000
-0.040734 -0.028585 0.646975 51.000000
0.005002 0.089566 0.644593 50.000000
0.032635 0.262030 0.646022 50.000000
0.085517 0.057170 0.644116 50.000000
0.102192 0.403526 0.646022 50.000000
0.213673 -0.030014 0.644116 50.000000
0.231777 -0.271558 0.646022 50.000000
0.240829 -0.479276 0.645069 50.000000
0.253216 -0.138637 0.643640 50.000000
0.256074 0.374464 0.643640 50.000000
0.256551 0.267747 0.644593 50.000000
0.261315 -0.228680 0.645069 50.000000
-0.196046 0.004288 0.651263 51.000000
-0.158885 0.207242 0.648880 53.000000
-0.147451 -0.036684 0.651739 51.000000
-0.139352 0.053359 0.648880 51.000000
-0.125536 -0.183421 0.651263 51.000000
-0.121248 0.263459 0.649833 53.000000
-0.090758 0.051930 0.649833 51.000000
-0.087899 -0.110052 0.650786 51.000000
-0.044545 0.347785 0.649833 53.000000
-0.018342 -0.102430 0.651739 50.000000
-0.015484 0.347308 0.651263 53.000000
-0.015007 0.204859 0.652215 50.000000
-0.008814 -0.091949 0.649833 50.000000
0.001667 -0.092901 0.651739 50.000000
0.014054 0.214388 0.649357 50.000000
0.045021 0.145784 0.652215 50.000000
0.063602 0.165317 0.648404 50.000000
0.060267 -0.053835 0.650310 52.000000
0.064555 0.116722 0.648880 50.000000
0.075512 0.086708 0.649357 50.000000
0.082182 0.308718 0.648404 50.000000
0.086470 0.076227 0.651263 50.000000
0.088375 0.006193 0.648880 50.000000
0.118390 0.044783 0.652692 50.000000
0.230348 -0.239161 0.651739 50.000000
0.247975 -0.310148 0.650786 50.000000
0.253692 -0.252501 0.651263 50.000000
0.258456 -0.033826 0.648880 50.000000
0.256551 -0.276798 0.652692 50.000000
0.258933 -0.523583 0.651263 50.000000
0.264650 0.068128 0.651263 50.000000
0.265126 -0.372082 0.650786 50.000000
0.270843 0.463078 0.652215 50.000000
-0.186517 -0.026203 0.653168 51.000000
-0.176513 -0.047165 0.655074 51.000000
-0.139829 0.206765 0.655074 53.000000
-0.137923 -0.007146 0.653645 51.000000
-0.136970 -0.099571 0.655074 51.000000
-0.092187 0.347785 0.653645 53.000000
-0.089805 -0.008099 0.653168 51.000000
-0.080753 0.041448 0.653168 51.000000
-0.060267 0.010481 0.656503 51.000000
-0.043592 0.186279 0.653645 50.000000
-0.033587 0.166746 0.655074 50.000000
-0.033111 0.118628 0.653645 50.000000
-0.008814 -0.072415 0.654597 50.000000
0.001191 -0.072415 0.653168 50.000000
0.026441 0.097189 0.654597 50.000000
0.060743 -0.044307 0.653168 52.000000
0.165555 -0.234397 0.654597 50.000000
0.167937 -0.268699 0.655074 50.000000
0.224154 -0.519771 0.653168 50.000000
0.239400 0.199142 0.654121 50.000000
0.249404 0.364936 0.656980 50.000000
0.248928 -0.175322 0.656980 50.000000
0.251787 -0.066698 0.656503 50.000000
0.251787 -0.336351 0.656027 50.000000
0.260362 0.208194 0.653168 50.000000
0.272273 0.493092 0.654121 50.000000
-0.215102 0.168652 0.659838 50.000000
-0.205574 0.012863 0.658885 50.000000
-0.196522 0.139590 0.658885 50.000000
-0.186517 0.225345 0.661267 53.000000
-0.156027 -0.100048 0.658409 51.000000
-0.146975 -0.048595 0.657932 51.000000
-0.104097 -0.230586 0.659838 50.000000
-0.094569 -0.209147 0.659838 51.000000
-0.085517 -0.175798 0.657932 51.000000
-0.051691 0.156741 0.662220 50.000000
-0.040257 0.019057 0.660791 50.000000
0.046927 0.125298 0.660791 50.000000
0.049786 0.005717 0.659838 52.000000
0.054550 0.280133 0.659362 50.000000
0.085040 0.222010 0.658885 50.000000
0.094569 0.404002 0.658409 50.000000
0.137446 0.171510 0.661744 50.000000
0.197475 0.307289 0.660791 50.000000
0.219390 0.248213 0.661744 50.000000
0.239876 0.336351 0.661267 50.000000
0.244164 0.098142 0.659838 50.000000
0.244640 0.088137 0.659838 50.000000
0.246546 0.047165 0.660791 50.000000
0.249404 -0.301572 0.659362 50.000000
0.265603 0.117199 0.660791 50.000000
0.266079 0.097189 0.659362 50.000000
0.270843 -0.281086 0.662220 50.000000
-0.205574 0.168175 0.664602 53.000000
-0.204621 -0.143402 0.666508 50.000000
-0.157456 0.089566 0.666508 50.000000
-0.148404 0.243926 0.666031 53.000000
-0.148404 0.196284 0.665555 53.000000
-0.134588 -0.176274 0.664602 51.000000
-0.128871 0.176751 0.665079 53.000000
-0.090758 0.224393 0.665079 53.000000
-0.066937 -0.083849 0.666508 51.000000
-0.061696 0.357313 0.666984 53.000000
-0.025965 -0.106241 0.666984 50.000000
-0.002620 0.164840 0.666031 50.000000
-0.000715 0.046689 0.665079 50.000000
0.000715 -0.013340 0.664126 50.000000
0.008814 0.096236 0.666508 50.000000
0.017389 0.183897 0.666984 50.000000
0.038352 0.075750 0.662697 50.000000
0.045974 0.280133 0.665555 50.000000
0.061696 -0.006193 0.666984 52.000000
0.065507 0.270129 0.664126 50.000000
0.065507 0.241067 0.662697 50.000000
0.067889 0.104335 0.663173 50.000000
0.101239 0.012863 0.664126 50.000000
0.111243 0.012863 0.662697 50.000000
0.121725 0.022392 0.663173 50.000000
0.220343 0.238209 0.664602 50.000000
0.225107 -0.499762 0.665555 50.000000
0.227966 -0.300619 0.663173 50.000000
0.237970 0.046689 0.666984 50.000000
0.240829 0.394474 0.663173 50.000000
0.240829 0.355884 0.663649 50.000000
0.241782 0.306336 0.666984 50.000000
0.242258 -0.046689 0.664126 50.000000
0.244164 -0.222487 0.666031 50.000000
0.255121 0.503573 0.666984 50.000000
0.255598 0.117199 0.663649 50.000000
0.262744 0.286803 0.664126 50.000000
0.265603 0.147213 0.664602 50.000000
0.268461 -0.112911 0.663173 50.000000
0.273702 0.266794 0.663173 50.000000
-0.172225 -0.323487 0.670319 50.000000
-0.165555 -0.071463 0.669843 51.000000
-0.164126 -0.188661 0.671272 51.000000
-0.141258 -0.336351 0.670796 50.000000
-0.136494 -0.050977 0.667937 51.000000
-0.128871 0.291091 0.669843 53.000000
-0.116484 -0.061458 0.667461 51.000000
-0.095522 -0.135779 0.668414 51.000000
-0.089328 0.098142 0.668890 50.000000
-0.082182 -0.256789 0.667461 50.000000
-0.045021 -0.137685 0.667937 51.000000
-0.021677 0.203430 0.670796 50.000000
-0.012625 0.356837 0.670319 53.000000
-0.000715 0.095760 0.668890 50.000000
0.056932 0.231539 0.668890 50.000000
0.057408 -0.153406 0.667461 52.000000
0.062172 0.012863 0.671749 52.000000
0.118390 0.220105 0.671749 50.000000
0.124107 0.010481 0.671749 50.000000
0.179371 -0.229157 0.669366 50.000000
0.216532 -0.289185 0.667461 50.000000
0.232253 -0.189138 0.671749 50.000000
0.237970 0.056694 0.668414 50.000000
0.246070 -0.363983 0.667461 50.000000
0.256551 0.523583 0.669843 50.000000
0.266555 0.484040 0.670319 50.000000
0.265603 0.196760 0.668890 50.000000
-0.183659 -0.212006 0.676513 50.000000
-0.114578 -0.147689 0.674607 51.000000
-0.106479 -0.063364 0.672701 51.000000
-0.102192 -0.246308 0.672225 50.000000
-0.084564 -0.138637 0.676513 51.000000
-0.077894 0.017151 0.673654 51.000000
-0.077894 -0.002858 0.673178 51.000000
-0.060743 0.290138 0.673178 53.000000
-0.059790 0.154836 0.676513 50.000000
-0.040734 0.212959 0.676513 50.000000
-0.020248 0.125298 0.674607 50.000000
0.018818 0.163411 0.674130 50.000000
0.028347 0.173416 0.672701 50.000000
0.028823 -0.175798 0.675560 52.000000
0.039781 0.123392 0.676513 50.000000
0.049786 0.113387 0.674607 50.000000
0.077894 0.259647 0.674607 50.000000
0.089805 0.161505 0.676036 50.000000
0.152215 -0.286327 0.675083 50.000000
0.215102 -0.375417 0.674130 50.000000
0.217485 0.076703 0.675083 50.000000
0.226060 -0.090996 0.676036 50.000000
0.228918 -0.270129 0.676513 50.000000
0.228918 -0.402096 0.675083 50.000000
0.239400 -0.124345 0.675560 50.000000
0.241305 -0.404478 0.676513 50.000000
0.251310 -0.146737 0.672701 50.000000
0.260838 -0.125298 0.672701 50.000000
0.262268 -0.272987 0.674130 50.000000
0.263221 -0.405431 0.672225 50.000000
0.267985 0.494521 0.674607 50.000000
0.266555 0.444497 0.673654 50.000000
0.266555 0.335874 0.676513 50.000000
0.266555 0.236303 0.674130 50.000000
0.267508 0.186279 0.674607 50.000000
-0.184612 -0.083849 0.679371 51.000000
-0.184612 -0.104812 0.679371 51.000000
-0.141734 -0.282039 0.680324 50.000000
-0.116484 -0.002858 0.679371 51.000000
-0.105050 -0.096236 0.679848 51.000000
-0.079800 0.338256 0.677942 53.000000
-0.057408 0.015722 0.679371 51.000000
-0.055979 -0.055741 0.677465 51.000000
-0.030729 0.251072 0.679848 50.000000
-0.018818 0.064793 0.679371 50.000000
0.049786 0.132920 0.676989 50.000000
0.057885 0.337303 0.676989 50.000000
0.068842 0.433540 0.676989 50.000000
0.078847 0.240114 0.677465 50.000000
0.085040 -0.030014 0.676989 52.000000
0.106003 -0.020962 0.678895 52.000000
0.237970 -0.237732 0.679848 50.000000
0.238447 -0.368271 0.680324 50.000000
0.240353 -0.495950 0.681277 50.000000
0.247022 0.226298 0.680800 50.000000
0.247975 0.146260 0.676989 50.000000
0.249881 0.105288 0.679848 50.000000
0.245593 -0.192473 0.678895 50.000000
0.254169 -0.523106 0.678418 50.000000
0.257027 0.355884 0.681277 50.000000
0.257027 0.345879 0.681277 50.000000
0.263221 0.043354 0.677942 50.000000
0.259886 -0.093854 0.676989 50.000000
0.268938 0.215817 0.680800 50.000000
0.271320 0.124821 0.680324 50.000000
-0.223202 -0.235827 0.683659 50.000000
-0.183182 -0.203907 0.685565 50.000000
-0.176036 0.300619 0.682230 53.000000
-0.176036 0.116722 0.682706 50.000000
-0.170796 -0.353025 0.685088 50.000000
-0.162697 -0.226775 0.686041 50.000000
-0.097904 0.106241 0.681753 50.000000
-0.100286 -0.295379 0.681753 50.000000
-0.094569 -0.108147 0.683182 51.000000
-0.055026 -0.077656 0.682706 51.000000
-0.006432 -0.017151 0.681753 50.000000
0.003573 -0.007623 0.683659 50.000000
0.009290 0.337303 0.683659 53.000000
0.012625 0.032873 0.682706 50.000000
0.022153 0.062887 0.683659 50.000000
0.032158 0.072415 0.684135 50.000000
0.040734 0.171510 0.684612 50.000000
0.056932 -0.071939 0.682706 52.000000
0.057408 -0.092901 0.682230 52.000000
0.075512 -0.020486 0.681753 52.000000
0.085040 -0.000476 0.683182 52.000000
0.204621 0.266794 0.685088 50.000000
0.208909 -0.520248 0.685088 50.000000
0.219390 -0.271558 0.683182 50.000000
0.227966 -0.483087 0.685088 50.000000
0.244640 0.001906 0.682706 50.000000
0.258933 0.404955 0.686041 50.000000
0.257980 0.394950 0.682230 50.000000
0.257980 0.246308 0.681753 50.000000
0.258456 -0.205812 0.682230 50.000000
0.260362 0.135303 0.681753 50.000000
0.260838 -0.229157 0.682230 50.000000
0.269414 0.275846 0.684135 50.000000
0.272273 -0.075274 0.685565 50.000000
-0.194616 0.357313 0.688900 53.000000
-0.194616 0.300143 0.689852 53.000000
-0.185088 0.096713 0.687470 50.000000
-0.153168 -0.171987 0.686517 51.000000
-0.146022 0.414483 0.690805 50.000000
-0.123154 -0.161982 0.686517 51.000000
-0.117437 0.271081 0.688423 53.000000
-0.096951 0.085279 0.687470 50.000000
-0.096475 0.045260 0.688900 51.000000
-0.078847 0.347785 0.687470 53.000000
-0.042163 -0.154359 0.687947 51.000000
-0.037399 0.093378 0.689852 50.000000
-0.009290 0.269652 0.690805 50.000000
0.000715 0.201525 0.687947 50.000000
0.005002 -0.029061 0.687947 50.000000
0.010719 0.414483 0.688423 53.000000
0.020248 0.347308 0.687947 53.000000
0.030729 0.259647 0.690805 50.000000
0.032635 0.081944 0.688900 50.000000
0.073606 0.090519 0.689852 50.000000
0.100762 -0.107194 0.686517 52.000000
0.102668 0.179609 0.690805 50.000000
0.116960 0.037637 0.690805 50.000000
0.122677 0.424488 0.690805 50.000000
0.178895 0.066222 0.689852 50.000000
0.186517 0.514054 0.687947 50.000000
0.206050 0.464507 0.686517 50.000000
0.203192 -0.017627 0.687470 50.000000
0.216532 0.286327 0.688900 50.000000
0.215102 -0.333016 0.689852 50.000000
0.212720 -0.431634 0.689852 50.000000
0.226536 0.375417 0.686994 50.000000
0.227013 0.355884 0.688900 50.000000
0.228918 -0.228204 0.689376 50.000000
0.241305 -0.095760 0.689376 50.000000
0.245593 0.011434 0.687470 50.000000
0.249881 -0.218199 0.686994 50.000000
0.258456 -0.174369 0.690329 50.000000
0.259886 0.275846 0.689852 50.000000
0.261315 -0.337780 0.689376 50.000000
0.270843 0.225345 0.686517 50.000000
0.269890 -0.175322 0.689852 50.000000
-0.185088 0.252025 0.693187 53.000000
-0.165555 0.309671 0.695569 53.000000
-0.165079 0.035255 0.695569 51.000000
-0.144116 -0.068128 0.695569 51.000000
-0.123630 -0.109576 0.691758 51.000000
-0.116960 0.241544 0.694140 53.000000
-0.114102 -0.089090 0.692234 51.000000
-0.097427 0.251072 0.693664 53.000000
-0.096475 0.054788 0.692234 51.000000
-0.075989 0.053835 0.694616 51.000000
-0.074083 -0.069557 0.693664 51.000000
-0.074083 -0.079562 0.692711 51.000000
-0.060267 -0.210576 0.694616 51.000000
-0.018342 0.289185 0.695569 50.000000
-0.008814 0.366365 0.694140 53.000000
-0.007384 0.102430 0.692234 50.000000
0.001191 0.298714 0.695569 53.000000
-0.001667 -0.114340 0.692711 50.000000
0.015007 0.010481 0.693187 52.000000
0.035017 0.020486 0.691758 52.000000
0.032158 -0.191996 0.692234 52.000000
0.054073 -0.204859 0.693187 52.000000
0.072177 0.199619 0.693664 50.000000
0.102192 0.287756 0.692711 50.000000
0.112196 0.297284 0.693187 50.000000
0.211768 -0.286327 0.693187 50.000000
0.218914 0.464983 0.692711 50.000000
0.228442 0.365412 0.693664 50.000000
0.241782 0.144831 0.693187 50.000000
0.257027 -0.141972 0.693664 50.000000
0.257027 -0.279181 0.693664 50.000000
0.258933 -0.424964 0.691282 50.000000
0.257504 -0.517866 0.694616 50.000000
0.265603 -0.245355 0.695093 50.000000
0.265603 -0.255836 0.691758 50.000000
0.271320 0.315388 0.692234 50.000000
-0.190805 -0.358742 0.699381 50.000000
-0.184612 0.055264 0.696999 51.000000
-0.126489 0.270605 0.696999 53.000000
-0.123630 -0.069557 0.699857 51.000000
-0.113149 -0.121963 0.696999 51.000000
-0.109814 -0.277275 0.696522 50.000000
-0.075036 0.002382 0.696046 51.000000
-0.064078 -0.375893 0.700334 50.000000
-0.057885 0.347308 0.696046 53.000000
-0.047880 0.201525 0.696999 50.000000
-0.037875 0.201525 0.696046 50.000000
-0.018342 0.395426 0.696522 53.000000
-0.008337 0.327775 0.696522 53.000000
0.002144 0.249643 0.699857 50.000000
0.004050 0.080991 0.699381 50.000000
0.013578 0.131015 0.698904 50.000000
0.016436 -0.000953 0.698904 52.000000
0.022153 0.259171 0.698428 50.000000
0.036446 -0.000953 0.696522 52.000000
0.043592 0.160076 0.700334 50.000000
0.052644 0.268699 0.699857 50.000000
0.054550 0.100048 0.697951 50.000000
0.113626 0.424964 0.696522 50.000000
0.115055 0.158647 0.696999 50.000000
0.163649 -0.028109 0.697951 50.000000
0.207956 0.316341 0.696522 50.000000
0.233206 0.103859 0.696999 50.000000
0.240829 0.315865 0.698904 50.000000
0.243211 -0.363983 0.699381 50.000000
0.249881 -0.439257 0.696999 50.000000
0.254645 0.123392 0.696999 50.000000
0.254645 -0.479276 0.698428 50.000000
0.257980 0.060981 0.699381 50.000000
0.261791 0.285374 0.696046 50.000000
0.267985 0.070986 0.696999 50.000000
-0.203668 -0.017151 0.703668 51.000000
-0.174607 0.162935 0.705098 53.000000
-0.174131 -0.016675 0.700810 51.000000
-0.162697 -0.132920 0.702239 51.000000
-0.154597 0.033349 0.703192 51.000000
-0.141734 -0.188661 0.703668 51.000000
-0.129347 -0.291091 0.704621 50.000000
-0.118866 -0.291567 0.703668 50.000000
-0.116008 0.299190 0.705098 53.000000
-0.113626 -0.080515 0.700810 51.000000
-0.096475 0.231062 0.702239 53.000000
-0.086470 0.279657 0.703668 53.000000
-0.076941 0.250119 0.703668 50.000000
-0.066937 0.211053 0.703668 50.000000
-0.065031 0.021915 0.701286 51.000000
-0.054073 -0.020010 0.702239 51.000000
-0.031682 -0.104335 0.700810 50.000000
-0.027394 0.288709 0.704145 50.000000
-0.027394 0.240114 0.702239 50.000000
-0.017866 0.269176 0.700810 50.000000
-0.016913 0.210100 0.704621 50.000000
-0.006432 0.151024 0.702239 50.000000
0.025488 0.079562 0.704621 50.000000
0.033111 0.209624 0.701286 50.000000
0.054073 -0.163888 0.704145 52.000000
0.070272 -0.045736 0.703668 52.000000
0.115055 0.217723 0.702239 50.000000
0.116008 0.207718 0.705098 50.000000
0.125536 0.227727 0.703192 50.000000
0.215579 0.041448 0.702239 50.000000
0.220343 -0.476894 0.702716 50.000000
0.223202 0.515960 0.703668 50.000000
0.227013 -0.163888 0.701286 50.000000
0.234636 -0.256789 0.703668 50.000000
0.237970 -0.303478 0.701286 50.000000
0.241782 0.355884 0.702239 50.000000
0.243687 0.174369 0.701763 50.000000
0.247975 0.081467 0.705098 50.000000
0.252263 0.315388 0.701286 50.000000
0.251310 -0.317294 0.702239 50.000000
0.255121 -0.468795 0.704145 50.000000
0.264173 0.295379 0.702716 50.000000
0.264650 0.415436 0.703192 50.000000
0.266079 0.173416 0.703192 50.000000
-0.213197 -0.070033 0.707956 50.000000
-0.203192 -0.112911 0.709385 51.000000
-0.181277 -0.291091 0.707003 50.000000
-0.174607 0.202001 0.708909 53.000000
-0.155074 0.299190 0.708433 53.000000
-0.135064 0.142449 0.709862 53.000000
-0.115055 0.102430 0.707956 50.000000
-0.106003 0.201525 0.707956 53.000000
-0.105050 0.102430 0.707956 50.000000
-0.095998 0.337780 0.707956 53.000000
-0.075512 0.121963 0.707480 50.000000
-0.068842 -0.225345 0.705574 50.000000
-0.046927 0.347308 0.706527 53.000000
-0.025965 0.190567 0.708433 50.000000
-0.022153 -0.052882 0.705574 50.000000
-0.019771 -0.128156 0.707480 50.000000
0.003573 0.209624 0.707480 50.000000
0.060267 -0.046212 0.706051 52.000000
0.064555 0.287756 0.708909 50.000000
0.075036 0.405431 0.709385 50.000000
0.078847 -0.222487 0.707480 52.000000
0.088375 0.056694 0.707480 50.000000
0.106003 0.207718 0.707956 50.000000
0.208909 -0.011910 0.708433 50.000000
0.214150 -0.109100 0.707956 50.000000
0.243211 0.285374 0.707003 50.000000
0.255121 0.234397 0.708433 50.000000
0.257504 0.111958 0.705574 50.000000
0.257980 -0.090519 0.708433 50.000000
0.260362 -0.394474 0.708909 50.000000
0.272749 0.048118 0.709385 50.000000
0.269890 -0.112911 0.706527 50.000000
-0.193664 0.289662 0.711767 53.000000
-0.192711 -0.124345 0.712244 51.000000
-0.192234 -0.189614 0.710338 51.000000
-0.183659 0.000953 0.714150 51.000000
-0.173178 -0.040495 0.713673 51.000000
-0.173178 -0.050977 0.713197 51.000000
-0.172225 -0.135779 0.711767 51.000000
-0.170319 -0.293949 0.714626 50.000000
-0.153645 0.000953 0.712244 51.000000
-0.134588 0.102430 0.711291 50.000000
-0.093140 -0.020962 0.711767 51.000000
-0.084088 0.030491 0.710815 51.000000
-0.087899 -0.249643 0.712720 50.000000
-0.046451 0.288709 0.710815 53.000000
-0.025965 0.200095 0.710815 50.000000
-0.011672 -0.023344 0.712720 50.000000
-0.004050 0.059076 0.710338 50.000000
0.004526 0.346832 0.713673 53.000000
0.038828 0.006193 0.712244 52.000000
0.046451 0.098142 0.710815 50.000000
0.048833 0.015722 0.712720 52.000000
0.086470 0.187708 0.712244 50.000000
0.086946 0.177704 0.713197 50.000000
0.090757 0.034778 0.714626 50.000000
0.091234 -0.016675 0.710338 52.000000
0.101715 -0.225345 0.711767 52.000000
0.106003 0.395426 0.710338 50.000000
0.209862 -0.466889 0.712244 50.000000
0.230348 -0.318247 0.710815 50.000000
0.244164 -0.035731 0.711291 50.000000
0.244640 -0.046689 0.711767 50.000000
0.246546 0.466413 0.713673 50.000000
0.254169 -0.015245 0.711767 50.000000
0.257980 0.496903 0.711767 50.000000
0.256074 0.254407 0.711291 50.000000
0.257027 0.203430 0.712244 50.000000
0.260838 -0.124345 0.711291 50.000000
0.262268 -0.136255 0.713197 50.000000
0.267985 0.436398 0.712244 50.000000
0.267508 0.335398 0.714626 50.000000
0.267985 0.223916 0.712720 50.000000
0.265126 0.005241 0.714626 50.000000
0.266555 -0.027156 0.714150 50.000000
-0.173178 -0.009528 0.715102 51.000000
-0.171748 -0.180562 0.715579 51.000000
-0.154597 0.211053 0.716532 53.000000
-0.137923 -0.332063 0.718437 50.000000
-0.133635 0.030491 0.716532 51.000000
-0.125060 0.337780 0.715579 53.000000
-0.124107 0.071463 0.715102 50.000000
-0.123154 -0.010958 0.716532 51.000000
-0.122201 -0.094807 0.715102 51.000000
-0.117437 -0.319676 0.716532 50.000000
-0.114578 0.318247 0.717961 53.000000
-0.103621 0.060029 0.719390 51.000000
-0.103144 -0.011434 0.716055 51.000000
-0.092663 -0.031920 0.715579 51.000000
-0.082182 -0.032873 0.717961 51.000000
-0.077894 -0.218199 0.718914 51.000000
-0.073606 -0.369223 0.715102 50.000000
-0.045498 0.357313 0.715102 53.000000
-0.043116 0.018580 0.715102 50.000000
-0.031682 -0.003335 0.719390 50.000000
-0.024536 0.139590 0.716055 50.000000
-0.003573 0.088614 0.716055 50.000000
0.008814 0.006193 0.717485 50.000000
0.079800 0.055741 0.715579 50.000000
0.086946 0.316818 0.718914 50.000000
0.086470 0.267270 0.715579 50.000000
0.121248 -0.171510 0.716055 52.000000
0.158409 -0.042878 0.718437 50.000000
0.236541 0.466413 0.717008 50.000000
0.239400 0.111005 0.718437 50.000000
0.236065 -0.058123 0.717485 50.000000
0.239876 -0.407813 0.716055 50.000000
0.247975 0.213435 0.719390 50.000000
0.249881 0.131491 0.718437 50.000000
0.248452 -0.080515 0.716532 50.000000
0.247499 -0.227251 0.717008 50.000000
0.254169 0.026203 0.719390 50.000000
0.257504 0.375417 0.717485 50.000000
0.267985 0.375417 0.715579 50.000000
0.270367 0.477370 0.717485 50.000000
-0.223202 -0.030967 0.721296 50.000000
-0.148880 -0.297284 0.721772 50.000000
-0.111720 -0.054312 0.723202 51.000000
-0.104574 0.239638 0.723202 53.000000
-0.083135 -0.384469 0.722249 50.000000
-0.062649 0.058599 0.724154 51.000000
-0.054550 0.229157 0.721772 50.000000
-0.044069 0.159600 0.722725 50.000000
-0.034540 0.238685 0.723678 50.000000
-0.022153 0.037161 0.721772 50.000000
-0.006908 -0.143402 0.720819 50.000000
0.007861 0.067175 0.721772 50.000000
0.019295 0.035731 0.722725 50.000000
0.046927 0.227727 0.723678 50.000000
0.087899 0.217246 0.720343 50.000000
0.094569 -0.030014 0.722249 52.000000
0.210815 -0.320629 0.722249 50.000000
0.214626 -0.369700 0.721296 50.000000
0.228918 0.151977 0.723678 50.000000
0.232253 -0.298714 0.723202 50.000000
0.259409 0.263935 0.722249 50.000000
0.266555 0.024774 0.722725 50.000000
0.267508 -0.172940 0.722249 50.000000
0.271796 0.487851 0.722249 50.000000
-0.212720 -0.032873 0.728919 51.000000
-0.200810 -0.309195 0.726060 50.000000
-0.193187 0.279657 0.727013 53.000000
-0.171272 -0.151501 0.728442 51.000000
-0.170796 -0.195331 0.727013 51.000000
-0.163649 0.190091 0.728442 53.000000
-0.153645 0.318247 0.724631 53.000000
-0.147928 -0.333969 0.724631 50.000000
-0.142687 0.018580 0.727013 51.000000
-0.136970 -0.348261 0.728919 50.000000
-0.122677 0.028585 0.726537 51.000000
-0.103621 0.159600 0.728919 50.000000
-0.080753 -0.055741 0.726060 51.000000
-0.074083 0.317770 0.727489 53.000000
-0.070748 -0.046212 0.727966 51.000000
-0.064078 0.278228 0.727013 50.000000
-0.049786 -0.078132 0.725584 51.000000
-0.043592 0.208671 0.728442 50.000000
-0.033587 0.158647 0.727013 50.000000
-0.024059 0.337303 0.724631 53.000000
-0.020724 0.005241 0.727013 50.000000
-0.018342 -0.090519 0.727013 50.000000
0.016436 0.346832 0.727013 53.000000
0.016436 0.297284 0.724631 50.000000
0.019295 0.066222 0.726060 50.000000
0.026918 0.336827 0.728442 53.000000
0.027394 0.237732 0.728442 50.000000
0.040734 0.044307 0.728919 50.000000
0.046451 -0.147213 0.725107 52.000000
0.067889 0.217246 0.725107 50.000000
0.072654 0.022392 0.728919 50.000000
0.070748 -0.194378 0.727966 52.000000
0.099333 0.206289 0.724631 50.000000
0.115055 0.020486 0.728442 50.000000
0.116008 -0.231539 0.728442 52.000000
0.147451 0.009052 0.727489 50.000000
0.153645 0.143878 0.726060 50.000000
0.187470 0.080991 0.724631 50.000000
0.249404 0.426394 0.726060 50.000000
0.245593 -0.161505 0.728442 50.000000
0.250357 0.487851 0.725107 50.000000
0.250834 0.202477 0.727966 50.000000
0.254169 0.088137 0.728442 50.000000
0.250834 -0.242020 0.725107 50.000000
0.260838 0.243449 0.726537 50.000000
0.262268 0.151024 0.724631 50.000000
0.266555 0.066698 0.727966 50.000000
0.272273 0.191996 0.724631 50.000000
0.269890 -0.008099 0.727489 50.000000
-0.203192 0.170557 0.729395 53.000000
-0.178895 -0.372558 0.731777 50.000000
-0.171748 -0.098142 0.733206 51.000000
-0.130777 -0.109100 0.729871 51.000000
-0.123154 0.189614 0.733206 53.000000
-0.082658 0.108147 0.733206 50.000000
-0.063602 0.337303 0.731777 53.000000
-0.053121 0.168652 0.731301 50.000000
-0.043116 0.327299 0.733683 53.000000
-0.021201 0.076227 0.732730 50.000000
-0.019771 -0.016198 0.729395 50.000000
-0.009767 0.013816 0.733683 50.000000
0.007384 0.327299 0.732253 53.000000
0.017389 0.356837 0.732253 53.000000
0.027870 0.395903 0.731777 53.000000
0.030252 0.064793 0.731301 50.000000
0.037875 0.356837 0.731301 50.000000
0.049309 0.146260 0.730824 50.000000
0.062649 0.022392 0.731301 50.000000
0.065031 -0.041448 0.731777 52.000000
0.089328 0.246308 0.729395 50.000000
0.092663 -0.185803 0.732730 52.000000
0.097427 -0.053359 0.731777 52.000000
0.098380 -0.085755 0.730824 52.000000
0.107909 -0.064316 0.730348 52.000000
0.124107 0.082420 0.730824 50.000000
0.128394 -0.022868 0.731777 50.000000
0.161744 -0.035731 0.733683 50.000000
0.160791 -0.523106 0.730348 50.000000
0.198904 -0.286803 0.732730 50.000000
0.215579 -0.216770 0.729395 50.000000
0.228918 0.264412 0.732253 50.000000
0.232253 0.099095 0.730824 50.000000
0.240353 0.294426 0.733206 50.000000
0.239876 0.274416 0.731777 50.000000
0.240829 0.457361 0.730824 50.000000
0.248452 -0.185326 0.731777 50.000000
0.252739 0.457361 0.733683 50.000000
0.250357 0.304907 0.730348 50.000000
0.258456 -0.174369 0.729871 50.000000
0.261315 0.284421 0.729395 50.000000
0.260362 -0.029538 0.729395 50.000000
0.262744 -0.353978 0.731777 50.000000
0.264650 0.519295 0.732253 50.000000
-0.202239 -0.055741 0.735588 51.000000
-0.192711 0.249166 0.736541 53.000000
-0.128871 -0.188185 0.736541 51.000000
-0.111243 0.005241 0.737970 51.000000
-0.110291 -0.068604 0.737494 51.000000
-0.092663 0.208671 0.738447 53.000000
-0.073130 0.228204 0.737494 50.000000
-0.053597 -0.270605 0.735112 50.000000
-0.032635 0.277751 0.736065 50.000000
-0.022630 0.376370 0.736065 53.000000
-0.011672 0.147213 0.734636 50.000000
-0.011672 0.127203 0.735112 50.000000
-0.002144 0.337303 0.736065 53.000000
0.004050 -0.103859 0.734636 50.000000
0.007861 0.376370 0.734636 53.000000
0.007861 0.336827 0.736065 53.000000
0.030252 0.105288 0.736065 50.000000
0.039304 0.236779 0.737018 50.000000
0.038828 0.216770 0.734159 50.000000
0.037399 -0.128156 0.737494 52.000000
0.048833 0.356837 0.735588 50.000000
0.048833 -0.161029 0.734159 52.000000
0.060743 0.175798 0.737494 50.000000
0.075512 -0.031444 0.734636 52.000000
0.111720 0.215341 0.734159 50.000000
0.121248 -0.292997 0.734636 50.000000
0.132206 -0.089090 0.737018 52.000000
0.229871 0.335398 0.736065 50.000000
0.240353 -0.353502 0.737018 50.000000
0.241782 0.416865 0.736541 50.000000
0.240829 0.304907 0.736065 50.000000
0.244640 0.119104 0.736541 50.000000
0.247975 0.023821 0.735112 50.000000
0.249881 0.001429 0.738447 50.000000
0.247022 -0.141496 0.737970 50.000000
0.248452 -0.174845 0.735112 50.000000
0.252263 0.294426 0.737018 50.000000
0.254645 -0.497380 0.737970 50.000000
0.257504 0.055264 0.734636 50.000000
0.255121 -0.097189 0.737494 50.000000
0.255598 -0.510243 0.736541 50.000000
0.263697 -0.053359 0.737018 50.000000
0.267032 -0.382087 0.738447 50.000000
-0.189376 -0.351120 0.740353 50.000000
-0.180800 -0.155312 0.742258 51.000000
-0.121248 0.015722 0.739876 51.000000
-0.112673 0.168175 0.741305 53.000000
-0.102668 0.337780 0.739400 53.000000
-0.058361 -0.081467 0.740353 51.000000
-0.041687 0.127203 0.739400 50.000000
-0.006432 -0.062411 0.743211 50.000000
0.009290 0.396379 0.741782 53.000000
0.032635 0.041925 0.743211 50.000000
0.050738 0.236303 0.743211 50.000000
0.060743 0.396379 0.741782 50.000000
0.062649 0.083373 0.739876 50.000000
0.060267 -0.152454 0.739876 52.000000
0.073130 0.092901 0.741305 50.000000
0.092663 0.164840 0.739400 50.000000
0.102668 0.346355 0.743211 50.000000
0.103144 0.194855 0.740829 50.000000
0.109338 -0.034778 0.742735 52.000000
0.116960 0.029061 0.738923 50.000000
0.125536 0.122439 0.741782 50.000000
0.231777 0.416865 0.741305 50.000000
0.241782 0.283945 0.738923 50.000000
0.257504 -0.120057 0.739400 50.000000
0.265126 0.427346 0.740829 50.000000
0.264650 0.406384 0.739400 50.000000
0.264650 0.293949 0.739876 50.000000
0.267032 0.159600 0.740829 50.000000
0.266079 -0.225345 0.742735 50.000000
0.271320 0.042878 0.741305 50.000000
-0.180800 -0.144831 0.745117 51.000000
-0.171748 0.446403 0.745593 50.000000
-0.169366 -0.224393 0.747022 51.000000
-0.161744 0.046212 0.747499 51.000000
-0.152215 0.148642 0.744164 53.000000
-0.148880 -0.201525 0.744640 51.000000
-0.142687 0.228680 0.744164 53.000000
-0.122201 0.327775 0.746546 53.000000
-0.106956 -0.213435 0.743688 51.000000
-0.101715 0.117199 0.743688 50.000000
-0.089328 -0.050024 0.747022 51.000000
-0.081706 0.187708 0.746070 50.000000
-0.080276 0.003335 0.744640 51.000000
-0.078371 -0.082420 0.746070 51.000000
-0.077894 -0.093378 0.746546 51.000000
-0.072177 0.287756 0.745593 53.000000
-0.059314 -0.382563 0.745117 50.000000
-0.036922 -0.083373 0.745593 50.000000
-0.021201 0.297284 0.746546 50.000000
-0.005479 -0.074321 0.747499 50.000000
0.009767 0.386374 0.745593 53.000000
0.019771 0.236779 0.744164 50.000000
0.020248 0.206289 0.744640 50.000000
0.040257 0.336827 0.743688 50.000000
0.040734 0.226298 0.744640 50.000000
0.053121 0.082897 0.743688 50.000000
0.054073 0.051453 0.745117 50.000000
0.065984 0.008576 0.747022 52.000000
0.072177 0.255836 0.747022 50.000000
0.071224 -0.143402 0.745117 52.000000
0.108385 0.017627 0.747022 50.000000
0.122201 -0.068604 0.745117 52.000000
0.156980 0.436875 0.745117 50.000000
0.208909 -0.030014 0.746546 50.000000
0.222725 -0.392568 0.745117 50.000000
0.229395 -0.342544 0.744164 50.000000
0.233683 0.437351 0.747022 50.000000
0.233206 0.232492 0.745117 50.000000
0.245117 0.222010 0.747022 50.000000
0.241782 -0.200572 0.745593 50.000000
0.249404 0.054312 0.744640 50.000000
0.249881 0.032873 0.743688 50.000000
0.251310 0.011434 0.744164 50.000000
0.250834 -0.309195 0.747499 50.000000
0.250834 -0.446403 0.744164 50.000000
0.255598 0.437828 0.745593 50.000000
0.258456 0.117199 0.745593 50.000000
0.259409 0.096236 0.746070 50.000000
0.269414 -0.261553 0.744640 50.000000
0.272273 -0.286803 0.746546 50.000000
-0.182230 0.278228 0.748452 53.000000
-0.169366 -0.236779 0.748928 50.000000
-0.162220 0.268223 0.750834 53.000000
-0.150310 -0.071463 0.752739 51.000000
-0.087423 -0.115769 0.749881 51.000000
-0.071224 0.416389 0.749881 53.000000
-0.071701 0.277275 0.748928 50.000000
-0.041210 0.277275 0.748452 50.000000
-0.028823 0.073845 0.751787 50.000000
-0.010243 0.346832 0.751787 53.000000
-0.004050 -0.097189 0.750834 50.000000
0.010243 0.216293 0.748452 50.000000
0.025012 -0.022392 0.749881 52.000000
0.031205 0.366365 0.751310 53.000000
0.051691 0.376370 0.751310 50.000000
0.052644 0.194855 0.752263 50.000000
0.053597 -0.211529 0.749881 50.000000
0.062172 0.225345 0.748928 50.000000
0.073606 0.194378 0.752739 50.000000
0.083135 0.214864 0.748452 50.000000
0.081706 -0.111958 0.750834 52.000000
0.094092 0.416865 0.750834 50.000000
0.208909 -0.484516 0.751310 50.000000
0.227489 0.086232 0.751310 50.000000
0.229395 -0.320152 0.750834 50.000000
0.234636 0.365889 0.751787 50.000000
0.236541 -0.099571 0.752263 50.000000
0.244164 -0.033349 0.750834 50.000000
0.256074 0.396379 0.748452 50.000000
0.256551 0.324917 0.751787 50.000000
0.259409 0.158647 0.752739 50.000000
0.258456 -0.078609 0.752263 50.000000
0.256074 -0.348738 0.752739 50.000000
0.268461 0.386374 0.752263 50.000000
0.267985 0.324917 0.752263 50.000000
-0.181753 0.228204 0.755122 53.000000
-0.181753 0.013816 0.753216 51.000000
-0.170796 -0.039066 0.754169 51.000000
-0.100762 0.136255 0.756074 50.000000
-0.098380 -0.073368 0.757027 51.000000
-0.091710 -0.360648 0.755598 50.000000
-0.070272 0.466889 0.753216 50.000000
-0.070748 0.297284 0.757504 53.000000
-0.070748 0.186756 0.754169 50.000000
-0.060743 0.357313 0.756074 53.000000
-0.057885 -0.010005 0.755598 51.000000
-0.038352 0.072892 0.757504 50.000000
-0.009767 0.376370 0.754645 53.000000
-0.007861 0.103383 0.756551 50.000000
0.021201 0.386374 0.753216 53.000000
0.021677 0.366365 0.755598 53.000000
0.032158 0.265841 0.756551 50.000000
0.035493 0.008576 0.754169 52.000000
0.066460 0.039066 0.754169 50.000000
0.075512 0.132444 0.756551 50.000000
0.084564 0.204383 0.753692 50.000000
0.110291 0.005717 0.753216 50.000000
0.139352 0.151501 0.756074 50.000000
0.149357 0.161505 0.754645 50.000000
0.156027 -0.050500 0.753692 52.000000
0.214626 0.458313 0.756074 50.000000
0.235588 0.304431 0.755122 50.000000
0.245117 -0.477847 0.756551 50.000000
0.248452 0.489757 0.754645 50.000000
0.247499 -0.374464 0.757504 50.000000
0.258933 -0.374940 0.754645 50.000000
0.271320 0.168175 0.756074 50.000000
-0.199381 -0.358742 0.759409 50.000000
-0.188899 -0.311101 0.760839 50.000000
-0.171272 0.074798 0.762268 51.000000
-0.171272 0.044307 0.758933 51.000000
-0.150310 0.001906 0.758456 51.000000
-0.149833 -0.040972 0.759886 51.000000
-0.149833 -0.062411 0.760362 51.000000
-0.141258 0.247261 0.762268 53.000000
-0.121248 0.277275 0.758933 53.000000
-0.118390 -0.095283 0.759409 51.000000
-0.108861 -0.010005 0.761791 51.000000
-0.093140 -0.289185 0.758456 50.000000
-0.059314 0.083849 0.757980 50.000000
-0.055979 -0.065269 0.762268 51.000000
-0.028823 0.215817 0.762268 50.000000
-0.028823 0.144831 0.759886 50.000000
-0.018818 0.215817 0.760362 50.000000
-0.015007 -0.033349 0.759409 50.000000
-0.006908 0.081944 0.762268 50.000000
0.033111 0.224869 0.762268 50.000000
0.033111 -0.202001 0.759409 52.000000
0.043592 0.426870 0.760362 50.000000
0.053597 0.346355 0.759886 50.000000
0.059790 -0.068604 0.757980 52.000000
0.096475 0.223916 0.762268 50.000000
0.096951 0.192949 0.761791 50.000000
0.117913 0.182468 0.758933 50.000000
0.155550 -0.379228 0.760839 50.000000
0.166031 0.023344 0.761315 50.000000
0.178895 -0.031444 0.760839 50.000000
0.217008 -0.423535 0.760362 50.000000
0.240353 -0.113387 0.762268 50.000000
0.254645 0.040495 0.760839 50.000000
0.252263 -0.288709 0.759409 50.000000
0.251787 -0.414483 0.759886 50.000000
0.273702 0.125298 0.759886 50.000000
-0.221772 -0.051930 0.766079 50.000000
-0.181277 0.053835 0.762744 51.000000
-0.180324 -0.095760 0.766555 51.000000
-0.151263 0.237256 0.762744 53.000000
-0.109338 0.062887 0.765603 51.000000
-0.069795 0.236303 0.765603 50.000000
-0.069795 0.195808 0.764650 50.000000
-0.059314 0.185803 0.762744 50.000000
-0.049309 0.195808 0.764173 50.000000
-0.039304 0.296808 0.764173 50.000000
-0.036446 0.019057 0.766079 50.000000
-0.027394 0.092425 0.766079 50.000000
-0.025012 -0.034302 0.765126 50.000000
-0.023583 -0.088614 0.765603 50.000000
-0.006432 0.091949 0.765126 50.000000
0.002144 0.245831 0.764173 50.000000
0.003097 0.184374 0.767032 50.000000
0.004526 0.070510 0.765603 50.000000
0.005002 0.029061 0.763697 50.000000
0.020248 -0.134350 0.763221 52.000000
0.075512 0.234397 0.764650 50.000000
0.085993 0.376370 0.763697 50.000000
0.085993 0.254883 0.763697 50.000000
0.115055 -0.050977 0.766079 52.000000
0.145545 0.012387 0.766079 50.000000
0.227966 0.417342 0.765603 50.000000
0.238923 0.459266 0.762744 50.000000
0.238923 0.427823 0.765603 50.000000
0.238447 -0.069081 0.765126 50.000000
0.243211 0.083373 0.766555 50.000000
0.245117 0.018580 0.764650 50.000000
0.248928 0.345403 0.762744 50.000000
0.251310 0.501191 0.764173 50.000000
0.250357 0.199619 0.764650 50.000000
0.262744 0.480229 0.766079 50.000000
0.262268 0.178180 0.764650 50.000000
0.262268 -0.070986 0.767032 50.000000
0.272749 0.459266 0.762744 50.000000
-0.200810 -0.074321 0.769414 51.000000
-0.189852 -0.185326 0.768461 51.000000
-0.170796 0.267270 0.770843 53.000000
-0.160791 0.145784 0.767508 53.000000
-0.159362 -0.086708 0.771320 51.000000
-0.134588 -0.327775 0.769890 50.000000
-0.108385 0.009528 0.769414 51.000000
-0.093140 -0.257265 0.768461 50.000000
-0.087899 0.019533 0.771320 51.000000
-0.068842 -0.343020 0.771320 50.000000
-0.060267 -0.282039 0.768461 50.000000
-0.047880 0.123392 0.769414 50.000000
-0.043116 -0.133397 0.768938 51.000000
-0.038352 0.265841 0.771320 50.000000
-0.027870 0.265841 0.770367 50.000000
-0.010243 -0.157218 0.769414 50.000000
0.005955 0.017151 0.768938 50.000000
0.026441 0.048595 0.768938 50.000000
0.044545 0.386851 0.767985 50.000000
0.065984 0.325869 0.770367 50.000000
0.067889 -0.206765 0.768938 52.000000
0.076941 0.437828 0.769414 50.000000
0.086946 0.274893 0.769414 50.000000
0.109338 0.181991 0.769414 50.000000
0.118390 0.376370 0.767508 50.000000
0.180800 -0.022392 0.769890 50.000000
0.190805 -0.504050 0.769890 50.000000
0.226536 -0.507384 0.767508 50.000000
0.230824 0.147213 0.769890 50.000000
0.251787 0.209624 0.769414 50.000000
0.252263 -0.092901 0.768461 50.000000
0.255598 0.060981 0.767985 50.000000
0.272749 -0.485946 0.767508 50.000000
-0.209862 -0.327775 0.774178 50.000000
-0.200334 -0.153406 0.775607 51.000000
-0.178895 -0.210100 0.773702 51.000000
-0.168890 -0.131491 0.776084 51.000000
-0.159362 -0.065269 0.773702 51.000000
-0.140305 0.216293 0.775131 53.000000
-0.140305 0.206289 0.772273 53.000000
-0.125536 -0.222487 0.772749 51.000000
-0.109338 0.205812 0.776084 53.000000
-0.079800 -0.331586 0.773702 50.000000
-0.076465 -0.013340 0.774178 51.000000
-0.067889 0.122916 0.776560 50.000000
-0.057408 0.070986 0.772749 51.000000
-0.055979 -0.002858 0.773225 51.000000
-0.041687 -0.157694 0.776084 51.000000
-0.034064 -0.057170 0.772273 50.000000
-0.015960 0.142449 0.776084 50.000000
-0.005002 0.059076 0.772749 50.000000
0.008814 -0.059552 0.775131 50.000000
0.024535 0.326346 0.775607 53.000000
0.024535 0.275369 0.775607 50.000000
0.028347 0.004764 0.775131 52.000000
0.035493 0.386851 0.774655 50.000000
0.060743 0.014293 0.775607 52.000000
0.060743 -0.007146 0.773702 52.000000
0.077894 0.386851 0.775607 50.000000
0.098857 0.305384 0.775131 50.000000
0.099333 0.202477 0.774655 50.000000
0.100286 0.140067 0.774655 50.000000
0.109814 0.407337 0.776084 50.000000
0.116484 -0.031444 0.776560 52.000000
0.186041 0.459266 0.773225 50.000000
0.197475 0.469748 0.773225 50.000000
0.193187 -0.034778 0.772749 50.000000
0.226060 0.006670 0.776084 50.000000
0.230348 -0.081467 0.774178 50.000000
0.242735 0.501667 0.773225 50.000000
0.244640 -0.292997 0.774178 50.000000
0.247022 0.038590 0.773702 50.000000
0.249404 -0.005241 0.775607 50.000000
0.254169 0.512149 0.772273 50.000000
0.263221 -0.233921 0.772749 50.000000
0.267032 0.523106 0.776084 50.000000
0.273225 -0.200095 0.776084 50.000000
-0.160314 0.205812 0.777513 53.000000
-0.160314 0.164840 0.778942 53.000000
-0.159362 -0.001906 0.778466 51.000000
-0.159362 -0.044783 0.778942 51.000000
-0.114102 -0.236779 0.779419 50.000000
-0.108861 0.194855 0.781325 53.000000
-0.108861 0.153883 0.779895 50.000000
-0.110767 -0.382087 0.779419 50.000000
-0.081706 -0.260600 0.777037 50.000000
-0.067413 -0.359219 0.779895 50.000000
-0.037399 0.245355 0.778942 50.000000
-0.035017 0.027156 0.779419 50.000000
-0.015007 0.090043 0.777990 50.000000
0.025488 0.254883 0.779419 50.000000
0.040734 -0.018580 0.780848 52.000000
0.062172 -0.019057 0.780848 52.000000
0.106003 -0.259647 0.779895 50.000000
0.110291 0.294902 0.779419 50.000000
0.133635 0.128156 0.777990 50.000000
0.144116 0.438304 0.780848 50.000000
0.143163 0.201048 0.777990 50.000000
0.158885 0.010005 0.777037 50.000000
0.198904 0.480229 0.777990 50.000000
0.230824 0.251548 0.777513 50.000000
0.235112 0.102906 0.779895 50.000000
0.235112 -0.445450 0.777037 50.000000
0.245117 0.512625 0.780372 50.000000
0.243687 -0.395903 0.781325 50.000000
0.245593 0.123869 0.779895 50.000000
0.247975 0.070033 0.781325 50.000000
0.250357 -0.198666 0.777990 50.000000
0.255121 -0.396379 0.778466 50.000000
0.262268 -0.017627 0.777990 50.000000
-0.190805 0.133873 0.782754 50.000000
-0.189376 -0.166746 0.782754 51.000000
-0.179848 -0.024297 0.784183 51.000000
-0.143163 -0.395426 0.784659 50.000000
-0.129347 0.327299 0.782277 53.000000
-0.128394 0.049547 0.784659 51.000000
-0.126965 -0.089566 0.781801 51.000000
-0.122201 -0.346832 0.785612 50.000000
-0.070272 -0.252025 0.785136 50.000000
-0.065507 0.006193 0.782754 51.000000
-0.065031 -0.423059 0.781801 50.000000
-0.057408 0.296332 0.783707 50.000000
-0.057408 0.194378 0.781801 50.000000
-0.046927 0.306336 0.786089 50.000000
-0.036446 0.336827 0.785612 53.000000
-0.026441 0.285850 0.782754 50.000000
-0.030729 -0.137685 0.782754 50.000000
-0.015960 0.254883 0.783707 50.000000
0.005479 0.417818 0.782754 53.000000
0.026441 0.243926 0.786089 50.000000
0.037875 0.130062 0.781801 50.000000
0.043116 -0.073845 0.783707 52.000000
0.083611 0.001429 0.782277 52.000000
0.090281 0.397332 0.785136 50.000000
0.104097 0.054312 0.783230 50.000000
0.106003 0.010481 0.785136 50.000000
0.133635 0.190567 0.782754 50.000000
0.169843 0.051930 0.782277 50.000000
0.171272 0.029538 0.784183 50.000000
0.207480 -0.027156 0.786089 50.000000
0.225107 -0.141020 0.785612 50.000000
0.244164 0.240591 0.784183 50.000000
0.248452 -0.153406 0.782277 50.000000
0.246546 -0.284421 0.783230 50.000000
0.259886 0.080038 0.784659 50.000000
0.271320 -0.143402 0.782277 50.000000
-0.200334 -0.046689 0.788947 51.000000
-0.190329 0.266317 0.787994 53.000000
-0.180324 0.163888 0.788947 53.000000
-0.138399 0.038113 0.788947 51.000000
-0.126489 -0.113387 0.787041 51.000000
-0.118390 0.142925 0.786565 50.000000
-0.111720 -0.299666 0.789900 50.000000
-0.111243 -0.334921 0.786565 50.000000
-0.095522 -0.059552 0.788947 51.000000
-0.091710 -0.240591 0.789900 50.000000
-0.086946 0.100524 0.790376 50.000000
-0.077418 0.285850 0.787994 50.000000
-0.070748 -0.229157 0.787041 50.000000
-0.030729 -0.105288 0.787994 50.000000
-0.001667 0.024297 0.788947 50.000000
0.005955 0.387327 0.787518 53.000000
0.005479 0.295379 0.787518 50.000000
0.016436 0.274893 0.789424 50.000000
0.019771 0.013340 0.787041 52.000000
0.048833 0.181515 0.788947 50.000000
0.058838 0.386851 0.789424 50.000000
0.058838 0.212482 0.787518 50.000000
0.076465 -0.076227 0.787994 52.000000
0.080276 0.242973 0.789424 50.000000
0.090757 -0.156265 0.788471 52.000000
0.112673 0.263459 0.789900 50.000000
0.113149 0.221534 0.789424 50.000000
0.127442 0.030967 0.787518 50.000000
0.211291 -0.409242 0.790376 50.000000
0.215579 0.060029 0.786565 50.000000
0.215102 -0.141496 0.790853 50.000000
0.220343 -0.223916 0.790853 50.000000
0.222725 0.376370 0.788947 50.000000
0.231301 -0.018104 0.789900 50.000000
0.235588 0.502620 0.787518 50.000000
0.237970 0.069557 0.787518 50.000000
0.239400 0.047642 0.789424 50.000000
0.245117 0.250596 0.787041 50.000000
0.244640 -0.386374 0.788471 50.000000
0.256074 0.324440 0.787518 50.000000
0.267508 0.250119 0.786565 50.000000
0.273225 0.057170 0.787518 50.000000
-0.199857 -0.102906 0.794664 51.000000
-0.137446 0.510243 0.792282 50.000000
-0.118390 0.296332 0.794664 53.000000
-0.118390 0.234874 0.792282 53.000000
-0.075512 0.046689 0.794188 51.000000
-0.062649 -0.083849 0.795617 51.000000
-0.042639 -0.028585 0.791329 51.000000
-0.035493 0.305860 0.791329 50.000000
-0.025012 0.336827 0.794188 53.000000
-0.003573 0.326346 0.795141 50.000000
0.037399 -0.177227 0.791806 52.000000
0.049786 0.449262 0.795141 50.000000
0.052168 0.043354 0.793711 50.000000
0.059790 0.263935 0.795141 50.000000
0.080753 0.397332 0.791806 50.000000
0.093140 0.127680 0.792282 50.000000
0.105526 0.073845 0.793235 50.000000
0.111243 -0.090519 0.793235 52.000000
0.186041 -0.005241 0.792758 50.000000
0.221772 -0.030014 0.795617 50.000000
0.237970 -0.121010 0.794664 50.000000
0.240829 0.057646 0.795141 50.000000
0.251310 -0.441639 0.794664 50.000000
0.258456 0.450214 0.792758 50.000000
0.259886 -0.275846 0.791329 50.000000
-0.199857 -0.059076 0.796570 51.000000
-0.169366 0.224869 0.797046 53.000000
-0.157932 -0.038590 0.798952 51.000000
-0.147928 0.004288 0.800381 51.000000
-0.136970 -0.027632 0.798476 51.000000
-0.123154 -0.253454 0.796093 50.000000
-0.117913 0.193425 0.797999 53.000000
-0.107432 0.326822 0.798952 53.000000
-0.086470 0.295855 0.800381 53.000000
-0.085517 0.078132 0.799428 51.000000
-0.055503 0.233921 0.796570 50.000000
-0.054073 0.035255 0.796570 51.000000
-0.050262 -0.130062 0.798952 51.000000
-0.034540 0.233921 0.798952 50.000000
-0.018818 -0.086232 0.799905 50.000000
-0.003097 0.253930 0.797999 50.000000
-0.005479 -0.177227 0.799428 50.000000
0.024059 -0.076703 0.799905 52.000000
0.024059 -0.098618 0.796570 52.000000
0.061220 0.418294 0.798952 50.000000
0.080753 -0.135303 0.797999 52.000000
0.098380 -0.002858 0.799905 52.000000
0.144593 -0.060029 0.799428 52.000000
0.186994 0.004288 0.799428 50.000000
0.200333 -0.051453 0.797046 50.000000
0.205574 -0.142925 0.798476 50.000000
0.214150 0.408290 0.797999 50.000000
0.224631 0.355884 0.796093 50.000000
0.226060 -0.414483 0.799905 50.000000
0.227013 0.482134 0.799428 50.000000
0.233206 -0.363506 0.799428 50.000000
0.237018 0.376370 0.800381 50.000000
0.236541 0.334921 0.797999 50.000000
0.237970 0.218199 0.799905 50.000000
0.249881 0.482611 0.798952 50.000000
0.247499 0.313483 0.797523 50.000000
0.247022 -0.054312 0.798476 50.000000
0.251310 0.111005 0.797999 50.000000
0.254169 -0.469271 0.796570 50.000000
0.260838 0.164840 0.796570 50.000000
0.268461 -0.032873 0.797046 50.000000
-0.197475 -0.352072 0.805145 50.000000
-0.189376 0.398285 0.804669 53.000000
-0.178895 0.025727 0.803240 51.000000
-0.168414 0.003811 0.804669 51.000000
-0.155550 -0.208671 0.804192 51.000000
-0.117437 0.316341 0.804192 53.000000
-0.103621 -0.128633 0.801334 51.000000
-0.098380 -0.366365 0.801810 50.000000
-0.092187 -0.152454 0.804192 51.000000
-0.085993 0.151501 0.800858 50.000000
-0.085041 0.045736 0.801334 51.000000
-0.069795 -0.198666 0.802287 51.000000
-0.052644 0.012863 0.802287 51.000000
-0.044545 0.326346 0.803716 53.000000
-0.002620 0.232968 0.801334 50.000000
0.000715 0.011434 0.802287 50.000000
0.007861 0.284898 0.801810 50.000000
0.018818 0.356837 0.804669 53.000000
0.040257 0.356837 0.805145 50.000000
0.039781 0.304907 0.801334 50.000000
0.040257 0.211529 0.802287 50.000000
0.056932 -0.068128 0.803716 52.000000
0.061220 0.325393 0.803716 50.000000
0.072654 0.211053 0.802287 50.000000
0.077418 -0.277751 0.804192 50.000000
0.100762 -0.069557 0.801810 52.000000
0.101715 -0.081467 0.803716 52.000000
0.116960 0.157218 0.803240 50.000000
0.144593 -0.049547 0.801810 52.000000
0.200810 -0.019533 0.804669 50.000000
0.212244 -0.041448 0.801334 50.000000
0.213197 -0.063840 0.800858 50.000000
0.219867 -0.168175 0.802763 50.000000
0.233683 -0.204383 0.802287 50.000000
0.232253 -0.482134 0.800858 50.000000
0.243687 -0.181515 0.801810 50.000000
0.241305 -0.444021 0.803716 50.000000
0.261791 0.185803 0.801334 50.000000
0.273225 -0.515484 0.804192 50.000000
-0.186994 -0.292044 0.808004 50.000000
-0.178895 0.067651 0.808480 51.000000
-0.168414 0.398285 0.809910 53.000000
-0.166031 -0.232015 0.805622 50.000000
-0.147451 0.470224 0.806575 50.000000
-0.127442 0.316341 0.806098 53.000000
-0.116960 0.202954 0.808957 53.000000
-0.111720 -0.257265 0.806098 50.000000
-0.085041 0.118628 0.808957 50.000000
-0.074083 0.066222 0.806575 51.000000
-0.077418 -0.296332 0.809910 50.000000
-0.054073 0.284898 0.809433 50.000000
-0.035493 -0.225822 0.809910 50.000000
-0.012625 0.325869 0.806575 50.000000
0.009767 0.428776 0.809433 53.000000
0.008814 0.211529 0.807051 50.000000
0.019771 0.222010 0.808957 50.000000
0.033111 0.030967 0.807051 50.000000
0.041687 0.179609 0.808004 50.000000
0.044069 0.020010 0.806098 52.000000
0.040734 -0.205336 0.807527 52.000000
0.058838 -0.091472 0.807527 52.000000
0.076465 0.061458 0.809433 50.000000
0.086470 0.072415 0.808004 50.000000
0.117437 0.167699 0.807051 50.000000
0.138399 0.439733 0.805622 50.000000
0.149357 0.418771 0.806098 50.000000
0.145545 -0.028585 0.808480 50.000000
0.228918 -0.290138 0.806098 50.000000
0.233683 0.044783 0.808957 50.000000
0.234159 0.033826 0.808480 50.000000
0.239400 0.207242 0.805622 50.000000
0.245117 -0.473082 0.808480 50.000000
0.246070 0.011434 0.807051 50.000000
0.252263 0.451167 0.809910 50.000000
-0.178895 0.203430 0.811815 53.000000
-0.176036 -0.282039 0.813244 50.000000
-0.167937 0.045260 0.814197 51.000000
-0.147451 0.285374 0.814674 53.000000
-0.137446 0.171510 0.811339 53.000000
-0.094569 0.055264 0.810862 51.000000
-0.072654 -0.436398 0.813244 50.000000
-0.033587 -0.263459 0.814674 50.000000
-0.011672 0.222010 0.811339 50.000000
0.015960 -0.101953 0.812768 52.000000
0.020248 0.263459 0.813244 50.000000
0.020724 0.232015 0.814197 50.000000
0.022630 0.041448 0.810386 50.000000
0.073606 0.242020 0.810386 50.000000
0.075036 0.199619 0.814674 50.000000
0.079323 -0.037161 0.811339 52.000000
0.103144 -0.061458 0.814197 52.000000
0.158409 -0.051930 0.810862 52.000000
0.180324 -0.020010 0.813244 50.000000
0.200810 -0.204859 0.811815 50.000000
0.217961 0.429728 0.810862 50.000000
0.223202 -0.342544 0.814197 50.000000
0.236065 0.010481 0.813244 50.000000
0.242258 0.174369 0.812292 50.000000
0.254169 -0.423059 0.813244 50.000000
0.263697 0.408766 0.811339 50.000000
-0.207956 -0.368747 0.815627 50.000000
-0.168414 0.233921 0.819438 53.000000
-0.157932 0.129586 0.817056 50.000000
-0.147451 0.243926 0.818961 53.000000
-0.106003 0.212482 0.815627 53.000000
-0.052644 0.170081 0.817532 50.000000
-0.010719 0.408290 0.816103 53.000000
-0.005479 -0.091472 0.819438 50.000000
0.025012 -0.003335 0.818009 52.000000
0.032158 0.210576 0.818009 50.000000
0.053597 0.439733 0.816579 50.000000
0.067413 0.060505 0.819438 50.000000
0.085517 0.262506 0.815627 50.000000
0.089328 0.038113 0.817056 50.000000
0.096475 0.356360 0.817056 50.000000
0.123630 0.014769 0.818485 50.000000
0.217008 -0.056217 0.817056 50.000000
0.235588 -0.173416 0.817056 50.000000
0.243211 0.451644 0.818009 50.000000
0.241305 0.323964 0.815150 50.000000
0.241782 -0.258218 0.818009 50.000000
0.249404 -0.358742 0.816579 50.000000
0.258933 0.042401 0.817056 50.000000
0.255121 -0.272034 0.819438 50.000000
0.260362 0.019533 0.818961 50.000000
0.263221 -0.373511 0.818009 50.000000
-0.167461 -0.010005 0.819914 51.000000
-0.167461 -0.020962 0.819914 51.000000
-0.161744 -0.462601 0.820867 50.000000
-0.156503 0.481182 0.819914 50.000000
-0.157456 0.171034 0.820867 53.000000
-0.134111 -0.144831 0.820867 51.000000
-0.126012 0.117675 0.821343 50.000000
-0.113626 -0.077656 0.821343 51.000000
-0.105050 0.243449 0.824202 53.000000
-0.095045 0.295379 0.822296 53.000000
-0.090758 -0.145784 0.820867 51.000000
-0.072177 0.031444 0.821820 51.000000
-0.052644 0.346832 0.823726 53.000000
-0.040734 0.073368 0.823249 50.000000
-0.036922 -0.125298 0.822296 50.000000
-0.029776 0.072892 0.823726 50.000000
-0.020724 0.325869 0.823249 50.000000
-0.020724 0.315388 0.823249 50.000000
0.009767 -0.208194 0.821820 50.000000
0.013578 0.029061 0.820391 52.000000
0.032158 -0.208671 0.820391 50.000000
0.054073 0.346355 0.822773 50.000000
0.054073 0.262506 0.822296 50.000000
0.065031 0.398285 0.821343 50.000000
0.076465 0.387804 0.824202 50.000000
0.076465 -0.188661 0.824202 52.000000
0.087423 0.429728 0.822296 50.000000
0.085993 0.325393 0.819914 50.000000
0.108385 0.282992 0.820391 50.000000
0.137923 -0.275369 0.821343 50.000000
0.147928 -0.009052 0.823249 50.000000
0.157932 -0.217246 0.823726 50.000000
0.162697 -0.089090 0.824202 52.000000
0.165555 0.164840 0.823249 50.000000
0.170319 -0.020962 0.820391 50.000000
0.187470 0.462125 0.823249 50.000000
0.203668 0.010481 0.821820 50.000000
0.227966 -0.012863 0.821820 50.000000
0.236541 -0.163411 0.824202 50.000000
0.243687 0.345403 0.824202 50.000000
0.245117 -0.296332 0.819914 50.000000
0.257027 0.151501 0.822773 50.000000
0.266079 0.334445 0.821343 50.000000
0.266079 0.313006 0.820867 50.000000
-0.207956 -0.359695 0.824678 50.000000
-0.188423 0.000000 0.826584 51.000000
-0.185088 -0.398761 0.826108 50.000000
-0.157456 0.191520 0.825155 53.000000
-0.154597 -0.181039 0.828966 51.000000
-0.145546 -0.045260 0.828966 51.000000
-0.135541 -0.011434 0.824678 51.000000
-0.126012 0.170081 0.824678 53.000000
-0.096951 -0.337780 0.825155 50.000000
-0.070748 -0.035255 0.825631 51.000000
-0.051691 0.221534 0.828490 50.000000
0.077894 -0.212482 0.824678 52.000000
0.101715 0.058123 0.825631 50.000000
0.174131 -0.056694 0.828966 52.000000
0.181277 0.054788 0.828966 50.000000
0.188899 0.153406 0.824678 50.000000
0.203668 0.064793 0.828966 50.000000
0.205574 -0.001429 0.827537 50.000000
0.212720 0.505479 0.828966 50.000000
0.216532 -0.199142 0.828490 50.000000
0.226060 -0.163888 0.828966 50.000000
0.235112 0.172939 0.828013 50.000000
0.244164 0.291567 0.824678 50.000000
0.246070 0.151501 0.824678 50.000000
0.247499 0.107670 0.825631 50.000000
0.257504 0.161982 0.824678 50.000000
0.258933 0.129109 0.826584 50.000000
0.264173 -0.004764 0.827537 50.000000
0.268938 0.441162 0.828013 50.000000
0.267985 0.398285 0.827537 50.000000
0.270843 -0.430205 0.827537 50.000000
-0.188423 0.149119 0.831825 53.000000
-0.188423 0.010005 0.829443 51.000000
-0.153645 -0.252501 0.830872 50.000000
-0.115055 0.242973 0.829443 53.000000
-0.103144 0.062411 0.833254 51.000000
-0.073130 -0.367318 0.833254 50.000000
0.012625 0.377323 0.831348 53.000000
0.040257 -0.073845 0.831825 52.000000
0.066937 0.440210 0.830395 50.000000
0.121248 0.387804 0.829443 50.000000
0.127918 -0.021439 0.832301 52.000000
0.138876 -0.010481 0.832301 50.000000
0.162697 -0.045260 0.831825 52.000000
0.196046 -0.024297 0.831348 50.000000
0.204145 0.053835 0.829443 50.000000
0.230824 -0.026203 0.830872 50.000000
0.247975 0.161505 0.832778 50.000000
0.247022 -0.107670 0.831825 50.000000
0.247975 -0.288709 0.833730 50.000000
-0.197951 -0.101953 0.836589 51.000000
-0.134111 -0.025250 0.838495 51.000000
-0.125060 0.263935 0.834683 53.000000
-0.125060 0.252978 0.837065 53.000000
-0.116960 -0.393044 0.838018 50.000000
-0.096475 -0.316341 0.834683 50.000000
-0.083135 0.346832 0.834207 53.000000
-0.082658 0.283945 0.838495 50.000000
-0.080276 -0.037637 0.838495 51.000000
-0.079324 -0.092901 0.836112 51.000000
-0.040257 0.336351 0.838495 53.000000
-0.040257 0.262982 0.837065 50.000000
-0.011196 -0.176274 0.837542 50.000000
0.002620 0.272987 0.837065 50.000000
0.024535 0.408766 0.836112 53.000000
0.046927 0.461648 0.837065 50.000000
0.055979 -0.179133 0.836589 52.000000
0.073606 -0.042401 0.838018 52.000000
0.077894 0.314435 0.834683 50.000000
0.078371 -0.169128 0.838495 52.000000
0.082658 0.012863 0.837065 52.000000
0.095045 -0.278228 0.838018 50.000000
0.115531 -0.242496 0.836112 52.000000
0.154597 -0.102906 0.835160 52.000000
0.156027 0.387804 0.834683 50.000000
0.227966 -0.483087 0.836112 50.000000
0.240829 -0.339686 0.837542 50.000000
0.241305 -0.351596 0.835160 50.000000
0.257027 -0.051453 0.835636 50.000000
0.257980 -0.252978 0.835636 50.000000
0.269890 -0.063840 0.837542 50.000000
-0.155074 -0.069557 0.838971 51.000000
-0.145069 0.018104 0.842306 51.000000
-0.117913 -0.355407 0.840877 50.000000
-0.103144 0.168175 0.841353 50.000000
-0.093140 0.262982 0.839924 50.000000
-0.093140 -0.433540 0.839924 50.000000
0.035969 0.430205 0.839447 50.000000
0.058361 -0.216770 0.842306 50.000000
0.067889 0.272034 0.838971 50.000000
0.065507 -0.111482 0.842306 52.000000
0.091234 0.196760 0.842782 50.000000
0.152215 -0.001906 0.842782 50.000000
0.176036 -0.036684 0.841829 50.000000
0.226060 -0.108623 0.841829 50.000000
0.230824 -0.498809 0.840400 50.000000
0.239876 0.138637 0.842306 50.000000
0.237970 -0.109100 0.840877 50.000000
0.259409 -0.075274 0.838971 50.000000
0.255598 -0.205336 0.840877 50.000000
0.260838 0.323487 0.843259 50.000000
0.260838 0.204383 0.839447 50.000000
0.268461 -0.503097 0.839924 50.000000
0.270367 -0.242496 0.839447 50.000000
0.271320 -0.255360 0.840400 50.000000
-0.165555 -0.104335 0.844212 51.000000
-0.140781 -0.307289 0.847546 50.000000
-0.124583 0.200095 0.843735 53.000000
-0.092187 0.178180 0.846117 50.000000
-0.081229 -0.436875 0.846117 50.000000
-0.054550 -0.176751 0.845164 51.000000
-0.039304 0.252025 0.843735 50.000000
-0.023583 -0.085755 0.846594 50.000000
-0.017389 0.293949 0.848023 50.000000
0.058361 0.324917 0.845641 50.000000
0.075989 -0.078132 0.844688 52.000000
0.147928 0.420200 0.848023 50.000000
0.148404 0.173892 0.846594 50.000000
0.177465 -0.428776 0.847546 50.000000
0.188423 -0.049071 0.843735 50.000000
0.211768 -0.240114 0.846594 50.000000
0.214626 -0.444974 0.845641 50.000000
0.238447 0.302049 0.846117 50.000000
0.249404 -0.076227 0.847070 50.000000
0.247975 -0.396379 0.848023 50.000000
0.267508 -0.477847 0.846117 50.000000
-0.164602 -0.163888 0.851358 51.000000
-0.155550 0.081944 0.851834 50.000000
-0.149833 -0.409719 0.849928 50.000000
-0.133159 -0.050500 0.852311 51.000000
-0.122201 -0.039066 0.850405 51.000000
-0.113149 0.124821 0.848499 50.000000
-0.116008 -0.410672 0.849452 50.000000
-0.089805 -0.050977 0.850405 51.000000
-0.078847 -0.029061 0.850881 51.000000
-0.060267 0.325869 0.849452 50.000000
-0.049309 0.251548 0.850405 50.000000
-0.038828 0.272511 0.850405 50.000000
0.025965 -0.217723 0.851834 50.000000
0.049309 0.186279 0.852787 50.000000
0.077894 -0.102430 0.849928 52.000000
0.092187 0.377323 0.848499 50.000000
0.115055 0.356360 0.852787 50.000000
0.137446 0.270605 0.852311 50.000000
0.160791 0.183897 0.852311 50.000000
0.189376 -0.016675 0.852311 50.000000
0.194140 0.452597 0.850405 50.000000
0.238447 -0.076227 0.850405 50.000000
0.246546 0.014293 0.852787 50.000000
0.247499 -0.019057 0.850405 50.000000
0.248928 -0.244402 0.850881 50.000000
0.254645 0.126251 0.852311 50.000000
0.254645 -0.159123 0.848499 50.000000
0.263697 0.192473 0.848499 50.000000
0.260838 -0.244879 0.848976 50.000000
-0.176036 -0.061458 0.853264 51.000000
-0.166031 0.199142 0.857551 53.000000
-0.166031 0.178180 0.855169 53.000000
-0.154597 -0.040019 0.856598 51.000000
-0.094092 -0.361601 0.854216 50.000000
-0.086946 -0.178180 0.853264 51.000000
-0.080276 0.101953 0.854216 50.000000
-0.070272 0.336351 0.856598 53.000000
-0.058838 0.166270 0.857075 50.000000
-0.005479 0.314435 0.854693 50.000000
0.009290 -0.021439 0.856598 50.000000
0.022153 -0.090519 0.857551 52.000000
0.082182 0.377323 0.854216 50.000000
0.094569 0.152454 0.857075 50.000000
0.104574 0.366841 0.856122 50.000000
0.173654 0.128633 0.854693 50.000000
0.186041 0.116722 0.857075 50.000000
0.216532 -0.280610 0.855646 50.000000
0.217008 -0.088137 0.856122 50.000000
0.225107 -0.030014 0.853740 50.000000
0.235112 0.037161 0.857075 50.000000
0.237018 -0.232015 0.854216 50.000000
0.238923 -0.257265 0.855169 50.000000
0.236065 -0.520248 0.855169 50.000000
0.242258 0.203430 0.857075 50.000000
0.247975 -0.209147 0.855646 50.000000
0.264173 0.409719 0.853740 50.000000
0.260838 -0.020962 0.854693 50.000000
0.262268 -0.043830 0.855646 50.000000
0.264650 -0.101953 0.854216 50.000000
-0.218914 -0.084802 0.860410 51.000000
-0.186517 -0.029538 0.862315 51.000000
-0.151263 -0.311101 0.858504 50.000000
-0.133635 0.283468 0.860410 53.000000
-0.087899 -0.121486 0.858980 51.000000
-0.058838 0.261553 0.862315 50.000000
0.005955 0.218676 0.859457 50.000000
0.008337 0.055741 0.860410 50.000000
0.012625 -0.113864 0.862315 52.000000
0.019295 0.044307 0.860410 50.000000
0.037399 -0.184850 0.860410 52.000000
0.105050 0.388280 0.858980 50.000000
0.180800 -0.278704 0.858028 50.000000
0.198904 0.115769 0.862315 50.000000
0.203192 -0.243926 0.860410 50.000000
0.253692 0.409719 0.858028 50.000000
0.253692 0.398761 0.858980 50.000000
0.253692 0.388280 0.858980 50.000000
0.255121 0.224393 0.861363 50.000000
0.266079 0.290138 0.861839 50.000000
-0.186517 0.025727 0.864221 51.000000
-0.176036 0.283945 0.863745 53.000000
-0.165555 0.283468 0.866603 53.000000
-0.122677 0.230110 0.864698 53.000000
-0.117437 -0.289185 0.864221 50.000000
-0.089328 0.023821 0.865174 51.000000
-0.046451 0.121486 0.867080 50.000000
0.006432 0.239638 0.862792 50.000000
0.021677 -0.023344 0.864698 52.000000
0.039781 -0.234397 0.864698 50.000000
0.061696 0.303001 0.864698 50.000000
0.129347 0.377323 0.867080 50.000000
0.132682 0.028585 0.863745 50.000000
0.169843 -0.255836 0.867080 50.000000
0.178418 0.049071 0.865174 50.000000
0.180800 -0.243926 0.866603 50.000000
0.179371 -0.409242 0.864698 50.000000
0.193664 -0.042401 0.866127 50.000000
0.198428 0.160076 0.863745 50.000000
0.203668 0.002858 0.866127 50.000000
0.244640 0.443068 0.866127 50.000000
0.243211 0.323011 0.864698 50.000000
0.257980 -0.458313 0.866603 50.000000
0.267032 0.388280 0.864221 50.000000
-0.186517 0.101477 0.870415 50.000000
-0.186041 -0.075750 0.867556 51.000000
-0.175083 -0.053835 0.870415 51.000000
-0.129347 -0.228680 0.868032 51.000000
0.019295 0.163411 0.870415 50.000000
0.045974 -0.070510 0.867556 52.000000
0.074083 0.366841 0.870415 50.000000
0.074083 0.335398 0.871844 50.000000
0.112673 -0.027632 0.868985 52.000000
0.129824 0.270129 0.869462 50.000000
0.161744 -0.088137 0.870415 52.000000
0.183182 -0.053835 0.868509 50.000000
0.198904 -0.493568 0.868032 50.000000
0.223202 0.454026 0.871844 50.000000
0.243687 -0.430205 0.868509 50.000000
0.270367 0.168175 0.869462 50.000000
-0.207480 -0.157694 0.872797 51.000000
-0.186517 0.079085 0.872797 51.000000
-0.185565 -0.122916 0.873273 51.000000
-0.150786 -0.279181 0.874226 50.000000
-0.143640 0.208194 0.875179 53.000000
-0.099809 0.121486 0.876608 50.000000
-0.089328 0.164840 0.874226 50.000000
-0.046927 0.261077 0.872320 50.000000
-0.035493 0.292997 0.874226 50.000000
0.019295 0.410195 0.874226 53.000000
0.069319 -0.050500 0.876608 52.000000
0.085517 0.366841 0.872320 50.000000
0.112196 0.016675 0.873749 50.000000
0.130300 0.334921 0.872797 50.000000
0.205098 0.012863 0.873749 50.000000
0.217008 0.012387 0.873749 50.000000
0.217961 -0.236303 0.873273 50.000000
0.230824 -0.023344 0.876608 50.000000
0.239400 -0.201048 0.872797 50.000000
0.247975 0.498333 0.873273 50.000000
0.248452 -0.141496 0.874226 50.000000
0.250834 -0.501191 0.873273 50.000000
0.256551 -0.420677 0.874702 50.000000
0.272273 -0.303954 0.874702 50.000000
-0.121725 0.336351 0.878037 53.000000
-0.120295 -0.011434 0.879943 51.000000
-0.110767 0.218199 0.881372 50.000000
-0.079323 -0.397332 0.878514 50.000000
-0.074559 -0.126251 0.877561 51.000000
-0.023106 0.086708 0.877561 50.000000
-0.002144 0.195808 0.878037 50.000000
0.042163 0.216770 0.878037 50.000000
0.101715 0.049547 0.881372 50.000000
0.122677 -0.207718 0.881372 52.000000
0.132682 0.432111 0.879943 50.000000
0.180324 0.114340 0.880419 50.000000
0.196046 -0.010958 0.880896 50.000000
0.229395 0.044783 0.881372 50.000000
0.240353 0.056217 0.878514 50.000000
0.248452 0.212482 0.880419 50.000000
0.251310 0.078132 0.878037 50.000000
0.267985 -0.229633 0.880419 50.000000
0.273225 -0.120534 0.880419 50.000000
-0.185565 -0.090519 0.883278 51.000000
-0.171748 -0.344926 0.883754 50.000000
-0.153645 0.229157 0.884707 53.000000
-0.152692 -0.034778 0.885660 51.000000
-0.147451 -0.435922 0.881849 50.000000
-0.142687 0.120534 0.886136 50.000000
-0.140305 -0.173892 0.884707 51.000000
-0.110767 0.207242 0.882325 50.000000
-0.098380 0.020486 0.885183 51.000000
-0.084564 -0.140067 0.886136 51.000000
-0.078371 0.271558 0.882325 50.000000
-0.077894 0.206765 0.884707 50.000000
-0.054550 0.053359 0.883754 51.000000
-0.012625 0.249643 0.882801 50.000000
-0.011196 0.096713 0.884231 50.000000
0.002620 -0.038590 0.886136 50.000000
0.020724 0.313959 0.885183 50.000000
0.038352 -0.109100 0.885183 52.000000
0.055503 -0.254407 0.886136 50.000000
0.059790 -0.051930 0.886136 52.000000
0.059790 -0.063364 0.885660 52.000000
0.066937 -0.266317 0.882325 50.000000
0.076465 0.193902 0.882801 50.000000
0.144593 -0.172940 0.882325 52.000000
0.179371 0.235827 0.884707 50.000000
0.179371 0.191520 0.882801 50.000000
0.226060 -0.475941 0.884707 50.000000
0.249404 0.410672 0.884707 50.000000
0.251310 0.510243 0.884707 50.000000
0.261791 0.178657 0.882325 50.000000
-0.174131 -0.091949 0.887565 51.000000
-0.121248 0.282515 0.887565 53.000000
-0.120772 0.239161 0.890900 53.000000
-0.118866 -0.081944 0.888518 51.000000
-0.109814 0.098142 0.886613 50.000000
-0.087899 0.086708 0.887565 51.000000
-0.066460 -0.402096 0.888042 50.000000
0.010243 0.313959 0.887565 50.000000
0.030252 -0.181039 0.889948 52.000000
0.088375 0.226298 0.886613 50.000000
0.110767 0.236779 0.887089 50.000000
0.110291 -0.171987 0.886613 52.000000
0.133635 0.323487 0.888518 50.000000
0.141734 -0.323011 0.886613 50.000000
0.177465 -0.092425 0.887089 52.000000
0.192711 0.465460 0.888518 50.000000
0.190805 0.268223 0.886613 50.000000
0.214626 -0.316341 0.888042 50.000000
0.226060 0.344926 0.887565 50.000000
0.239400 -0.478323 0.887089 50.000000
0.244164 -0.217246 0.886613 50.000000
0.252263 0.122439 0.887565 50.000000
0.258456 -0.243449 0.887565 50.000000
0.261791 0.278228 0.887089 50.000000
0.271320 -0.244879 0.888518 50.000000
-0.131253 0.184850 0.895188 53.000000
-0.098857 0.217246 0.895188 50.000000
-0.053597 0.073845 0.895188 51.000000
-0.000238 0.303001 0.893283 50.000000
0.038828 -0.087661 0.892806 52.000000
0.123154 0.410672 0.891377 50.000000
0.206050 0.521201 0.891853 50.000000
0.228442 0.433063 0.892806 50.000000
0.250834 0.344926 0.892330 50.000000
0.252263 0.255836 0.894712 50.000000
-0.192711 -0.483564 0.900429 50.000000
-0.185565 0.206765 0.898047 53.000000
-0.130777 0.249643 0.900429 53.000000
-0.118390 -0.026679 0.900429 51.000000
-0.103144 -0.301096 0.898523 50.000000
-0.097904 0.173416 0.899476 50.000000
0.103621 0.080991 0.896617 50.000000
0.113149 0.301572 0.898523 50.000000
0.136494 0.246308 0.900429 50.000000
0.154597 -0.058123 0.896617 52.000000
0.171748 0.146260 0.897094 50.000000
0.208909 0.099571 0.900429 50.000000
0.217961 0.455455 0.898523 50.000000
0.232253 -0.509767 0.898047 50.000000
0.236065 -0.016198 0.898047 50.000000
0.255121 0.143402 0.899476 50.000000
-0.185088 0.228204 0.902334 53.000000
-0.151739 -0.015245 0.900905 51.000000
-0.086946 0.151024 0.901858 50.000000
-0.051215 -0.463078 0.905193 50.000000
-0.031205 0.171987 0.905193 50.000000
-0.031682 -0.344450 0.904716 50.000000
0.012625 0.302525 0.904716 50.000000
0.046451 0.181991 0.901858 50.000000
0.103144 -0.212482 0.901858 52.000000
0.114578 -0.200572 0.901382 52.000000
0.125536 0.290615 0.902811 50.000000
0.196522 -0.359219 0.903287 50.000000
0.208433 0.121963 0.900905 50.000000
0.210815 0.042401 0.900905 50.000000
0.220343 0.511196 0.902334 50.000000
0.242735 0.422106 0.903764 50.000000
0.244640 -0.498809 0.901858 50.000000
0.247975 0.006193 0.900905 50.000000
0.255121 0.188185 0.903287 50.000000
0.258933 0.062887 0.903764 50.000000
0.266555 0.444497 0.902334 50.000000
0.266555 0.266317 0.904716 50.000000
-0.173654 0.400667 0.906146 53.000000
-0.100762 -0.356360 0.909004 50.000000
-0.090281 -0.329681 0.906622 50.000000
-0.084564 -0.006193 0.908052 51.000000
-0.063602 0.094331 0.909481 51.000000
-0.055503 -0.318247 0.906146 50.000000
-0.044545 -0.306336 0.906622 50.000000
0.044069 -0.185803 0.905669 52.000000
0.060267 0.058123 0.907099 50.000000
0.103621 0.312530 0.909481 50.000000
0.106956 0.033826 0.906622 50.000000
0.152692 -0.229633 0.908052 50.000000
0.165555 0.020486 0.905669 50.000000
0.185088 0.167222 0.905669 50.000000
0.186041 0.133397 0.905669 50.000000
0.208909 0.433540 0.908528 50.000000
0.207480 0.256313 0.906622 50.000000
0.211768 0.052882 0.906146 50.000000
0.219867 0.388757 0.908528 50.000000
0.217961 -0.087661 0.907575 50.000000
0.231777 0.411148 0.907099 50.000000
0.235588 0.063364 0.907099 50.000000
0.244164 0.322535 0.909957 50.000000
0.249404 0.016675 0.908052 50.000000
0.255121 0.333492 0.906622 50.000000
0.256551 0.243926 0.909957 50.000000
0.255598 -0.301096 0.909004 50.000000
0.268938 0.500715 0.905669 50.000000
0.267032 0.366365 0.907099 50.000000
0.270843 -0.340638 0.907575 50.000000
-0.145069 -0.476417 0.913292 50.000000
-0.106479 0.004288 0.914245 51.000000
-0.103621 -0.218676 0.911863 51.000000
-0.008337 0.214864 0.913769 50.000000
-0.011196 -0.234874 0.913292 50.000000
0.080276 -0.177704 0.912816 52.000000
0.162697 0.400191 0.912816 50.000000
0.163649 0.155788 0.912816 50.000000
0.169366 -0.294426 0.910434 50.000000
0.198428 0.155312 0.910434 50.000000
0.222725 -0.514531 0.910910 50.000000
0.228918 -0.030491 0.914721 50.000000
0.229395 -0.273940 0.911863 50.000000
0.245117 0.255360 0.912816 50.000000
0.257504 0.176274 0.910910 50.000000
-0.184135 0.004764 0.919009 51.000000
-0.182706 -0.242973 0.916627 50.000000
-0.173654 0.106241 0.915674 50.000000
-0.157932 -0.396379 0.916627 50.000000
-0.136494 -0.281086 0.915674 50.000000
-0.129347 0.149595 0.917580 50.000000
-0.117913 0.093854 0.919485 50.000000
-0.095998 0.093854 0.915674 50.000000
-0.095522 0.003811 0.915674 51.000000
-0.083611 -0.019533 0.917580 51.000000
-0.018818 0.247737 0.917580 50.000000
0.003097 0.367318 0.916151 50.000000
0.030729 -0.057646 0.917580 52.000000
0.048833 0.400191 0.919009 50.000000
0.060267 0.422106 0.917580 50.000000
0.106003 -0.205336 0.919009 52.000000
0.151739 0.289662 0.918056 50.000000
0.174607 0.323011 0.916151 50.000000
0.217961 -0.274416 0.915674 50.000000
0.226536 0.062411 0.918056 50.000000
0.248452 0.152930 0.919009 50.000000
0.247022 -0.328252 0.915674 50.000000
0.258456 -0.116246 0.917580 50.000000
0.262744 -0.508337 0.919485 50.000000
-0.171272 -0.232015 0.920915 51.000000
-0.162220 0.160553 0.922820 53.000000
-0.136017 -0.271081 0.923773 50.000000
-0.128394 0.002858 0.923773 51.000000
-0.045021 -0.223916 0.923297 50.000000
0.005479 0.102430 0.922344 50.000000
0.072654 0.400667 0.923297 50.000000
0.085993 -0.279657 0.920915 50.000000
0.094569 0.345403 0.920438 50.000000
0.094569 0.290138 0.921868 50.000000
0.184135 -0.053359 0.924250 52.000000
0.188899 0.210576 0.923773 50.000000
0.235112 -0.115769 0.922820 50.000000
0.249404 0.490710 0.923773 50.000000
0.248452 0.164364 0.920438 50.000000
0.259409 0.277275 0.922820 50.000000
0.261315 0.152454 0.922344 50.000000
0.262744 -0.345403 0.923773 50.000000
0.272749 0.490710 0.921391 50.000000
-0.162220 0.248690 0.924726 53.000000
-0.128871 0.259171 0.925202 53.000000
-0.128394 0.059552 0.925679 51.000000
-0.061220 0.035255 0.926155 51.000000
-0.039781 0.324440 0.929014 50.000000
-0.039304 0.125298 0.928061 50.000000
0.027394 0.246308 0.928061 50.000000
0.059314 -0.180562 0.927585 52.000000
0.095522 0.301096 0.925679 50.000000
0.125536 -0.063364 0.927585 52.000000
0.144593 0.075274 0.926632 50.000000
0.227013 0.107194 0.926632 50.000000
0.250834 -0.166270 0.925202 50.000000
0.260362 0.231539 0.924726 50.000000
-0.184135 0.160076 0.929490 50.000000
-0.137923 -0.090996 0.929967 51.000000
-0.073130 0.181039 0.930919 50.000000
-0.041210 -0.327299 0.929490 50.000000
-0.022153 -0.166270 0.932825 50.000000
-0.016913 0.313006 0.932349 50.000000
-0.005002 0.112911 0.931396 50.000000
0.113149 -0.297761 0.932825 50.000000
0.119819 0.312053 0.933302 50.000000
0.155074 0.367318 0.933302 50.000000
0.187470 -0.090996 0.931872 52.000000
0.200810 -0.116246 0.932825 50.000000
0.226536 0.232015 0.932825 50.000000
0.238447 0.276798 0.933778 50.000000
0.243211 0.013340 0.929967 50.000000
0.242258 -0.204859 0.931872 50.000000
0.249404 0.333492 0.930919 50.000000
0.254169 0.082420 0.933302 50.000000
0.273225 -0.107670 0.929490 50.000000
-0.192711 -0.350167 0.934731 50.000000
-0.182706 -0.126727 0.934731 51.000000
-0.150310 0.091949 0.936637 50.000000
-0.123630 -0.288233 0.936637 50.000000
-0.094092 0.080038 0.935684 51.000000
-0.038828 -0.382563 0.937113 50.000000
-0.028823 -0.317294 0.937589 50.000000
0.074559 0.367318 0.935207 50.000000
0.086470 0.233921 0.938066 50.000000
0.110291 0.456884 0.938066 50.000000
0.132682 0.400667 0.936637 50.000000
0.131729 0.345403 0.934254 50.000000
0.191758 0.198666 0.935207 50.000000
0.206527 0.094807 0.938066 50.000000
0.216532 0.445927 0.938542 50.000000
0.220343 0.024774 0.938066 50.000000
0.251310 0.276798 0.936637 50.000000
0.253216 0.128633 0.934731 50.000000
-0.126965 -0.011910 0.941877 51.000000
-0.105050 0.101953 0.942830 50.000000
-0.028823 -0.305384 0.939495 50.000000
-0.025965 0.078132 0.939019 50.000000
-0.012625 -0.037637 0.941877 50.000000
0.005479 -0.268699 0.940448 50.000000
0.029776 0.190091 0.939971 50.000000
0.035969 -0.121963 0.940448 52.000000
0.082182 -0.088614 0.942830 52.000000
0.102192 -0.299666 0.939971 50.000000
0.120772 -0.175322 0.941401 52.000000
0.126965 -0.019057 0.941401 52.000000
0.133635 0.378275 0.941877 50.000000
0.133635 0.367318 0.942830 50.000000
0.156980 0.423059 0.940924 50.000000
0.181753 0.164364 0.940924 50.000000
0.184135 0.049071 0.939971 50.000000
0.211768 -0.281086 0.939019 50.000000
0.233206 0.023821 0.940448 50.000000
0.247499 -0.246308 0.942830 50.000000
0.248452 -0.258695 0.941877 50.000000
0.248928 -0.271558 0.941877 50.000000
0.252263 0.265364 0.939971 50.000000
0.253692 0.207718 0.943306 50.000000
0.251310 -0.310148 0.939971 50.000000
0.259409 -0.012863 0.940448 50.000000
0.263221 -0.298714 0.940448 50.000000
0.261791 -0.433540 0.943306 50.000000
0.266079 -0.146737 0.940448 50.000000
0.267508 -0.171034 0.939971 50.000000
-0.183182 0.034302 0.946165 51.000000
-0.096475 -0.423535 0.945688 50.000000
-0.004050 0.378752 0.945212 53.000000
0.102668 -0.276322 0.947594 50.000000
0.166984 -0.093854 0.948071 52.000000
0.203668 -0.107670 0.947594 50.000000
0.247022 -0.222010 0.946165 50.000000
0.253692 0.310624 0.945212 50.000000
0.261791 -0.248690 0.947594 50.000000
0.266555 0.287280 0.947594 50.000000
-0.182230 -0.071463 0.951882 51.000000
-0.171272 0.445927 0.948547 53.000000
-0.160791 0.124345 0.949500 50.000000
-0.157932 -0.241544 0.951882 50.000000
-0.154597 -0.506432 0.949976 50.000000
-0.127442 0.302525 0.949023 53.000000
-0.114578 -0.048595 0.949976 51.000000
-0.070748 0.145307 0.952358 50.000000
-0.025965 0.378752 0.949976 53.000000
-0.025488 0.156265 0.950929 50.000000
0.010243 0.052882 0.950929 50.000000
0.031205 0.401143 0.949976 53.000000
0.042639 0.312053 0.952358 50.000000
0.088852 0.412101 0.949976 50.000000
0.103621 0.015722 0.949500 50.000000
0.126012 -0.240591 0.951882 52.000000
0.132206 -0.128633 0.949023 52.000000
0.222249 0.057646 0.949976 50.000000
0.226536 -0.447356 0.951882 50.000000
0.230348 -0.134350 0.949976 50.000000
0.244164 -0.159600 0.949500 50.000000
0.253692 -0.464030 0.952358 50.000000
0.270843 0.102430 0.951882 50.000000
-0.083611 -0.414960 0.956646 50.000000
-0.023106 0.006670 0.956170 50.000000
0.011672 0.017151 0.957122 50.000000
0.077894 0.266794 0.955217 50.000000
0.077418 -0.226775 0.956170 52.000000
0.088852 0.300619 0.953311 50.000000
0.094092 -0.329681 0.953787 50.000000
0.113149 0.345403 0.956170 50.000000
0.148880 0.424011 0.956646 50.000000
0.231301 -0.505002 0.953787 50.000000
0.234636 0.126251 0.957599 50.000000
0.244640 0.218676 0.955217 50.000000
0.257027 -0.494045 0.956170 50.000000
0.268461 0.218199 0.953311 50.000000
0.271320 0.090519 0.953787 50.000000
-0.204145 -0.193902 0.961410 51.000000
-0.193187 0.357313 0.958552 53.000000
-0.182230 0.020010 0.960934 51.000000
-0.148880 0.100048 0.959981 50.000000
-0.094569 -0.442592 0.959028 50.000000
0.066937 0.323011 0.960934 50.000000
0.114102 0.356360 0.961887 50.000000
0.127442 -0.231062 0.961887 52.000000
0.169843 -0.108147 0.959028 52.000000
0.205098 -0.489757 0.958075 50.000000
0.213673 0.044783 0.961410 50.000000
0.239400 -0.238209 0.961887 50.000000
0.257980 0.447356 0.959028 50.000000
0.257504 0.287280 0.959504 50.000000
0.258456 0.229633 0.960934 50.000000
0.261791 0.066698 0.961410 50.000000
0.268461 -0.455455 0.962363 50.000000
-0.102192 0.006193 0.966651 51.000000
-0.081229 0.268223 0.964269 50.000000
0.055979 0.300619 0.963792 50.000000
0.090757 0.311577 0.962839 50.000000
0.195093 -0.506432 0.966174 50.000000
0.211768 0.161029 0.965698 50.000000
0.207956 -0.507384 0.965222 50.000000
0.216055 -0.450691 0.962839 50.000000
0.243687 -0.467842 0.964269 50.000000
0.258456 0.298714 0.963792 50.000000
0.260362 0.136732 0.962839 50.000000
0.261791 0.101477 0.963792 50.000000
0.271796 0.389709 0.967127 50.000000
0.272749 -0.499762 0.965698 50.000000
-0.125536 0.313006 0.969509 53.000000
-0.093140 -0.474988 0.969986 50.000000
-0.008337 -0.055264 0.970462 50.000000
0.045974 0.424011 0.968556 50.000000
0.139352 0.390186 0.969033 50.000000
0.187470 0.401620 0.970939 50.000000
0.213673 -0.397332 0.969033 50.000000
0.223202 -0.344926 0.971415 50.000000
0.248928 0.171510 0.968556 50.000000
0.262268 0.516913 0.969986 50.000000
0.260362 0.217723 0.967604 50.000000
0.271796 0.366841 0.967604 50.000000
-0.147928 0.234397 0.973321 53.000000
-0.079324 0.097189 0.974750 51.000000
0.179848 -0.238209 0.975226 50.000000
0.189852 0.149119 0.974750 50.000000
0.201286 -0.385422 0.976179 50.000000
0.206050 -0.016198 0.972844 50.000000
0.213197 0.206765 0.974750 50.000000
0.227966 0.077656 0.975226 50.000000
0.233206 -0.470700 0.973797 50.000000
0.249881 0.378752 0.976656 50.000000
0.249404 0.252025 0.975226 50.000000
0.247499 -0.308718 0.976656 50.000000
0.250357 -0.154359 0.976656 50.000000
0.264173 0.111958 0.974274 50.000000
0.259886 -0.308718 0.974274 50.000000
-0.180324 -0.211529 0.977608 51.000000
-0.077418 -0.055741 0.979514 51.000000
-0.056455 -0.451167 0.977132 50.000000
-0.032635 0.095760 0.981420 50.000000
0.015484 -0.022392 0.979038 52.000000
0.033587 -0.231539 0.980943 50.000000
0.046927 0.243449 0.977608 50.000000
0.232253 -0.268699 0.978561 50.000000
0.237970 0.240591 0.978085 50.000000
0.237494 -0.129585 0.980943 50.000000
0.241782 0.088137 0.980943 50.000000
0.263697 -0.155312 0.978561 50.000000
0.268938 -0.419247 0.977608 50.000000
-0.181277 0.188661 0.984755 53.000000
-0.180800 -0.090996 0.985231 51.000000
-0.169843 0.085755 0.985708 51.000000
-0.146975 0.015722 0.983802 51.000000
-0.135541 0.027632 0.982849 51.000000
-0.112673 0.038590 0.983802 51.000000
-0.055026 0.095283 0.985708 50.000000
-0.044545 0.243926 0.985708 50.000000
0.013101 0.424488 0.983325 53.000000
0.115055 -0.135779 0.983325 52.000000
0.136017 -0.328728 0.981896 50.000000
0.137446 -0.343020 0.985708 50.000000
0.192711 0.112911 0.983802 50.000000
0.188423 -0.346832 0.985708 50.000000
0.207003 -0.242496 0.983802 50.000000
0.228442 0.482611 0.983325 50.000000
0.239400 0.263459 0.983802 50.000000
0.257980 -0.020486 0.982372 50.000000
0.264173 0.390186 0.984755 50.000000
0.271320 -0.434969 0.982372 50.000000
-0.169843 0.165793 0.987137 50.000000
-0.169843 0.153883 0.991424 50.000000
-0.131253 -0.319200 0.990948 50.000000
-0.119819 -0.292997 0.989519 50.000000
-0.076465 -0.045260 0.987613 51.000000
0.025488 0.197713 0.987613 50.000000
0.032635 -0.171034 0.989043 52.000000
0.084088 0.311101 0.991424 50.000000
0.095998 0.276798 0.989995 50.000000
0.096475 -0.249643 0.988566 52.000000
0.141734 -0.163888 0.990472 52.000000
0.167937 0.390662 0.991424 50.000000
0.216055 0.424964 0.986660 50.000000
0.237494 -0.311577 0.988090 50.000000
0.242735 0.506432 0.989519 50.000000
0.241305 0.181515 0.987137 50.000000
0.253216 0.332539 0.990472 50.000000
0.252739 0.309671 0.988090 50.000000
0.255598 0.121963 0.990948 50.000000
0.262268 -0.465460 0.989519 50.000000
0.266079 0.344450 0.991424 50.000000
0.266555 0.181039 0.988566 50.000000
0.264650 -0.132444 0.986660 50.000000
0.267985 -0.171510 0.990472 50.000000
-0.203192 -0.215817 0.995236 51.000000
-0.201286 -0.481182 0.992377 50.000000
-0.178418 -0.331586 0.992377 50.000000
0.003573 0.459266 0.992854 53.000000
0.080753 -0.149119 0.992854 52.000000
0.136017 -0.280133 0.995236 50.000000
0.158409 -0.229633 0.995236 50.000000
0.215102 -0.338733 0.995236 50.000000
0.221772 -0.245831 0.993330 50.000000
0.254645 0.448785 0.992854 50.000000
0.254169 0.239638 0.991901 50.000000
0.256551 0.133397 0.994759 50.000000
0.258456 0.061934 0.995236 50.000000
0.263697 -0.301572 0.992854 50.000000
0.267032 0.367318 0.994759 50.000000
-0.188899 -0.497856 0.998094 50.000000
0.037875 0.299667 0.996189 50.000000
0.157456 0.356360 0.999524 50.000000
0.206527 0.448309 0.997618 50.000000
0.235588 -0.436875 0.996189 50.000000
0.243687 0.448785 0.998571 50.000000
0.245117 -0.196760 0.996665 50.000000
0.246546 0.073845 0.998094 50.000000
0.246546 0.062411 0.996189 50.000000
0.249404 -0.439257 0.999047 50.000000
0.251310 -0.467365 0.997141 50.000000
0.262268 -0.011434 1.000000 50.000000
0.268938 0.168175 0.997618 50.000000
0.271796 0.049071 0.996665 50.000000
