-0.229006 -0.508648 -1.000000 50.000000
-0.120233 0.173161 0.376537 53.000000
-0.075224 0.206501 0.376120 53.000000
0.203584 0.155657 0.377370 50.000000
0.201917 -0.296937 0.375703 50.000000
0.204418 -0.022713 0.378621 50.000000
0.211086 -0.304855 0.376537 50.000000
0.214003 -0.254011 0.378204 50.000000
0.224839 0.086476 0.379037 50.000000
0.221921 -0.031048 0.377787 50.000000
-0.079392 -0.152740 0.382371 51.000000
0.002709 -0.159825 0.379871 52.000000
0.006876 -0.079808 0.382788 52.000000
0.198583 -0.236924 0.383205 50.000000
0.203167 -0.321109 0.383205 50.000000
0.215670 0.077308 0.382788 50.000000
0.217754 0.106481 0.379871 50.000000
0.209002 -0.103146 0.387372 50.000000
0.220254 0.282351 0.383622 50.000000
0.222755 -0.164826 0.386956 50.000000
-0.115232 0.028548 0.388206 50.000000
-0.104814 -0.227756 0.389873 50.000000
-0.073140 -0.260263 0.390706 50.000000
0.023130 -0.113565 0.387789 52.000000
0.063138 -0.164409 0.387789 50.000000
0.213586 -0.328610 0.388206 50.000000
0.214003 -0.344864 0.391540 50.000000
0.213586 -0.353199 0.391540 50.000000
0.221088 0.195249 0.389039 50.000000
-0.156908 0.058137 0.392374 53.000000
-0.144405 -0.176495 0.394457 50.000000
-0.121484 -0.276516 0.394457 50.000000
-0.014795 -0.031465 0.394874 50.000000
0.206501 0.142321 0.394040 50.000000
0.216503 -0.294020 0.392790 50.000000
0.215253 -0.319442 0.391957 50.000000
0.226089 -0.145239 0.394040 50.000000
-0.153157 -0.251094 0.399042 50.000000
-0.088143 -0.226089 0.396124 50.000000
-0.076891 -0.122734 0.397374 51.000000
-0.063972 -0.259012 0.396541 50.000000
0.216087 -0.062305 0.399042 50.000000
0.222338 0.013961 0.396958 50.000000
-0.175662 -0.105230 0.402376 51.000000
0.180663 -0.361117 0.401959 50.000000
0.201917 0.167327 0.403626 50.000000
0.204001 -0.108148 0.404043 50.000000
0.219837 -0.143155 0.404043 50.000000
0.221088 0.168994 0.401959 50.000000
0.221921 -0.107731 0.400709 50.000000
0.226922 -0.343197 0.403626 50.000000
-0.152740 -0.232757 0.407377 50.000000
-0.048552 -0.056887 0.405293 50.000000
-0.038966 -0.028548 0.406543 50.000000
0.112315 -0.139404 0.408210 50.000000
0.113565 0.235674 0.406126 50.000000
0.208585 0.036049 0.408210 50.000000
0.216503 -0.205668 0.405710 50.000000
0.219421 0.148156 0.404459 50.000000
0.218587 0.138154 0.405710 50.000000
0.224839 -0.214003 0.405710 50.000000
0.225255 0.192748 0.406126 50.000000
-0.225672 -0.128985 0.411544 50.000000
-0.090227 -0.047302 0.409877 51.000000
0.205251 -0.011877 0.411544 50.000000
0.220254 0.057304 0.408627 50.000000
0.227756 0.028548 0.410294 50.000000
0.228173 -0.067306 0.411127 50.000000
0.229006 -0.359450 0.411544 50.000000
-0.024797 -0.133986 0.416545 50.000000
0.012711 0.103563 0.414461 50.000000
0.048969 0.233174 0.413211 50.000000
0.070640 0.027297 0.414461 50.000000
0.212336 -0.325693 0.412794 50.000000
0.218587 -0.221088 0.416128 50.000000
0.224422 0.252761 0.414878 50.000000
0.224839 0.164826 0.416545 50.000000
0.226089 0.000208 0.414045 50.000000
0.228589 -0.075641 0.414461 50.000000
-0.005626 0.233174 0.420713 53.000000
0.000625 -0.150656 0.417795 52.000000
0.027297 -0.131486 0.419462 52.000000
0.052303 -0.148989 0.417379 52.000000
0.219004 -0.237758 0.420713 50.000000
-0.192332 -0.134820 0.424047 51.000000
-0.107731 -0.107314 0.422796 51.000000
-0.090644 -0.098562 0.421963 51.000000
0.205668 -0.324859 0.421546 50.000000
0.210669 -0.093144 0.423213 50.000000
0.213586 0.143988 0.421129 50.000000
0.216920 -0.017295 0.421546 50.000000
0.221921 0.032298 0.422796 50.000000
-0.136070 -0.304438 0.427381 50.000000
-0.032715 0.234007 0.425714 53.000000
-0.006876 -0.165660 0.428631 52.000000
0.003126 -0.112732 0.425297 52.000000
0.044384 0.274015 0.426547 50.000000
0.206918 0.156908 0.427381 50.000000
0.205251 0.144822 0.425297 50.000000
0.207752 -0.035216 0.429048 50.000000
0.213586 0.033132 0.426547 50.000000
0.216920 -0.306522 0.426130 50.000000
0.222755 0.294020 0.427798 50.000000
0.226089 -0.043551 0.428214 50.000000
-0.176078 -0.211086 0.430715 50.000000
-0.093978 -0.278600 0.430715 50.000000
-0.031882 0.066889 0.429465 50.000000
0.109815 -0.124401 0.433215 50.000000
0.170661 -0.358616 0.429881 50.000000
0.198583 -0.332361 0.429881 50.000000
0.212336 0.192748 0.433215 50.000000
0.213586 -0.235674 0.433215 50.000000
0.218587 -0.297354 0.429881 50.000000
0.217754 -0.340279 0.433215 50.000000
0.224839 -0.062305 0.429465 50.000000
0.225255 0.045218 0.429465 50.000000
0.226506 -0.163992 0.430298 50.000000
-0.127735 -0.353199 0.435299 50.000000
-0.124401 -0.131069 0.435716 51.000000
-0.048135 -0.147322 0.436549 50.000000
-0.026047 0.173161 0.434882 53.000000
-0.021880 0.079392 0.434466 50.000000
0.050219 0.201084 0.437383 50.000000
0.059804 0.083559 0.433632 50.000000
0.092728 -0.115649 0.434882 52.000000
0.196499 -0.081059 0.436966 50.000000
0.208168 -0.374453 0.436133 50.000000
0.211086 -0.013961 0.434049 50.000000
0.220254 -0.022713 0.435299 50.000000
0.222755 0.194416 0.434466 50.000000
0.224422 0.119400 0.435299 50.000000
0.221921 -0.278600 0.437383 50.000000
-0.157741 -0.121484 0.439050 51.000000
-0.124818 -0.156908 0.438216 51.000000
-0.073974 0.099812 0.440300 53.000000
0.000625 0.144822 0.439883 50.000000
0.033132 -0.080225 0.439883 52.000000
0.181913 -0.357783 0.437800 50.000000
0.200250 -0.382788 0.440300 50.000000
0.207752 -0.208168 0.440300 50.000000
0.214836 0.017295 0.438216 50.000000
0.217754 -0.189831 0.438633 50.000000
0.224422 0.008960 0.439883 50.000000
-0.167327 -0.226089 0.442801 50.000000
-0.108564 -0.225255 0.444051 50.000000
-0.029798 -0.136070 0.444051 50.000000
0.027297 -0.032715 0.442384 52.000000
0.227756 -0.206501 0.443217 50.000000
-0.183163 -0.137737 0.446135 51.000000
-0.167743 -0.267764 0.448635 50.000000
-0.007293 -0.031882 0.449469 52.000000
0.019379 0.128985 0.449469 50.000000
0.068973 0.174828 0.449052 50.000000
0.205251 -0.010210 0.446968 50.000000
0.214836 -0.018546 0.449052 50.000000
-0.117316 -0.292353 0.453219 50.000000
-0.070223 -0.071473 0.450302 51.000000
-0.026464 -0.069806 0.451552 50.000000
0.008127 -0.096062 0.453219 52.000000
0.211086 -0.075641 0.452386 50.000000
0.216087 -0.285685 0.451136 50.000000
0.223588 -0.329444 0.451136 50.000000
0.227339 -0.267347 0.454053 50.000000
-0.133153 0.189831 0.456553 53.000000
-0.090644 -0.214003 0.456137 50.000000
-0.031882 0.192748 0.454470 53.000000
-0.011044 -0.150240 0.457387 52.000000
0.016879 -0.104397 0.455303 52.000000
0.043551 -0.111898 0.456970 52.000000
0.116483 -0.099396 0.456553 52.000000
0.216503 -0.328610 0.457804 50.000000
0.218587 0.284851 0.457387 50.000000
0.221921 0.034382 0.456970 50.000000
0.224839 -0.035216 0.455720 50.000000
0.227339 0.183163 0.457387 50.000000
-0.134820 0.116483 0.459054 53.000000
-0.099396 0.096478 0.458637 53.000000
-0.098145 -0.195666 0.461555 50.000000
-0.086060 0.204834 0.461555 53.000000
-0.076891 0.204834 0.460721 53.000000
-0.073557 -0.239008 0.461555 50.000000
-0.063138 -0.151073 0.459054 51.000000
-0.066055 -0.291102 0.460304 50.000000
-0.034799 -0.095645 0.459888 50.000000
-0.003126 0.029798 0.459054 50.000000
0.070223 0.033549 0.458637 50.000000
0.186914 -0.037299 0.458637 50.000000
0.200250 -0.121484 0.461555 50.000000
0.205668 0.250260 0.461555 50.000000
0.211919 0.024380 0.459888 50.000000
0.218587 0.096478 0.458637 50.000000
0.216920 -0.337362 0.460304 50.000000
0.223172 -0.063555 0.458637 50.000000
0.223588 -0.072307 0.461971 50.000000
0.229006 0.098145 0.460304 50.000000
-0.165660 -0.133153 0.463222 51.000000
-0.046051 -0.184830 0.465722 50.000000
-0.003959 0.001459 0.462805 50.000000
0.210669 -0.301521 0.466556 50.000000
0.219421 -0.301521 0.464055 50.000000
0.223588 0.130652 0.464055 50.000000
0.221504 -0.100646 0.463638 50.000000
-0.224839 0.038133 0.468223 50.000000
-0.173578 -0.095228 0.469473 51.000000
-0.120650 -0.066472 0.469890 51.000000
-0.083142 -0.332778 0.467806 50.000000
-0.047718 -0.280683 0.469056 50.000000
0.016462 0.024380 0.469473 50.000000
0.190665 -0.363201 0.470723 50.000000
0.213586 -0.256512 0.469473 50.000000
0.226922 -0.051052 0.468223 50.000000
0.227756 -0.165243 0.466972 50.000000
0.228173 -0.362367 0.469473 50.000000
-0.123984 -0.271932 0.474474 50.000000
-0.048135 -0.006876 0.471557 50.000000
-0.007293 0.259846 0.473224 53.000000
0.073974 -0.106064 0.474057 52.000000
0.141488 -0.064805 0.474474 50.000000
0.219421 -0.379871 0.474057 50.000000
0.221504 -0.309023 0.472807 50.000000
-0.117733 0.032715 0.477808 50.000000
-0.105230 0.157741 0.479058 53.000000
-0.105647 -0.210252 0.476974 50.000000
-0.078975 -0.156074 0.476141 51.000000
-0.071056 -0.191915 0.476974 50.000000
-0.057304 0.191915 0.478225 53.000000
-0.035632 0.064388 0.475724 50.000000
0.003126 0.107731 0.475724 50.000000
0.011044 0.077308 0.477391 50.000000
0.066472 0.070640 0.477391 50.000000
0.073974 -0.123984 0.477391 52.000000
0.130652 -0.102313 0.478641 52.000000
0.183163 -0.362367 0.476974 50.000000
0.214003 -0.117316 0.475307 50.000000
0.221088 -0.163159 0.476558 50.000000
-0.157741 -0.253595 0.481142 50.000000
-0.142738 0.105230 0.482392 53.000000
-0.121484 0.224839 0.481975 53.000000
-0.098562 0.065222 0.482392 53.000000
-0.088560 -0.218170 0.479475 50.000000
-0.088560 -0.226506 0.481559 50.000000
-0.086060 -0.118566 0.481559 51.000000
-0.073974 0.238175 0.482809 53.000000
-0.046885 0.215253 0.479892 53.000000
0.031882 -0.058971 0.480308 52.000000
0.167743 -0.291936 0.479892 50.000000
0.209002 -0.077725 0.481142 50.000000
0.219421 0.238591 0.481975 50.000000
0.224005 0.274849 0.483226 50.000000
0.221504 -0.171911 0.479892 50.000000
0.221088 -0.181079 0.480308 50.000000
0.221088 -0.189831 0.482809 50.000000
-0.145655 -0.043551 0.484059 51.000000
-0.140654 0.191915 0.484059 53.000000
-0.141488 -0.347781 0.487393 50.000000
-0.098145 0.075641 0.483642 53.000000
-0.093978 0.204001 0.483642 53.000000
-0.090227 0.036466 0.486977 50.000000
-0.078975 -0.199000 0.486560 50.000000
-0.073974 0.228589 0.486143 53.000000
-0.069806 -0.172328 0.483642 51.000000
-0.040217 -0.079392 0.483642 50.000000
-0.035216 0.251928 0.483642 53.000000
-0.032715 -0.125651 0.485309 50.000000
-0.016462 0.058554 0.484059 50.000000
-0.015628 -0.134820 0.484059 52.000000
0.189414 0.332361 0.486143 50.000000
0.190248 -0.087310 0.485309 50.000000
0.206501 -0.316524 0.487393 50.000000
0.220671 0.149406 0.484059 50.000000
0.218170 -0.104814 0.486143 50.000000
0.224839 0.086476 0.486143 50.000000
0.224005 -0.036049 0.487393 50.000000
0.221088 -0.056887 0.483642 50.000000
0.228173 0.118983 0.486977 50.000000
-0.165660 -0.234424 0.489060 50.000000
-0.137320 -0.080225 0.488644 51.000000
-0.113149 0.172328 0.487810 53.000000
-0.111065 -0.088977 0.488227 51.000000
-0.096062 -0.198583 0.489894 50.000000
-0.084809 -0.106897 0.490727 51.000000
-0.071473 0.048135 0.489060 50.000000
-0.046051 -0.321109 0.490727 50.000000
-0.033965 -0.179412 0.490727 50.000000
-0.004793 -0.105230 0.489060 52.000000
-0.003126 0.123984 0.490311 50.000000
0.022713 0.083559 0.491144 50.000000
0.042717 -0.056053 0.488227 52.000000
0.130652 -0.379871 0.489477 50.000000
0.213169 0.055637 0.490727 50.000000
0.215253 -0.360700 0.489894 50.000000
0.216920 0.289019 0.489894 50.000000
0.223172 0.056470 0.490727 50.000000
0.221921 -0.216087 0.490311 50.000000
0.226089 -0.141488 0.488644 50.000000
-0.181496 -0.097312 0.494895 51.000000
-0.182746 -0.242759 0.494061 50.000000
-0.032298 -0.141488 0.495728 50.000000
-0.015628 0.235257 0.494061 53.000000
0.033132 -0.083142 0.494895 52.000000
0.204001 0.056053 0.494895 50.000000
0.227756 -0.131069 0.491978 50.000000
-0.130652 -0.233174 0.496145 50.000000
-0.126485 -0.010210 0.496562 51.000000
-0.122734 -0.285268 0.499896 50.000000
-0.112732 -0.188164 0.497395 50.000000
-0.096478 0.091477 0.497812 53.000000
-0.066055 -0.085643 0.498229 51.000000
-0.039800 0.115649 0.499896 50.000000
0.007710 0.128568 0.499896 50.000000
0.097312 -0.107731 0.499479 52.000000
-0.224422 0.103147 0.503647 50.000000
-0.165660 -0.284851 0.503647 50.000000
-0.087727 -0.276099 0.501980 50.000000
-0.088143 -0.311107 0.502396 50.000000
-0.085643 -0.177329 0.504063 51.000000
-0.075641 -0.140654 0.503230 51.000000
-0.068556 -0.204834 0.500729 50.000000
-0.061888 -0.328193 0.503647 50.000000
-0.035632 -0.006043 0.502813 50.000000
-0.027297 -0.025214 0.502813 50.000000
-0.018546 -0.035216 0.501980 50.000000
0.025214 -0.081475 0.502396 52.000000
0.054803 -0.032715 0.500313 52.000000
0.088143 -0.117316 0.501980 52.000000
0.210669 -0.323609 0.502396 50.000000
0.216503 -0.051886 0.501980 50.000000
-0.182746 -0.249010 0.508231 50.000000
-0.182746 -0.266931 0.505730 50.000000
-0.104814 -0.310690 0.507814 50.000000
-0.091477 -0.073974 0.507814 51.000000
-0.074807 -0.121067 0.507397 51.000000
-0.069389 0.064805 0.506147 50.000000
0.061054 -0.126485 0.507397 52.000000
0.066055 0.134403 0.505730 50.000000
0.068139 0.294853 0.507397 50.000000
0.091477 0.213586 0.505314 50.000000
0.099396 -0.087310 0.504480 52.000000
0.136487 -0.104814 0.504897 52.000000
0.139404 -0.056053 0.504480 52.000000
0.212753 0.214420 0.506981 50.000000
-0.225255 -0.054803 0.511565 50.000000
-0.163159 -0.101896 0.511982 51.000000
-0.149406 0.170244 0.509481 53.000000
-0.139821 0.171077 0.511148 53.000000
-0.128152 -0.120650 0.511565 51.000000
-0.123567 0.095645 0.509064 53.000000
-0.113149 0.128985 0.511982 53.000000
-0.109815 -0.101479 0.512398 51.000000
-0.112315 -0.212753 0.508648 50.000000
-0.068556 0.076891 0.510731 50.000000
-0.054386 0.194832 0.508648 53.000000
-0.016462 -0.021880 0.512398 50.000000
0.018129 0.280684 0.510731 50.000000
0.041884 0.039800 0.509064 50.000000
0.043134 -0.126068 0.511565 52.000000
0.201917 -0.166076 0.512398 50.000000
0.218587 -0.203167 0.511148 50.000000
0.224422 -0.117316 0.511565 50.000000
-0.205251 0.204834 0.513232 50.000000
-0.168577 0.129402 0.515733 53.000000
-0.125651 0.349448 0.515733 50.000000
-0.127318 0.288185 0.514899 50.000000
-0.128152 -0.129402 0.513649 51.000000
-0.106897 0.015211 0.512815 51.000000
-0.090227 0.241509 0.513649 53.000000
-0.076891 -0.229423 0.513232 50.000000
-0.063138 -0.061054 0.516149 51.000000
-0.059804 0.047718 0.514899 50.000000
-0.058137 -0.192332 0.516149 50.000000
-0.039800 0.079808 0.515733 50.000000
-0.036466 0.154824 0.516566 50.000000
0.028548 0.125234 0.515316 50.000000
0.027714 0.113982 0.514065 50.000000
0.034382 -0.134403 0.516566 52.000000
0.045218 0.083142 0.514899 50.000000
0.049385 -0.008543 0.515316 52.000000
0.101479 0.056053 0.516566 50.000000
0.206501 -0.107731 0.516149 50.000000
0.207335 -0.249427 0.513232 50.000000
0.212753 -0.155657 0.514899 50.000000
0.213586 -0.136487 0.513649 50.000000
0.217754 -0.239842 0.514899 50.000000
-0.156908 -0.353199 0.517400 50.000000
-0.094811 -0.264847 0.518650 50.000000
-0.083976 -0.156074 0.516983 51.000000
-0.071890 -0.060638 0.519483 51.000000
-0.042717 -0.001042 0.518233 50.000000
-0.044384 -0.049802 0.519900 50.000000
-0.041050 0.040217 0.520734 50.000000
-0.026464 0.156491 0.519067 50.000000
0.032298 0.011877 0.517816 50.000000
0.094811 -0.054386 0.519483 52.000000
0.208168 -0.096895 0.519900 50.000000
0.225255 -0.330694 0.519900 50.000000
-0.155241 -0.219004 0.524484 50.000000
-0.143155 -0.001459 0.524484 51.000000
-0.136070 -0.098979 0.522817 51.000000
-0.137320 -0.173578 0.522401 51.000000
-0.130652 0.153990 0.521567 53.000000
-0.116066 -0.011461 0.523234 51.000000
-0.111898 -0.272765 0.523651 50.000000
-0.097729 -0.011461 0.521567 51.000000
-0.056887 -0.181496 0.524901 50.000000
-0.044384 -0.059387 0.521567 50.000000
-0.039800 0.061888 0.523234 50.000000
-0.038550 -0.163159 0.523234 50.000000
-0.036049 -0.087310 0.523234 50.000000
-0.017295 0.137737 0.524901 50.000000
-0.011877 0.052719 0.524068 50.000000
0.006460 0.043551 0.524484 50.000000
0.009794 -0.086060 0.523651 52.000000
0.023963 0.013545 0.524068 50.000000
0.036049 0.065222 0.523234 50.000000
0.105647 0.223588 0.524484 50.000000
0.212753 -0.200667 0.524901 50.000000
0.228589 0.320275 0.524901 50.000000
0.225255 0.089810 0.524901 50.000000
0.228173 -0.284018 0.523651 50.000000
-0.173161 -0.245259 0.529069 50.000000
-0.121067 -0.290269 0.526151 50.000000
-0.111482 -0.263597 0.526568 50.000000
-0.084393 0.114816 0.527818 53.000000
-0.085643 -0.281517 0.525735 50.000000
-0.067722 0.052303 0.528235 50.000000
-0.068139 0.041050 0.526151 50.000000
-0.059387 -0.307772 0.526985 50.000000
-0.038966 0.073140 0.525318 50.000000
-0.038550 -0.189831 0.528235 50.000000
-0.008543 0.298604 0.525318 50.000000
0.001042 0.117316 0.525735 50.000000
0.027714 0.086476 0.525318 50.000000
0.061471 0.303188 0.525318 50.000000
0.074807 0.058971 0.528652 50.000000
0.095645 -0.071473 0.527402 52.000000
0.106064 -0.060638 0.529069 52.000000
0.218587 -0.113982 0.526151 50.000000
0.228589 0.007293 0.528235 50.000000
0.229006 -0.301938 0.529069 50.000000
-0.213586 0.356533 0.530319 50.000000
-0.141071 0.083559 0.533236 53.000000
-0.108981 -0.124818 0.530319 51.000000
-0.102313 -0.236091 0.529485 50.000000
-0.095228 0.052719 0.531152 50.000000
-0.078975 -0.027297 0.532403 51.000000
-0.073974 0.126901 0.531152 50.000000
-0.048969 0.043551 0.531569 50.000000
-0.038133 0.287768 0.531152 53.000000
-0.019796 0.075224 0.529485 50.000000
-0.001875 0.045635 0.531569 50.000000
0.085643 -0.099812 0.532819 52.000000
0.227756 -0.141905 0.529485 50.000000
-0.172744 -0.253178 0.536570 50.000000
-0.163159 -0.170661 0.536987 51.000000
-0.163993 -0.244426 0.535320 50.000000
-0.120233 -0.297770 0.536570 50.000000
-0.098145 0.251094 0.534070 53.000000
-0.092311 -0.216503 0.536153 50.000000
-0.087727 -0.016879 0.535320 51.000000
-0.085226 -0.315691 0.535320 50.000000
-0.058554 0.033965 0.534070 50.000000
-0.055637 0.097729 0.536987 50.000000
-0.056053 -0.206918 0.536153 50.000000
-0.047302 -0.206918 0.534070 50.000000
-0.023130 0.186497 0.536570 50.000000
-0.019379 0.066472 0.534070 50.000000
-0.010627 0.046885 0.536570 50.000000
0.007293 0.210669 0.536570 53.000000
0.070640 -0.030631 0.536153 52.000000
0.076891 0.215253 0.536153 50.000000
0.099396 0.251511 0.535320 50.000000
0.103146 0.299021 0.533653 50.000000
0.126485 -0.058137 0.534070 52.000000
0.199833 -0.132736 0.534070 50.000000
0.201917 -0.292353 0.536153 50.000000
0.210252 -0.329027 0.536153 50.000000
0.224005 -0.072307 0.534486 50.000000
0.226506 0.277349 0.537404 50.000000
-0.181913 -0.270681 0.539904 50.000000
-0.172744 -0.261930 0.538654 50.000000
-0.145655 -0.216503 0.538237 50.000000
-0.122734 0.044801 0.539487 50.000000
-0.101479 -0.225255 0.538237 50.000000
-0.084393 0.076891 0.539487 53.000000
-0.049802 0.232757 0.539904 53.000000
-0.013961 0.166910 0.541571 50.000000
0.069389 0.239842 0.540321 50.000000
0.082309 0.138987 0.541571 50.000000
0.096895 -0.087727 0.539487 52.000000
0.106064 -0.088143 0.537820 52.000000
0.173161 -0.103980 0.538654 50.000000
0.172744 -0.311523 0.537820 50.000000
0.211502 -0.337779 0.541154 50.000000
0.216087 -0.216920 0.539487 50.000000
0.220254 -0.374036 0.541154 50.000000
0.224422 -0.254011 0.540321 50.000000
0.227339 0.183580 0.537820 50.000000
-0.188998 -0.093978 0.541988 51.000000
-0.180246 -0.102730 0.544905 51.000000
-0.154407 -0.224839 0.542821 50.000000
-0.148156 0.163576 0.544072 53.000000
-0.142738 -0.043967 0.545739 51.000000
-0.143572 -0.084393 0.541988 51.000000
-0.118566 -0.215253 0.543655 50.000000
-0.119400 -0.251927 0.542405 50.000000
-0.113982 0.352782 0.543655 50.000000
-0.116066 -0.083142 0.544905 51.000000
-0.093561 0.068556 0.545739 50.000000
-0.081892 -0.186914 0.544489 50.000000
-0.072723 -0.177329 0.545322 51.000000
-0.074807 -0.269431 0.544072 50.000000
-0.067306 0.017295 0.545739 50.000000
-0.068973 -0.033132 0.545322 51.000000
-0.064805 -0.232757 0.545322 50.000000
-0.017295 0.090644 0.542405 50.000000
0.078975 0.230256 0.543238 50.000000
0.116899 -0.095228 0.545322 52.000000
0.205668 -0.254011 0.544072 50.000000
0.217337 0.063555 0.543238 50.000000
0.217337 -0.225255 0.545739 50.000000
-0.155241 -0.287352 0.548239 50.000000
-0.082309 0.133153 0.546572 53.000000
-0.063555 -0.186080 0.546989 50.000000
-0.065639 -0.278183 0.546156 50.000000
-0.066055 -0.314024 0.547823 50.000000
-0.058554 -0.011877 0.548239 50.000000
-0.052303 -0.100646 0.546989 50.000000
-0.053970 -0.166910 0.549073 50.000000
-0.048135 0.018962 0.549073 50.000000
-0.018962 0.040633 0.549489 50.000000
-0.004793 0.136904 0.548656 50.000000
0.001042 0.071890 0.546156 50.000000
0.011044 0.250677 0.546989 50.000000
0.041050 -0.098145 0.546989 52.000000
0.042300 0.116899 0.546156 50.000000
0.041884 -0.078141 0.547406 52.000000
0.049385 -0.126485 0.548656 52.000000
0.061054 -0.067722 0.546989 52.000000
0.071473 -0.056887 0.548656 52.000000
0.150656 -0.033132 0.548239 50.000000
0.219004 -0.205668 0.548239 50.000000
0.223588 0.120233 0.548656 50.000000
0.223588 0.003126 0.549073 50.000000
0.225255 -0.271932 0.546156 50.000000
-0.134403 -0.110648 0.551573 51.000000
-0.125651 -0.129402 0.551157 51.000000
-0.116066 -0.091061 0.551573 51.000000
-0.116483 -0.119400 0.553240 51.000000
-0.108981 -0.213586 0.551157 50.000000
-0.094811 0.008960 0.552824 51.000000
-0.067722 -0.020213 0.554074 50.000000
-0.036883 0.274849 0.552824 53.000000
-0.026881 0.062721 0.552824 50.000000
-0.013961 -0.088560 0.552407 52.000000
0.004793 -0.078558 0.551990 52.000000
0.031048 0.075224 0.551573 50.000000
0.031882 -0.106897 0.550740 52.000000
0.042717 0.267347 0.551990 50.000000
0.071890 0.099812 0.553657 50.000000
0.166910 -0.101063 0.551990 50.000000
0.186914 -0.290686 0.552824 50.000000
0.207752 -0.078975 0.551157 50.000000
0.225672 -0.299021 0.552407 50.000000
-0.163159 -0.231090 0.557825 50.000000
-0.145239 -0.249844 0.555741 50.000000
-0.145655 -0.295270 0.556574 50.000000
-0.123567 -0.041050 0.555741 51.000000
-0.104814 -0.020629 0.555741 51.000000
-0.102730 0.051052 0.556158 50.000000
-0.100646 -0.276933 0.556991 50.000000
-0.098145 -0.137320 0.557408 51.000000
-0.091894 -0.286101 0.556574 50.000000
-0.074807 0.051469 0.554907 50.000000
-0.061471 -0.137320 0.554491 50.000000
-0.056470 -0.331111 0.554491 50.000000
-0.046051 0.062721 0.554491 50.000000
0.001459 0.044384 0.556991 50.000000
0.012711 0.086060 0.554491 50.000000
0.019379 0.014378 0.558241 50.000000
0.033965 0.280267 0.555741 50.000000
0.063972 0.271515 0.557408 50.000000
0.071056 0.235257 0.554907 50.000000
0.078975 -0.133153 0.556158 52.000000
0.118566 -0.111898 0.557408 52.000000
0.137320 0.289019 0.556158 50.000000
0.151490 -0.050219 0.557825 50.000000
0.216503 -0.299021 0.554491 50.000000
0.219837 -0.232757 0.556574 50.000000
0.223172 -0.026047 0.555324 50.000000
-0.188164 -0.040217 0.559908 51.000000
-0.170244 -0.098562 0.561159 51.000000
-0.158158 0.094811 0.561992 53.000000
-0.136487 -0.285685 0.558658 50.000000
-0.132319 -0.009794 0.559075 51.000000
-0.112732 0.021046 0.559492 51.000000
-0.111482 0.072723 0.559075 50.000000
-0.098562 0.183163 0.560742 53.000000
-0.096478 -0.078558 0.560325 51.000000
-0.088143 -0.126485 0.562409 51.000000
-0.071890 -0.202334 0.559075 50.000000
-0.028131 -0.294020 0.559492 50.000000
-0.019796 -0.017295 0.559492 50.000000
-0.011877 -0.047302 0.559075 52.000000
0.000208 0.013545 0.558658 50.000000
0.030631 0.036466 0.561575 50.000000
0.042717 -0.104397 0.559908 52.000000
0.053970 0.261096 0.562409 50.000000
0.052719 0.090644 0.561159 50.000000
0.084809 -0.023130 0.559492 52.000000
0.096478 0.148156 0.561575 50.000000
0.197750 0.359033 0.558658 50.000000
0.209419 -0.270265 0.560325 50.000000
0.215253 -0.014378 0.561575 50.000000
-0.168160 0.043134 0.566160 50.000000
-0.168994 -0.008543 0.565326 51.000000
-0.142738 -0.097312 0.566160 51.000000
-0.143988 -0.164826 0.562826 51.000000
-0.116066 -0.136070 0.564076 51.000000
-0.101896 0.064805 0.564909 50.000000
-0.068973 -0.096895 0.563242 51.000000
-0.062305 0.107731 0.562826 50.000000
-0.047718 -0.016462 0.564909 50.000000
-0.042300 -0.153574 0.566160 50.000000
-0.038966 -0.026881 0.562826 50.000000
-0.036883 0.245676 0.566576 53.000000
-0.024380 -0.171911 0.566576 50.000000
-0.013544 -0.114816 0.564493 52.000000
-0.007710 0.036049 0.564076 50.000000
0.003959 -0.161909 0.565326 52.000000
0.008960 -0.024380 0.566576 52.000000
0.049802 0.347781 0.564076 50.000000
0.063555 0.092728 0.564493 50.000000
0.100646 0.052303 0.565743 50.000000
0.194416 -0.203167 0.566160 50.000000
-0.170661 -0.144822 0.568243 51.000000
-0.158158 0.075641 0.568660 50.000000
-0.153990 -0.275682 0.566993 50.000000
-0.143155 -0.134820 0.569077 51.000000
-0.144822 -0.256512 0.570744 50.000000
-0.139821 0.055637 0.570744 50.000000
-0.131069 0.024380 0.569910 51.000000
-0.127318 -0.311940 0.567410 50.000000
-0.100229 0.108981 0.568660 53.000000
-0.090644 -0.274849 0.569077 50.000000
-0.085226 -0.036049 0.570327 51.000000
-0.080225 -0.219004 0.570744 50.000000
-0.067722 -0.066055 0.567410 51.000000
-0.064388 0.035632 0.569077 50.000000
-0.042717 0.110648 0.568660 50.000000
-0.025214 0.057720 0.568660 50.000000
-0.002292 -0.074390 0.566993 52.000000
0.015628 0.285268 0.567827 50.000000
0.033132 0.238175 0.567410 50.000000
0.036883 -0.052719 0.569077 52.000000
0.088977 0.304022 0.570744 50.000000
0.131902 -0.088560 0.569077 52.000000
0.183580 0.311523 0.567410 50.000000
0.219004 -0.133570 0.569077 50.000000
-0.225255 -0.065639 0.574495 50.000000
-0.197333 -0.056470 0.571577 51.000000
-0.153574 -0.247343 0.571161 50.000000
-0.136070 -0.301938 0.574912 50.000000
-0.120650 0.046051 0.571994 50.000000
-0.106064 -0.124401 0.571161 51.000000
-0.090644 -0.301938 0.572411 50.000000
-0.084809 -0.024797 0.573661 51.000000
-0.059804 -0.142321 0.573661 50.000000
-0.046051 -0.003126 0.574912 50.000000
-0.049802 -0.113149 0.574495 50.000000
-0.040217 0.156908 0.574078 50.000000
-0.030215 0.157324 0.573661 50.000000
-0.031882 0.123151 0.571577 50.000000
-0.003542 0.298604 0.572411 53.000000
0.048552 -0.021046 0.571994 52.000000
0.075224 -0.070223 0.572828 52.000000
0.082309 -0.119817 0.571161 52.000000
0.106481 -0.028548 0.571161 50.000000
0.195666 -0.053136 0.574912 50.000000
0.202751 0.041050 0.574912 50.000000
0.204001 -0.249427 0.574078 50.000000
0.202751 -0.278183 0.572828 50.000000
0.218170 0.106897 0.572828 50.000000
0.221921 -0.286935 0.572411 50.000000
-0.162742 -0.264847 0.577829 50.000000
-0.158991 0.026047 0.575745 51.000000
-0.159825 -0.034382 0.578246 51.000000
-0.157324 0.111482 0.577829 53.000000
-0.152323 -0.171494 0.575745 51.000000
-0.144405 -0.264847 0.576162 50.000000
-0.145239 -0.346947 0.578246 50.000000
-0.125651 -0.227756 0.577412 50.000000
-0.121484 -0.003959 0.577829 51.000000
-0.117316 -0.301104 0.579079 50.000000
-0.116066 -0.190248 0.576578 50.000000
-0.108564 -0.292353 0.576162 50.000000
-0.106064 -0.142321 0.576995 51.000000
-0.106481 -0.161909 0.575745 51.000000
-0.100646 0.080642 0.579079 53.000000
-0.084393 0.284434 0.575745 53.000000
-0.086893 0.203167 0.579079 53.000000
-0.081475 0.079808 0.575328 50.000000
-0.081892 0.058971 0.577412 50.000000
-0.071890 -0.310273 0.579079 50.000000
-0.070640 0.112732 0.576578 50.000000
-0.070223 -0.208168 0.577829 50.000000
-0.066055 -0.033965 0.575328 50.000000
-0.058554 0.179412 0.575328 53.000000
-0.041884 0.103147 0.577412 50.000000
-0.031882 0.114816 0.577829 50.000000
-0.020213 0.158575 0.575745 50.000000
-0.016462 0.018546 0.575745 50.000000
0.007293 -0.101479 0.576162 52.000000
0.018129 0.128152 0.578246 50.000000
0.018962 -0.060638 0.578246 52.000000
0.035632 0.255678 0.578662 50.000000
0.036466 -0.090227 0.577829 52.000000
0.083142 0.211086 0.576995 50.000000
0.105230 -0.067722 0.576578 52.000000
0.138571 -0.014378 0.578662 50.000000
0.206501 -0.210669 0.576995 50.000000
0.215670 -0.229840 0.575745 50.000000
0.219421 -0.161492 0.576162 50.000000
0.221921 0.345697 0.576578 50.000000
0.228589 -0.180246 0.577829 50.000000
-0.171494 -0.264013 0.581996 50.000000
-0.171494 -0.282351 0.583247 50.000000
-0.129402 0.070640 0.582830 50.000000
-0.116483 0.202334 0.579496 53.000000
-0.096478 -0.151073 0.581163 51.000000
-0.095645 -0.121484 0.583247 51.000000
-0.088560 -0.226506 0.581996 50.000000
-0.076058 0.227756 0.581163 53.000000
-0.049385 0.148156 0.580329 50.000000
-0.048135 -0.081475 0.581996 50.000000
-0.043551 0.041050 0.583247 50.000000
-0.039800 0.138571 0.583247 50.000000
-0.025214 0.029798 0.579496 50.000000
-0.026047 -0.327777 0.580329 50.000000
0.023963 0.043551 0.582830 50.000000
0.044384 0.054803 0.582413 50.000000
0.067306 0.109815 0.581580 50.000000
0.113149 -0.116066 0.580329 52.000000
0.121067 0.288602 0.583247 50.000000
0.123984 -0.096062 0.579912 52.000000
0.154407 0.314441 0.579496 50.000000
0.204001 0.164409 0.579912 50.000000
0.203584 -0.111065 0.582830 50.000000
0.202334 -0.131486 0.582413 50.000000
0.209419 0.321525 0.581996 50.000000
0.223172 0.023130 0.579912 50.000000
-0.106064 -0.178996 0.584497 51.000000
-0.087727 0.161075 0.586997 53.000000
-0.089394 -0.291102 0.585747 50.000000
-0.084809 -0.071056 0.586997 51.000000
-0.079808 0.116066 0.584914 50.000000
-0.071056 -0.281934 0.583663 50.000000
-0.054386 0.254428 0.586164 53.000000
-0.046885 -0.051052 0.584080 50.000000
-0.047302 -0.070640 0.586164 50.000000
-0.019796 0.141071 0.587414 50.000000
-0.001042 0.118983 0.585747 50.000000
0.019379 0.307356 0.586997 50.000000
0.026881 0.269431 0.583663 50.000000
0.051469 0.166910 0.586997 50.000000
0.077725 -0.056887 0.584080 52.000000
0.127318 -0.054386 0.584080 52.000000
0.197750 0.411961 0.584497 50.000000
0.212753 -0.130652 0.583663 50.000000
0.215670 -0.090227 0.584497 50.000000
0.215253 -0.100229 0.584914 50.000000
0.219421 -0.199000 0.585330 50.000000
0.225672 0.262763 0.584497 50.000000
0.229006 0.191498 0.584080 50.000000
-0.224005 0.172328 0.591165 50.000000
-0.161075 -0.178579 0.588664 51.000000
-0.157741 0.072723 0.589498 50.000000
-0.148573 0.041467 0.589915 50.000000
-0.149823 -0.041467 0.588664 51.000000
-0.145239 0.218170 0.590331 53.000000
-0.122734 -0.090644 0.589498 51.000000
-0.119817 0.041884 0.590331 50.000000
-0.116066 0.195666 0.589915 53.000000
-0.114816 -0.168160 0.590331 51.000000
-0.107314 -0.281517 0.587831 50.000000
-0.102313 -0.020213 0.589498 51.000000
-0.087727 -0.196916 0.588664 50.000000
-0.086476 0.195249 0.587831 53.000000
-0.069806 -0.243592 0.589498 50.000000
-0.066055 0.209419 0.591582 53.000000
-0.050636 -0.206085 0.588248 50.000000
-0.051052 -0.234424 0.589081 50.000000
-0.040633 0.097312 0.590748 50.000000
-0.033132 0.054386 0.589498 50.000000
-0.033132 -0.271515 0.589915 50.000000
-0.021463 0.097312 0.588664 50.000000
-0.013961 0.044384 0.589498 50.000000
0.005626 0.235674 0.591165 53.000000
0.020213 0.143572 0.589081 50.000000
0.046885 0.079808 0.591165 50.000000
0.050636 0.146072 0.591165 50.000000
0.071890 0.311940 0.589081 50.000000
0.088143 -0.065222 0.588248 52.000000
0.101896 0.006876 0.587831 50.000000
0.123567 0.030215 0.590331 50.000000
0.126068 0.062305 0.590331 50.000000
0.139821 -0.021880 0.587831 50.000000
0.201500 0.336529 0.588248 50.000000
0.204834 0.024797 0.589915 50.000000
0.227339 -0.265680 0.587831 50.000000
0.225255 -0.313607 0.587831 50.000000
-0.160242 -0.109815 0.593665 51.000000
-0.154824 0.220254 0.594916 53.000000
-0.150240 -0.060221 0.592415 51.000000
-0.142321 -0.167327 0.595332 51.000000
-0.130652 -0.019796 0.592415 51.000000
-0.132736 -0.138987 0.592832 51.000000
-0.112732 0.304855 0.594499 53.000000
-0.116483 0.162742 0.593665 53.000000
-0.111898 -0.038966 0.595332 51.000000
-0.103563 0.269014 0.595332 53.000000
-0.100646 0.033132 0.594916 51.000000
-0.074391 -0.058554 0.594916 51.000000
-0.059387 -0.205251 0.592415 50.000000
-0.036883 0.177329 0.594916 50.000000
-0.018129 -0.068139 0.591998 52.000000
0.027297 0.078975 0.591998 50.000000
0.037716 -0.116066 0.591998 52.000000
0.054386 0.027297 0.592832 50.000000
0.076474 -0.114816 0.592415 52.000000
0.109815 -0.042717 0.592832 52.000000
0.128568 0.345280 0.595749 50.000000
0.127735 0.075224 0.595332 50.000000
0.185664 -0.351532 0.594082 50.000000
0.196083 -0.118983 0.594499 50.000000
0.196916 -0.313190 0.594916 50.000000
0.209419 -0.255678 0.594916 50.000000
0.214420 0.004793 0.591998 50.000000
0.218587 -0.274849 0.594499 50.000000
-0.158991 -0.038133 0.599917 51.000000
-0.137737 0.076474 0.598666 50.000000
-0.133570 0.269014 0.596583 53.000000
-0.134403 -0.271098 0.596999 50.000000
-0.126901 0.130235 0.596583 53.000000
-0.121900 -0.068973 0.596166 51.000000
-0.115232 -0.233174 0.597833 50.000000
-0.099812 0.055637 0.598250 50.000000
-0.096895 -0.261096 0.599083 50.000000
-0.072307 0.003126 0.596999 51.000000
-0.066889 0.166493 0.599083 50.000000
-0.053553 -0.006876 0.596583 50.000000
-0.006876 -0.046051 0.598250 52.000000
0.006460 0.037299 0.597416 50.000000
0.004793 0.005626 0.596999 52.000000
0.015628 0.027297 0.598250 50.000000
0.024797 0.016879 0.597416 50.000000
0.063138 -0.012294 0.598250 52.000000
0.091477 0.279850 0.596166 50.000000
0.121900 -0.020213 0.597416 50.000000
0.138571 0.076891 0.598250 50.000000
0.186914 -0.360283 0.599917 50.000000
0.207335 -0.117733 0.598250 50.000000
0.209002 -0.096895 0.599917 50.000000
0.216920 0.017712 0.598250 50.000000
-0.177329 -0.006876 0.602417 51.000000
-0.177745 -0.026881 0.604084 51.000000
-0.168577 -0.068556 0.600333 51.000000
-0.158991 -0.046885 0.604084 51.000000
-0.142738 -0.232757 0.602001 50.000000
-0.140654 -0.077725 0.601584 51.000000
-0.123984 -0.194832 0.600333 50.000000
-0.111482 -0.056887 0.604084 51.000000
-0.076474 -0.164826 0.603667 51.000000
-0.060638 0.058137 0.603251 50.000000
-0.061888 0.025630 0.601167 50.000000
-0.047302 -0.145239 0.603251 50.000000
-0.039383 -0.202751 0.603667 50.000000
-0.021880 0.048969 0.603251 50.000000
-0.015628 -0.044801 0.602417 52.000000
0.034799 -0.001459 0.603667 52.000000
0.118566 0.346947 0.600333 50.000000
0.118566 -0.100646 0.602834 52.000000
0.169410 -0.088143 0.603251 50.000000
0.207335 -0.369452 0.601584 50.000000
0.219837 0.040633 0.602834 50.000000
0.224422 0.319858 0.600333 50.000000
-0.186914 -0.015211 0.608252 51.000000
-0.148156 0.025630 0.605751 51.000000
-0.125651 0.167327 0.604501 53.000000
-0.122734 -0.154824 0.607835 51.000000
-0.104814 0.202334 0.605335 53.000000
-0.091061 -0.003959 0.608252 51.000000
-0.077308 0.134820 0.604918 50.000000
-0.078141 -0.279016 0.605751 50.000000
-0.070223 0.048969 0.608252 50.000000
-0.063138 -0.044801 0.607835 50.000000
-0.059387 -0.287768 0.607835 50.000000
-0.049385 0.091477 0.604918 50.000000
-0.049802 -0.278183 0.608252 50.000000
-0.043551 0.228589 0.606585 53.000000
0.018546 0.254845 0.604918 50.000000
0.036049 0.019796 0.605335 50.000000
0.066889 0.357783 0.605335 50.000000
0.072307 0.283184 0.606168 50.000000
0.153990 -0.025630 0.607835 50.000000
0.190665 -0.283601 0.604501 50.000000
0.191915 -0.254845 0.604918 50.000000
0.197333 0.359033 0.608252 50.000000
0.199417 -0.340696 0.606585 50.000000
0.203167 -0.225255 0.604918 50.000000
0.219837 -0.330694 0.606585 50.000000
0.224422 0.309440 0.605751 50.000000
0.224422 -0.043134 0.604918 50.000000
0.222338 -0.253595 0.605751 50.000000
0.225672 -0.204418 0.608252 50.000000
-0.187747 -0.095228 0.612419 51.000000
-0.186497 -0.004376 0.611169 51.000000
-0.150656 -0.173578 0.612419 51.000000
-0.148573 -0.024380 0.611169 51.000000
-0.143155 0.264430 0.612419 53.000000
-0.100229 0.007293 0.612003 51.000000
-0.101063 -0.023963 0.611586 51.000000
-0.101063 -0.034799 0.609919 51.000000
-0.096478 0.147739 0.610336 53.000000
-0.093561 0.241092 0.611169 53.000000
-0.083976 0.228173 0.608669 53.000000
-0.051052 0.029381 0.612003 50.000000
-0.020629 0.061888 0.609919 50.000000
-0.018129 -0.142738 0.611169 52.000000
-0.016462 -0.083559 0.609085 52.000000
0.008960 0.052719 0.612003 50.000000
0.022296 0.129819 0.610336 50.000000
0.021880 0.118150 0.609502 50.000000
0.056887 0.199833 0.609085 50.000000
0.080642 -0.090644 0.608669 52.000000
0.098145 0.337779 0.610752 50.000000
0.098562 0.046051 0.610752 50.000000
0.110231 -0.099396 0.609502 52.000000
0.134820 -0.025630 0.611586 50.000000
0.150656 -0.096895 0.611586 52.000000
0.211502 -0.311107 0.611586 50.000000
0.213169 -0.262763 0.610336 50.000000
0.218170 -0.164409 0.610752 50.000000
0.221504 -0.320692 0.610752 50.000000
0.228173 -0.173578 0.612003 50.000000
-0.167743 -0.033549 0.616587 51.000000
-0.146072 0.125651 0.613253 53.000000
-0.140238 -0.113982 0.616170 51.000000
-0.129819 -0.053970 0.614503 51.000000
-0.130652 -0.103563 0.616587 51.000000
-0.102313 -0.094395 0.612836 51.000000
-0.083976 -0.132736 0.616587 51.000000
-0.084393 -0.152740 0.616587 51.000000
-0.083142 -0.093978 0.613670 51.000000
-0.067306 0.117316 0.616170 50.000000
-0.070223 0.030631 0.616170 50.000000
-0.061054 0.008960 0.614086 50.000000
-0.040633 -0.324443 0.613670 50.000000
-0.032298 -0.001042 0.612836 50.000000
-0.003126 -0.010210 0.614920 52.000000
0.006876 0.000208 0.613670 52.000000
0.011877 0.108148 0.613253 50.000000
0.016045 0.188164 0.614503 50.000000
0.061054 0.088977 0.614920 50.000000
0.070223 0.068139 0.616587 50.000000
0.071890 -0.089394 0.614503 52.000000
0.085226 0.146906 0.616587 50.000000
0.085226 -0.017295 0.612836 52.000000
0.193165 -0.073974 0.613670 50.000000
0.214003 0.065639 0.613253 50.000000
0.222755 -0.291519 0.612836 50.000000
0.225255 0.300688 0.613253 50.000000
-0.169827 -0.220254 0.620338 50.000000
-0.166076 0.083142 0.617420 50.000000
-0.147322 0.040217 0.617420 51.000000
-0.132736 -0.249010 0.618671 50.000000
-0.127318 0.072307 0.617004 50.000000
-0.116899 0.094811 0.618254 53.000000
-0.120233 -0.052303 0.620754 51.000000
-0.112732 -0.152740 0.617004 51.000000
-0.099812 0.342363 0.617420 50.000000
-0.095228 -0.248593 0.618671 50.000000
-0.079808 0.020629 0.619504 51.000000
-0.076058 -0.219837 0.618671 50.000000
-0.067722 0.096478 0.619921 50.000000
-0.068556 0.063555 0.619504 50.000000
-0.062721 -0.071473 0.620754 50.000000
-0.047302 0.107731 0.618671 50.000000
-0.022296 -0.009377 0.619087 50.000000
-0.023130 -0.030215 0.618671 50.000000
0.017295 0.001875 0.617004 52.000000
0.032298 -0.110231 0.617837 52.000000
0.048969 0.214836 0.618254 50.000000
0.074807 -0.037716 0.617004 52.000000
0.080642 0.059387 0.620338 50.000000
0.085226 0.136904 0.619921 50.000000
0.087727 0.327777 0.618254 50.000000
0.093561 0.113982 0.617004 50.000000
0.101896 -0.106897 0.620754 52.000000
0.131902 -0.105647 0.620338 52.000000
-0.176495 0.010210 0.623255 51.000000
-0.158991 -0.112732 0.621588 51.000000
-0.146489 0.063555 0.623672 50.000000
-0.136070 0.096895 0.624505 53.000000
-0.113565 -0.219837 0.621171 50.000000
-0.108981 0.010627 0.622005 51.000000
-0.095645 0.141071 0.622421 53.000000
-0.092728 -0.131486 0.622421 51.000000
-0.087727 0.074807 0.621588 50.000000
-0.084809 -0.209835 0.622005 50.000000
-0.078975 0.043134 0.622838 50.000000
-0.053136 -0.080642 0.623672 50.000000
-0.036466 -0.170244 0.622838 50.000000
0.025214 -0.068556 0.623672 52.000000
0.032298 -0.128985 0.622421 52.000000
0.060638 0.229840 0.622838 50.000000
0.067722 0.005626 0.622421 50.000000
0.079808 0.038133 0.622838 50.000000
0.131069 0.320692 0.622421 50.000000
0.226089 0.058137 0.621171 50.000000
-0.165243 0.108564 0.626589 53.000000
-0.148156 -0.040633 0.627006 51.000000
-0.119400 -0.040633 0.625755 51.000000
-0.120650 -0.120650 0.629089 51.000000
-0.105647 0.131902 0.627006 53.000000
-0.101896 -0.120650 0.628256 51.000000
-0.094395 -0.237758 0.626172 50.000000
-0.091477 0.271932 0.625755 53.000000
-0.081475 -0.079808 0.629089 51.000000
-0.073140 0.201917 0.629089 53.000000
-0.064805 0.156074 0.628673 50.000000
-0.055220 0.143988 0.626589 50.000000
-0.056470 -0.228173 0.625755 50.000000
-0.048552 0.056470 0.628256 50.000000
-0.041050 -0.017712 0.627422 50.000000
-0.036883 0.336529 0.626172 50.000000
-0.032298 0.214836 0.627839 53.000000
-0.030215 0.023963 0.625755 50.000000
-0.029381 -0.294436 0.627422 50.000000
-0.029798 -0.331944 0.626589 50.000000
-0.025214 -0.129402 0.628256 50.000000
-0.023547 -0.069389 0.626172 50.000000
-0.013961 0.168577 0.627006 50.000000
-0.001042 0.227756 0.627006 53.000000
0.006876 -0.037716 0.626172 52.000000
0.028548 0.205251 0.625755 50.000000
0.028131 -0.005209 0.627006 52.000000
0.032298 0.080642 0.625755 50.000000
0.040217 0.038133 0.628256 50.000000
0.055220 0.137320 0.625339 50.000000
0.066889 0.150240 0.627422 50.000000
0.094811 -0.065222 0.625339 52.000000
0.094811 -0.074807 0.628256 52.000000
0.096895 0.140238 0.626589 50.000000
0.100646 0.030631 0.629089 50.000000
0.107731 -0.022296 0.627839 50.000000
0.105230 -0.054803 0.625339 52.000000
0.108981 0.307772 0.625339 50.000000
0.145239 -0.082726 0.629089 52.000000
0.201500 0.356949 0.629089 50.000000
0.207335 -0.251094 0.625755 50.000000
0.216087 -0.318608 0.629089 50.000000
0.219004 0.424047 0.626589 50.000000
0.219004 0.318608 0.625755 50.000000
0.221088 -0.026464 0.627839 50.000000
-0.176912 -0.028964 0.632007 51.000000
-0.158158 -0.079808 0.633257 51.000000
-0.146072 0.077725 0.632840 50.000000
-0.147739 -0.008543 0.629923 51.000000
-0.148573 -0.079808 0.632840 51.000000
-0.130235 -0.110648 0.629506 51.000000
-0.131486 -0.198583 0.632007 50.000000
-0.127735 0.023130 0.629506 51.000000
-0.121067 -0.140238 0.629506 51.000000
-0.118150 0.002709 0.631173 51.000000
-0.087310 0.068139 0.633257 50.000000
-0.070223 -0.017295 0.631173 50.000000
-0.063138 0.191498 0.631173 53.000000
-0.032298 -0.057304 0.632840 50.000000
-0.018546 -0.274432 0.632424 50.000000
-0.009794 0.026464 0.631173 50.000000
-0.004376 0.137320 0.633257 50.000000
-0.002709 -0.046885 0.631173 52.000000
-0.003126 -0.057304 0.630756 52.000000
0.023963 0.103980 0.630340 50.000000
0.047302 0.331111 0.631173 50.000000
0.051052 0.039383 0.630340 50.000000
0.074807 0.259012 0.632840 50.000000
0.085226 -0.074807 0.630340 52.000000
0.227756 0.284434 0.631590 50.000000
-0.164826 0.133986 0.635341 53.000000
-0.148156 -0.058554 0.636174 51.000000
-0.129402 0.364034 0.636174 50.000000
-0.099812 -0.058137 0.634924 51.000000
-0.071890 0.228589 0.635341 53.000000
-0.065222 -0.226922 0.633674 50.000000
-0.056053 -0.254845 0.637424 50.000000
-0.028964 0.016879 0.637008 50.000000
-0.016045 0.103980 0.635758 50.000000
-0.002709 0.161909 0.637424 50.000000
0.002709 0.279850 0.634507 53.000000
0.018546 0.370285 0.635758 50.000000
0.076058 -0.073974 0.634924 52.000000
0.086893 -0.062721 0.637008 52.000000
0.091477 0.022296 0.637424 50.000000
0.195249 -0.376537 0.633674 50.000000
0.197333 -0.327777 0.637008 50.000000
0.226922 0.153990 0.635758 50.000000
-0.156074 0.058137 0.639508 50.000000
-0.153990 0.170244 0.640342 53.000000
-0.136904 0.016045 0.640759 51.000000
-0.129819 -0.138154 0.639925 51.000000
-0.118566 -0.026464 0.639092 51.000000
-0.110648 0.290269 0.639925 53.000000
-0.108981 -0.036883 0.637841 51.000000
-0.109815 -0.087727 0.639508 51.000000
-0.101063 0.254011 0.639925 53.000000
-0.098562 0.340696 0.639092 50.000000
-0.089810 0.291519 0.640759 53.000000
-0.079392 0.290686 0.638675 53.000000
-0.079392 -0.025214 0.640342 51.000000
-0.069389 0.279850 0.641175 53.000000
-0.060221 0.244009 0.641592 53.000000
-0.033132 0.172328 0.637841 50.000000
-0.026881 0.061471 0.641175 50.000000
-0.018546 0.256929 0.639508 53.000000
0.013961 0.283601 0.640342 50.000000
0.018546 -0.043967 0.639092 52.000000
0.040217 -0.001042 0.639508 52.000000
0.044384 0.261096 0.641175 50.000000
0.066055 0.273599 0.638675 50.000000
0.078141 -0.051886 0.639925 52.000000
0.080642 0.325276 0.640342 50.000000
0.101063 0.314857 0.640759 50.000000
0.106064 0.088560 0.637841 50.000000
0.109815 0.289019 0.638675 50.000000
0.108981 -0.040217 0.639925 52.000000
0.115649 -0.111898 0.640342 52.000000
0.131902 0.003542 0.640342 50.000000
0.183997 -0.003542 0.641592 50.000000
0.219004 -0.298187 0.637841 50.000000
0.223172 0.214836 0.641175 50.000000
0.224839 -0.188164 0.641592 50.000000
0.228173 0.264013 0.641592 50.000000
-0.196083 -0.045635 0.645760 51.000000
-0.163576 0.195666 0.645343 53.000000
-0.150240 -0.254845 0.642842 50.000000
-0.146489 0.016879 0.643676 51.000000
-0.131486 0.255678 0.645760 53.000000
-0.132736 0.218587 0.643259 53.000000
-0.125234 0.103980 0.643676 53.000000
-0.126485 0.038550 0.643676 51.000000
-0.128985 -0.076474 0.643676 51.000000
-0.121067 0.267347 0.643676 53.000000
-0.120650 0.291519 0.642842 53.000000
-0.114816 0.126485 0.643676 53.000000
-0.110231 -0.126485 0.645343 51.000000
-0.108148 -0.004376 0.642009 51.000000
-0.103563 -0.292769 0.642009 50.000000
-0.071890 0.197333 0.644926 53.000000
-0.059804 0.257345 0.644509 53.000000
-0.052719 -0.145655 0.645343 50.000000
0.015628 -0.134403 0.644093 52.000000
0.023130 0.249010 0.644509 50.000000
0.029381 -0.031882 0.643676 52.000000
0.036049 0.108981 0.642842 50.000000
0.041884 0.021463 0.642426 50.000000
0.051469 0.363617 0.643676 50.000000
0.063555 0.054803 0.642842 50.000000
0.111482 -0.007293 0.643676 50.000000
0.214836 0.239008 0.642842 50.000000
0.223588 -0.218170 0.642426 50.000000
0.227339 0.133986 0.644926 50.000000
-0.156074 0.028964 0.647843 51.000000
-0.156908 -0.044384 0.649094 51.000000
-0.141488 0.269014 0.647843 53.000000
-0.137737 -0.034382 0.647843 51.000000
-0.138571 -0.096062 0.647843 51.000000
-0.141071 -0.273182 0.646593 50.000000
-0.135653 0.071890 0.646176 50.000000
-0.135653 0.061888 0.648677 50.000000
-0.122734 -0.339446 0.649094 50.000000
-0.116899 0.028548 0.646176 51.000000
-0.111065 0.246093 0.649510 53.000000
-0.110648 -0.165660 0.649510 51.000000
-0.101896 -0.214420 0.649927 50.000000
-0.096478 0.040633 0.649094 51.000000
-0.087310 0.018962 0.648260 51.000000
-0.077725 0.008543 0.647427 51.000000
-0.005209 0.086893 0.647843 50.000000
0.006460 0.110231 0.649510 50.000000
0.034382 0.251511 0.648260 50.000000
0.069806 0.146906 0.648260 50.000000
0.076891 0.091061 0.648677 50.000000
0.103563 0.330277 0.646593 50.000000
0.113565 0.015211 0.646593 50.000000
0.119400 -0.068556 0.648677 52.000000
0.144405 0.296103 0.647427 50.000000
0.191081 -0.307356 0.649094 50.000000
0.204418 0.110231 0.648260 50.000000
0.210669 0.181079 0.649094 50.000000
0.209835 -0.374870 0.649510 50.000000
0.216087 0.122317 0.647010 50.000000
0.216503 -0.010627 0.648260 50.000000
0.229006 -0.136487 0.646176 50.000000
-0.166910 -0.064805 0.650344 51.000000
-0.141488 -0.376954 0.653261 50.000000
-0.130652 0.283601 0.652428 53.000000
-0.116899 0.399458 0.652011 50.000000
-0.116066 0.051469 0.650344 50.000000
-0.110648 0.259429 0.652011 53.000000
-0.109815 -0.134820 0.653678 51.000000
-0.111898 -0.253178 0.650344 50.000000
-0.100229 -0.135237 0.651177 51.000000
-0.099812 0.271932 0.652428 53.000000
-0.048552 0.261513 0.652428 53.000000
-0.048969 -0.031465 0.652428 50.000000
-0.045218 0.086476 0.650761 50.000000
0.040633 0.341946 0.653261 50.000000
0.061054 0.330694 0.653678 50.000000
0.096062 0.049385 0.654095 50.000000
0.122734 0.140654 0.653678 50.000000
0.126485 0.040217 0.654095 50.000000
0.143988 -0.003542 0.650344 50.000000
0.163993 -0.023130 0.651594 50.000000
0.224422 -0.062305 0.652011 50.000000
0.226089 0.091477 0.654095 50.000000
0.226922 -0.030215 0.652011 50.000000
-0.173995 0.131069 0.657012 53.000000
-0.130235 -0.214003 0.654511 50.000000
-0.105230 0.076058 0.657012 50.000000
-0.089394 -0.083142 0.655762 51.000000
-0.079808 -0.093561 0.655345 51.000000
-0.074807 0.076891 0.657429 50.000000
-0.068973 -0.052303 0.654511 51.000000
-0.069806 -0.092728 0.657845 51.000000
-0.063972 -0.281517 0.654928 50.000000
-0.009794 -0.060638 0.656595 52.000000
0.092728 -0.015211 0.656178 52.000000
0.097729 0.071890 0.654928 50.000000
0.100229 -0.077308 0.658262 52.000000
0.173995 -0.043134 0.655345 50.000000
0.184830 -0.031882 0.654511 50.000000
0.203584 0.068556 0.658262 50.000000
0.216503 -0.040633 0.655762 50.000000
0.214420 -0.072307 0.655762 50.000000
0.227756 -0.205668 0.656178 50.000000
-0.155241 0.043967 0.660763 51.000000
-0.127735 0.389873 0.659096 50.000000
-0.110648 -0.202751 0.661179 50.000000
-0.106064 0.403209 0.658679 50.000000
-0.101063 0.215670 0.661596 53.000000
-0.103980 0.121484 0.659513 53.000000
-0.092728 -0.281100 0.659513 50.000000
-0.018546 0.206501 0.662013 50.000000
-0.019796 -0.070640 0.659096 52.000000
-0.015628 0.036466 0.662013 50.000000
-0.002292 -0.151073 0.662013 52.000000
0.007293 0.305272 0.661179 53.000000
0.006460 0.081059 0.662013 50.000000
0.004793 0.047302 0.660763 50.000000
0.119817 0.075224 0.661179 50.000000
0.146906 0.010210 0.659513 50.000000
0.153990 -0.053136 0.662013 52.000000
0.211086 -0.154407 0.661596 50.000000
0.210669 -0.164409 0.662430 50.000000
0.219004 0.116483 0.662013 50.000000
0.228173 -0.048969 0.662430 50.000000
-0.214420 0.089394 0.665764 50.000000
-0.195666 -0.050636 0.664930 51.000000
-0.151907 0.240258 0.665347 53.000000
-0.129819 -0.231507 0.666597 50.000000
-0.111065 0.217337 0.666180 53.000000
-0.098145 -0.070640 0.666180 51.000000
-0.088560 -0.091061 0.666180 51.000000
-0.089810 -0.142321 0.663680 51.000000
-0.084809 0.067306 0.662847 50.000000
-0.080225 0.217337 0.664930 53.000000
-0.075224 0.046468 0.664930 50.000000
-0.066889 -0.017295 0.666597 50.000000
-0.058137 -0.048969 0.665764 50.000000
0.010627 0.161492 0.663680 50.000000
0.055637 0.387372 0.663263 50.000000
0.060638 0.129402 0.663263 50.000000
0.080225 -0.097312 0.665347 52.000000
0.091477 0.274849 0.664097 50.000000
0.106897 0.031048 0.663263 50.000000
0.106897 0.021046 0.666597 50.000000
0.105647 -0.001042 0.664930 50.000000
0.111482 -0.085643 0.665347 52.000000
0.118983 0.053553 0.663263 50.000000
0.137737 0.021880 0.663680 50.000000
0.214420 -0.344447 0.664930 50.000000
0.226089 0.061054 0.664097 50.000000
0.227756 -0.068973 0.666180 50.000000
-0.120650 0.242342 0.668681 53.000000
-0.084809 0.058137 0.668264 50.000000
-0.081892 -0.250260 0.669098 50.000000
-0.078975 -0.110648 0.668681 51.000000
-0.073557 0.384455 0.670765 50.000000
-0.062721 -0.260263 0.667014 50.000000
-0.062305 0.125651 0.667431 50.000000
-0.061471 -0.210669 0.669098 50.000000
-0.022296 0.345280 0.667431 53.000000
-0.021880 -0.180246 0.668681 50.000000
0.020213 0.334861 0.667431 50.000000
0.028131 0.084393 0.669098 50.000000
0.040633 0.130235 0.668264 50.000000
0.078975 0.239425 0.669931 50.000000
0.085226 -0.011044 0.670765 52.000000
0.142738 0.079808 0.669931 50.000000
0.197333 -0.255262 0.667847 50.000000
0.196499 -0.275266 0.667431 50.000000
0.207752 -0.264430 0.669515 50.000000
0.209835 -0.204418 0.667431 50.000000
0.209002 -0.234424 0.668681 50.000000
0.218587 0.095228 0.667014 50.000000
-0.150656 0.269014 0.674516 53.000000
-0.143988 0.102730 0.671182 53.000000
-0.128985 -0.200667 0.673265 50.000000
-0.103980 0.070640 0.673265 50.000000
-0.091061 -0.269014 0.674099 50.000000
-0.086060 0.005209 0.671598 51.000000
-0.086060 -0.005209 0.672432 51.000000
-0.077308 -0.057720 0.673682 51.000000
-0.038966 -0.108981 0.673265 50.000000
-0.029798 0.163159 0.672015 50.000000
-0.032298 -0.239008 0.674516 50.000000
-0.026881 -0.035216 0.674516 50.000000
-0.015211 0.017712 0.671598 50.000000
-0.003126 0.284851 0.672015 53.000000
-0.001459 0.106897 0.672849 50.000000
0.034382 -0.012711 0.672432 52.000000
0.060221 0.098145 0.672015 50.000000
0.128152 0.171494 0.672015 50.000000
0.155657 0.374036 0.672849 50.000000
0.198166 -0.058554 0.672432 50.000000
0.206918 -0.314024 0.672015 50.000000
0.211502 -0.024797 0.674932 50.000000
0.215253 -0.121067 0.672015 50.000000
0.226506 0.031048 0.674932 50.000000
-0.164409 0.071056 0.676183 50.000000
-0.144822 0.038966 0.678683 51.000000
-0.140238 0.269848 0.676183 53.000000
-0.136904 -0.078558 0.676183 51.000000
-0.126068 0.426130 0.676183 50.000000
-0.126485 -0.046885 0.677850 51.000000
-0.119817 0.258596 0.677433 53.000000
-0.087727 0.283184 0.675766 53.000000
-0.062305 0.106897 0.678266 50.000000
-0.058554 -0.118566 0.677433 50.000000
-0.058137 -0.087727 0.676183 50.000000
-0.046468 0.249010 0.679100 53.000000
-0.041884 -0.239008 0.677016 50.000000
-0.033549 0.310690 0.676183 53.000000
0.036049 0.394457 0.679100 50.000000
0.058137 0.043551 0.675766 50.000000
0.063972 0.146489 0.677850 50.000000
0.076058 0.342363 0.675349 50.000000
0.092311 0.101063 0.675766 50.000000
0.112315 0.079808 0.675349 50.000000
0.169827 0.140654 0.675349 50.000000
0.188581 -0.057720 0.677016 50.000000
0.223588 -0.201917 0.678683 50.000000
0.228173 0.043551 0.678683 50.000000
-0.173161 0.163159 0.679933 53.000000
-0.162742 0.164409 0.683267 53.000000
-0.133986 0.062305 0.683267 50.000000
-0.129819 -0.306939 0.683267 50.000000
-0.125234 -0.003542 0.681184 51.000000
-0.124818 0.018546 0.682851 51.000000
-0.115649 0.389039 0.682434 50.000000
-0.116483 0.361950 0.681600 50.000000
-0.055220 0.287768 0.683267 53.000000
-0.044384 0.009377 0.683267 50.000000
-0.034382 0.009794 0.683267 50.000000
-0.003126 0.265264 0.683267 53.000000
0.043134 0.329444 0.679933 50.000000
0.063555 -0.082726 0.683267 52.000000
0.073974 0.126068 0.683267 50.000000
0.080225 0.231507 0.679933 50.000000
0.081475 0.079808 0.680350 50.000000
0.085643 0.307772 0.681600 50.000000
0.124401 0.388206 0.679517 50.000000
0.152323 0.177329 0.682017 50.000000
0.175245 0.327360 0.679933 50.000000
0.209419 -0.303188 0.681184 50.000000
0.219421 -0.322776 0.682017 50.000000
0.221504 -0.055220 0.679933 50.000000
0.226922 0.021463 0.679517 50.000000
-0.185247 -0.024380 0.683684 51.000000
-0.186914 -0.238175 0.685351 50.000000
-0.165243 -0.002709 0.684935 51.000000
-0.151490 0.213169 0.686601 53.000000
-0.118983 -0.238175 0.685768 50.000000
-0.079808 -0.227756 0.685768 50.000000
-0.072723 0.075224 0.684518 50.000000
-0.051469 -0.267347 0.684935 50.000000
-0.043134 0.043551 0.686601 50.000000
-0.025630 0.229006 0.687018 50.000000
-0.013961 0.252761 0.684935 53.000000
-0.001875 0.279433 0.687435 53.000000
0.002709 -0.094395 0.687018 52.000000
0.025630 -0.020213 0.684518 52.000000
0.046468 -0.008960 0.683684 52.000000
0.087727 0.163159 0.687435 50.000000
0.108148 0.310690 0.684518 50.000000
0.136904 0.107314 0.685351 50.000000
0.193582 -0.211919 0.687018 50.000000
0.199000 -0.332778 0.684518 50.000000
0.198583 -0.381955 0.687435 50.000000
0.208585 0.307356 0.685768 50.000000
0.205668 0.010627 0.686185 50.000000
-0.175662 -0.085226 0.691603 51.000000
-0.171911 0.238175 0.688685 53.000000
-0.151073 0.238175 0.688269 53.000000
-0.137737 -0.207335 0.691603 50.000000
-0.134820 -0.011044 0.691603 51.000000
-0.131069 0.179829 0.691603 53.000000
-0.115649 -0.053970 0.690352 51.000000
-0.111065 0.155657 0.688685 53.000000
-0.107731 0.288602 0.688685 53.000000
-0.104397 0.021463 0.690352 51.000000
-0.100229 0.179412 0.688269 53.000000
-0.023130 0.279850 0.690352 53.000000
-0.020629 0.330694 0.689935 53.000000
0.028964 0.036466 0.691603 50.000000
0.045218 -0.050636 0.688685 52.000000
0.071056 0.401542 0.688269 50.000000
0.072307 0.248177 0.691603 50.000000
0.121900 0.189414 0.688685 50.000000
0.140238 -0.024797 0.689935 50.000000
0.172744 -0.022713 0.691603 50.000000
0.196499 -0.149823 0.687852 50.000000
0.216087 -0.190248 0.688685 50.000000
-0.131486 0.158158 0.695353 53.000000
-0.084809 -0.020629 0.692853 51.000000
-0.077725 0.218587 0.695353 53.000000
-0.076891 -0.124818 0.695770 51.000000
-0.065639 0.266931 0.692853 53.000000
-0.023963 -0.019379 0.693686 50.000000
0.012294 -0.144405 0.693686 52.000000
0.023963 0.150240 0.692853 50.000000
0.027714 -0.006460 0.695353 52.000000
0.039383 0.037299 0.692853 50.000000
0.104397 0.073557 0.692436 50.000000
0.111065 0.178579 0.692436 50.000000
0.202334 -0.074390 0.694520 50.000000
0.204001 -0.261096 0.695770 50.000000
0.202751 -0.291519 0.694103 50.000000
0.205668 -0.019796 0.694103 50.000000
0.209002 0.034799 0.692019 50.000000
0.223588 -0.073140 0.694103 50.000000
0.225672 0.351532 0.693686 50.000000
-0.171077 0.266097 0.696187 53.000000
-0.154407 0.012711 0.699938 51.000000
-0.136904 -0.155657 0.697854 51.000000
-0.090644 0.136487 0.697854 53.000000
-0.068973 -0.225672 0.698270 50.000000
-0.036883 0.184413 0.697020 50.000000
-0.016045 0.185247 0.697020 50.000000
-0.002292 0.247760 0.699521 53.000000
-0.001875 0.015211 0.697437 52.000000
0.026881 0.199000 0.696604 50.000000
0.042717 0.094811 0.696604 50.000000
0.054803 0.118150 0.697020 50.000000
0.069806 0.366118 0.697437 50.000000
0.123151 0.331944 0.699938 50.000000
0.123151 0.020629 0.697854 50.000000
0.163993 -0.020629 0.699938 50.000000
0.181079 -0.331944 0.697020 50.000000
0.212753 0.326526 0.698270 50.000000
-0.225255 -0.061471 0.702438 51.000000
-0.184830 -0.040217 0.703272 51.000000
-0.174828 -0.030215 0.700771 51.000000
-0.141905 0.137737 0.703688 53.000000
-0.127318 -0.215253 0.704105 50.000000
-0.120650 0.160658 0.702021 53.000000
-0.116066 -0.113565 0.701188 51.000000
-0.101479 0.103563 0.702855 53.000000
-0.102313 0.058554 0.703688 50.000000
-0.084809 -0.060221 0.703688 51.000000
-0.034382 0.235257 0.702438 53.000000
-0.035632 0.210669 0.701605 50.000000
0.014795 0.152323 0.700354 50.000000
0.031048 0.262346 0.700771 50.000000
0.034799 -0.110648 0.702855 52.000000
0.055637 -0.109815 0.704105 52.000000
0.075224 0.087310 0.703688 50.000000
0.125651 0.359450 0.701605 50.000000
0.136904 0.359867 0.700771 50.000000
0.136487 0.347781 0.703272 50.000000
0.145655 0.184413 0.701605 50.000000
0.148989 0.078975 0.700354 50.000000
0.155657 0.310273 0.702855 50.000000
0.202751 0.071056 0.700354 50.000000
0.201084 -0.136070 0.703688 50.000000
0.206918 0.118566 0.703688 50.000000
0.206501 -0.239842 0.702021 50.000000
-0.163576 0.048135 0.707439 51.000000
-0.151907 0.138154 0.705355 53.000000
-0.110648 0.139821 0.707439 53.000000
-0.096895 -0.163576 0.707439 51.000000
-0.097729 -0.194832 0.704939 51.000000
-0.058971 -0.284018 0.708273 50.000000
-0.057304 0.176078 0.707439 50.000000
-0.043134 0.273182 0.704522 53.000000
-0.044801 -0.079808 0.708273 50.000000
-0.027714 0.130235 0.707856 50.000000
-0.004793 0.177329 0.705772 50.000000
-0.005209 0.166076 0.707439 50.000000
-0.002292 0.225672 0.705772 50.000000
0.035216 -0.119817 0.707439 52.000000
0.066889 0.304438 0.704939 50.000000
0.083976 0.231090 0.707022 50.000000
0.097729 0.101063 0.707022 50.000000
0.155241 0.432382 0.706606 50.000000
0.166910 0.003542 0.707022 50.000000
0.187747 0.152740 0.704522 50.000000
0.216920 -0.279433 0.707022 50.000000
0.224839 0.426130 0.707439 50.000000
0.229006 -0.248593 0.707856 50.000000
-0.135653 -0.111898 0.709106 51.000000
-0.062305 0.017295 0.710356 50.000000
-0.048969 -0.283184 0.712023 50.000000
-0.040217 0.327360 0.711607 53.000000
-0.041467 0.301521 0.710773 53.000000
-0.036883 -0.192748 0.712440 50.000000
-0.025630 -0.141071 0.712440 50.000000
-0.012294 -0.024380 0.711607 50.000000
0.045218 0.293603 0.712023 50.000000
0.051469 0.398208 0.709940 50.000000
0.066055 0.281100 0.709940 50.000000
0.085643 0.401542 0.711607 50.000000
0.098979 -0.096062 0.712023 52.000000
0.105230 0.363201 0.712440 50.000000
0.111065 0.137320 0.708689 50.000000
0.123984 -0.009377 0.709106 50.000000
0.141071 0.093144 0.710356 50.000000
0.200667 0.291936 0.710773 50.000000
0.211086 0.006460 0.709523 50.000000
0.218170 0.469890 0.712023 50.000000
-0.173995 0.016879 0.713274 51.000000
-0.165660 -0.141905 0.715358 51.000000
-0.120650 0.141905 0.714524 53.000000
-0.108148 0.225672 0.714107 53.000000
-0.064388 -0.088977 0.714941 50.000000
-0.046468 -0.172328 0.712857 50.000000
-0.027297 0.368618 0.713690 50.000000
0.011877 0.279433 0.712857 53.000000
0.048552 0.159825 0.714941 50.000000
0.063972 0.045218 0.715358 50.000000
0.093978 0.198166 0.714524 50.000000
0.101896 0.150240 0.713274 50.000000
0.148156 0.327777 0.714524 50.000000
0.160658 0.341946 0.714524 50.000000
0.169827 0.179412 0.715774 50.000000
0.204834 0.053136 0.716191 50.000000
0.217337 -0.089810 0.716608 50.000000
0.229006 0.335695 0.714941 50.000000
-0.175245 -0.099812 0.717024 51.000000
-0.163159 0.073557 0.717024 50.000000
-0.166493 -0.252761 0.720358 50.000000
-0.155241 -0.109815 0.719942 51.000000
-0.117733 0.251511 0.717441 53.000000
-0.083559 -0.046051 0.717024 51.000000
-0.076891 -0.212753 0.717024 50.000000
-0.024797 -0.129402 0.718692 50.000000
-0.020629 0.268598 0.720358 53.000000
0.021046 0.001042 0.720775 52.000000
0.067306 0.092311 0.719525 50.000000
0.112315 0.288602 0.719525 50.000000
0.119817 0.071890 0.719525 50.000000
0.124818 0.153574 0.719108 50.000000
0.130235 0.380704 0.717024 50.000000
0.211919 0.136070 0.718692 50.000000
0.221921 0.125234 0.718692 50.000000
0.228173 -0.349448 0.717441 50.000000
-0.161075 0.192332 0.723276 53.000000
-0.151907 0.098562 0.723276 53.000000
-0.086060 0.230673 0.724526 53.000000
-0.059387 0.076891 0.721192 50.000000
-0.046885 -0.221921 0.721192 50.000000
-0.028964 0.055220 0.722026 50.000000
0.005626 0.348614 0.723693 53.000000
0.017295 0.362367 0.722859 50.000000
0.042717 0.013128 0.722859 52.000000
0.068973 -0.105230 0.722026 52.000000
0.071056 0.326526 0.724109 50.000000
0.098145 0.238591 0.722859 50.000000
0.153990 0.384872 0.721609 50.000000
0.195249 0.043967 0.724943 50.000000
0.196499 0.066472 0.723693 50.000000
0.199000 -0.067306 0.724109 50.000000
0.210669 0.113149 0.721609 50.000000
0.213169 -0.194832 0.722026 50.000000
0.225672 -0.173161 0.724109 50.000000
-0.156491 -0.271932 0.727860 50.000000
-0.146906 -0.271932 0.726193 50.000000
-0.129402 0.182746 0.727860 53.000000
-0.115649 -0.180663 0.726610 51.000000
-0.097729 0.183580 0.729110 53.000000
-0.061471 0.307772 0.726610 53.000000
-0.047302 0.389039 0.729110 50.000000
-0.043134 0.232757 0.725776 53.000000
-0.035216 0.160658 0.726610 50.000000
-0.026047 -0.210669 0.725359 52.000000
-0.006043 -0.240258 0.728693 50.000000
0.076474 0.048969 0.725776 50.000000
0.098562 0.061471 0.725776 50.000000
0.123567 0.109398 0.727443 50.000000
0.186914 0.078141 0.726193 50.000000
0.216920 0.034382 0.726193 50.000000
-0.174828 -0.086060 0.729944 51.000000
-0.144405 -0.086476 0.729527 51.000000
-0.107314 0.208168 0.730361 53.000000
-0.105230 -0.169410 0.729527 51.000000
-0.103980 0.322359 0.732861 53.000000
-0.098145 0.161075 0.732028 53.000000
-0.095645 -0.210252 0.732444 50.000000
-0.064388 0.222338 0.732028 53.000000
0.084809 0.356533 0.729527 50.000000
0.086893 0.216920 0.731611 50.000000
0.150240 0.171494 0.730361 50.000000
0.153157 0.054386 0.730361 50.000000
0.164409 0.055220 0.730777 50.000000
0.184830 0.186497 0.730777 50.000000
0.214836 0.396124 0.731611 50.000000
0.218170 -0.140238 0.730361 50.000000
0.221504 -0.075641 0.729527 50.000000
-0.194416 -0.041467 0.737029 51.000000
-0.162742 0.034799 0.734945 51.000000
-0.126068 -0.239842 0.737445 50.000000
-0.116483 -0.280683 0.735778 50.000000
-0.063138 -0.115649 0.735778 50.000000
-0.040633 0.262346 0.736612 53.000000
-0.005209 0.326943 0.734528 53.000000
0.049802 0.317358 0.735362 50.000000
0.088143 0.386956 0.736612 50.000000
0.094395 0.320275 0.735362 50.000000
0.124401 -0.089810 0.734111 52.000000
0.160242 -0.022713 0.734528 50.000000
0.176495 0.352782 0.733695 50.000000
0.175662 0.199833 0.735778 50.000000
0.180663 0.395291 0.736612 50.000000
0.209419 0.048552 0.736612 50.000000
0.211086 -0.348198 0.734111 50.000000
0.226922 0.266931 0.736195 50.000000
0.228589 0.014795 0.734528 50.000000
-0.162742 0.025214 0.740779 51.000000
-0.159408 0.260263 0.737862 53.000000
-0.160242 0.211502 0.740363 53.000000
-0.134820 -0.157324 0.740363 51.000000
-0.121900 0.003126 0.739112 51.000000
-0.115649 -0.239842 0.739112 50.000000
-0.048552 0.328610 0.741613 53.000000
0.057304 0.428631 0.741613 50.000000
0.060638 0.110648 0.740779 50.000000
0.093144 0.284434 0.742030 50.000000
0.097729 0.195666 0.738279 50.000000
0.166910 0.069389 0.738279 50.000000
0.174828 0.176912 0.739946 50.000000
0.172328 -0.245676 0.738696 50.000000
0.176912 0.047718 0.740779 50.000000
0.205251 -0.018962 0.738279 50.000000
0.212336 -0.084393 0.739946 50.000000
0.214003 0.372369 0.738696 50.000000
0.216087 -0.018546 0.738696 50.000000
0.214003 -0.306105 0.742030 50.000000
0.218587 0.293603 0.740363 50.000000
0.218587 0.156908 0.742030 50.000000
-0.183580 0.003959 0.744530 51.000000
-0.171077 0.177329 0.745781 53.000000
-0.137737 0.263180 0.744530 53.000000
-0.136904 -0.379871 0.743280 50.000000
-0.061054 -0.060221 0.744530 50.000000
-0.019379 -0.037716 0.743280 50.000000
-0.001875 -0.154824 0.745364 52.000000
0.027297 0.294436 0.744947 50.000000
0.029798 0.346114 0.742863 50.000000
0.063972 0.348614 0.743280 50.000000
0.078558 0.403626 0.743280 50.000000
0.092311 0.089810 0.742447 50.000000
0.118983 0.476974 0.742863 50.000000
0.130652 0.327360 0.744947 50.000000
0.140654 0.314857 0.743697 50.000000
0.144822 0.058137 0.742863 50.000000
0.144822 0.047302 0.745364 50.000000
0.151907 0.315274 0.742863 50.000000
0.190248 0.484476 0.744113 50.000000
0.210669 0.444468 0.745781 50.000000
0.220671 0.170244 0.745364 50.000000
0.218587 0.005209 0.742447 50.000000
0.224422 0.086060 0.742863 50.000000
0.228173 0.122734 0.745781 50.000000
-0.173161 -0.005626 0.748698 51.000000
-0.088977 0.062305 0.747864 50.000000
-0.051052 0.254845 0.749531 53.000000
-0.035216 0.371952 0.747864 53.000000
0.032715 0.183580 0.747864 50.000000
0.052719 -0.089394 0.746197 52.000000
0.083559 0.113982 0.747031 50.000000
0.095645 0.301104 0.749948 50.000000
0.105230 0.436549 0.749531 50.000000
0.212336 0.335278 0.746614 50.000000
0.209002 -0.190665 0.748281 50.000000
0.223172 0.446551 0.747031 50.000000
-0.193582 0.006876 0.753282 51.000000
-0.108148 0.133570 0.753699 53.000000
0.033132 -0.066889 0.752865 52.000000
0.034382 -0.044384 0.753699 52.000000
0.101063 0.023963 0.750782 50.000000
0.105230 0.093978 0.753699 50.000000
0.117316 0.117316 0.751198 50.000000
0.127735 0.425297 0.751615 50.000000
0.141905 0.306105 0.754116 50.000000
0.155241 0.015628 0.752448 50.000000
0.168994 0.218587 0.752865 50.000000
0.219421 -0.221504 0.750782 50.000000
0.223172 -0.146489 0.752032 50.000000
-0.131902 -0.014795 0.754532 51.000000
-0.114399 0.307356 0.756199 53.000000
-0.075224 0.158158 0.754532 50.000000
-0.060638 0.271098 0.757866 53.000000
-0.023130 0.376537 0.756199 53.000000
0.030215 0.325693 0.755366 50.000000
0.066472 -0.032298 0.754532 52.000000
0.115232 0.071890 0.754949 50.000000
0.118983 0.131486 0.757033 50.000000
0.141488 0.132736 0.757033 50.000000
0.184830 -0.346114 0.758700 50.000000
0.204834 0.088977 0.754949 50.000000
0.205251 -0.366535 0.757033 50.000000
0.211086 0.161909 0.757866 50.000000
0.209835 0.148989 0.755782 50.000000
0.210252 -0.210252 0.756199 50.000000
0.215670 -0.366951 0.754532 50.000000
-0.152323 -0.024380 0.760367 51.000000
-0.142738 -0.067306 0.762034 51.000000
-0.049385 0.271932 0.759533 53.000000
-0.040633 0.210669 0.761617 50.000000
-0.034382 0.090644 0.759950 50.000000
0.005209 0.011877 0.759950 52.000000
0.059387 0.025214 0.761617 50.000000
0.095228 0.084393 0.761617 50.000000
0.138154 0.074391 0.759533 50.000000
0.166910 0.006876 0.759117 50.000000
0.191081 0.031465 0.759533 50.000000
0.199417 -0.241509 0.761617 50.000000
0.196916 -0.314857 0.761200 50.000000
0.216920 0.079808 0.761200 50.000000
0.225255 -0.155241 0.762034 50.000000
-0.201084 0.337362 0.766618 50.000000
-0.163159 -0.067306 0.763701 51.000000
-0.148573 0.197750 0.766201 53.000000
-0.121900 0.418212 0.763701 50.000000
-0.112732 -0.141905 0.763701 51.000000
-0.109815 0.032715 0.763701 51.000000
-0.093561 0.247760 0.764534 53.000000
-0.032715 0.394040 0.764951 50.000000
0.105647 0.416128 0.763701 50.000000
0.156908 0.173161 0.765368 50.000000
0.202334 -0.187747 0.765785 50.000000
0.207335 0.369869 0.763701 50.000000
0.214836 -0.154824 0.766201 50.000000
0.219004 -0.067722 0.763701 50.000000
0.217337 -0.111065 0.767035 50.000000
-0.183163 -0.011044 0.768285 51.000000
-0.163576 -0.108981 0.769119 51.000000
-0.138154 0.173995 0.767868 53.000000
-0.081892 0.263180 0.770786 53.000000
-0.077308 0.394874 0.769952 50.000000
-0.068973 0.326943 0.767452 53.000000
-0.016879 -0.053136 0.768702 52.000000
0.084393 0.257762 0.770369 50.000000
0.095228 0.063972 0.769952 50.000000
0.104814 0.041050 0.768702 50.000000
0.131069 -0.091894 0.769952 52.000000
0.156908 0.162326 0.769119 50.000000
0.209419 -0.066472 0.769952 50.000000
0.219004 0.485726 0.767452 50.000000
0.229006 -0.110231 0.769119 50.000000
-0.193582 -0.042717 0.774536 51.000000
-0.150656 0.058137 0.773703 51.000000
-0.140654 0.046468 0.772036 51.000000
-0.119817 0.493645 0.772036 50.000000
-0.080225 0.303605 0.774120 53.000000
-0.078141 0.013128 0.771619 51.000000
-0.068973 0.315691 0.772036 53.000000
-0.041467 -0.223588 0.772870 50.000000
-0.013544 0.304855 0.772453 53.000000
0.037299 0.206085 0.772870 50.000000
0.039383 0.027714 0.771619 50.000000
0.073140 0.246093 0.774536 50.000000
0.160242 0.200250 0.772036 50.000000
0.170661 0.331111 0.774953 50.000000
0.199000 0.387372 0.773286 50.000000
0.210669 -0.292353 0.771619 50.000000
0.219837 -0.087727 0.772036 50.000000
0.223588 0.269431 0.773703 50.000000
0.226089 0.296103 0.773703 50.000000
-0.171077 0.105230 0.776204 53.000000
-0.141905 -0.053136 0.776620 51.000000
-0.113982 -0.264847 0.775787 50.000000
-0.021880 -0.295270 0.775787 50.000000
0.060638 0.209419 0.779121 50.000000
0.061471 0.007710 0.779121 52.000000
0.073974 0.053553 0.777037 50.000000
0.091061 0.508648 0.778704 50.000000
0.176078 0.093561 0.775370 50.000000
0.191498 -0.020629 0.777454 50.000000
0.193999 0.459054 0.777037 50.000000
0.202334 -0.270681 0.777870 50.000000
0.212753 -0.270681 0.776204 50.000000
0.216087 0.014378 0.776204 50.000000
0.226506 -0.206501 0.777037 50.000000
-0.171494 0.083976 0.781621 50.000000
-0.174828 -0.254011 0.782455 50.000000
0.097729 0.425297 0.783288 50.000000
0.192332 0.432382 0.780788 50.000000
0.213169 -0.301938 0.781621 50.000000
0.226089 -0.018129 0.780788 50.000000
-0.174411 -0.243176 0.784955 50.000000
-0.128985 0.073557 0.784539 50.000000
-0.061888 -0.263597 0.783705 50.000000
-0.030631 -0.283601 0.787456 50.000000
-0.019796 -0.242342 0.784955 50.000000
0.000208 -0.273599 0.784122 50.000000
0.011044 -0.283184 0.787456 50.000000
0.170661 0.156491 0.784122 50.000000
0.184830 0.183163 0.787456 50.000000
0.196499 0.195249 0.784539 50.000000
0.208168 0.196499 0.784955 50.000000
0.209002 0.051469 0.785372 50.000000
0.228589 -0.194416 0.784122 50.000000
-0.145239 0.334861 0.787873 53.000000
-0.123984 -0.356116 0.789540 50.000000
-0.114399 0.231923 0.787873 53.000000
-0.040217 0.434466 0.789956 50.000000
0.013961 0.368618 0.791207 53.000000
0.074391 0.022296 0.788289 50.000000
0.082726 0.371119 0.788289 50.000000
0.103980 0.165660 0.787873 50.000000
0.103563 0.153990 0.788706 50.000000
0.153574 0.050219 0.791207 50.000000
0.215253 0.124818 0.789123 50.000000
0.217754 -0.226089 0.790790 50.000000
-0.146072 0.272348 0.794957 53.000000
-0.116483 0.123567 0.793290 53.000000
-0.080642 -0.199833 0.792040 51.000000
0.012711 -0.230256 0.792457 50.000000
0.031465 0.264430 0.792874 50.000000
0.033549 0.303605 0.793707 50.000000
0.153574 0.365701 0.794541 50.000000
0.202334 -0.094811 0.794957 50.000000
0.204834 0.411127 0.792457 50.000000
0.215253 -0.071473 0.795791 50.000000
0.217337 -0.257762 0.794124 50.000000
0.226089 -0.331944 0.793707 50.000000
-0.169827 0.172744 0.797041 53.000000
-0.149823 0.054386 0.798291 51.000000
-0.131902 0.422796 0.799958 50.000000
-0.071056 -0.282767 0.798708 50.000000
-0.022713 0.302355 0.796208 53.000000
-0.022713 -0.000625 0.797875 50.000000
-0.018546 0.384455 0.799542 53.000000
0.037716 0.153990 0.797875 50.000000
0.048552 0.359867 0.797458 50.000000
0.073974 0.389456 0.799125 50.000000
0.076474 0.036466 0.797458 50.000000
0.095228 0.362784 0.797458 50.000000
0.219421 0.293186 0.799125 50.000000
0.228589 0.116899 0.799958 50.000000
-0.132736 -0.240675 0.801209 50.000000
-0.116483 0.115232 0.803293 53.000000
-0.018129 0.128985 0.801625 50.000000
-0.003126 -0.077725 0.802459 52.000000
0.000625 0.035632 0.802876 50.000000
0.016879 0.400708 0.800375 50.000000
0.030215 0.430715 0.802876 50.000000
0.031882 0.002292 0.803709 52.000000
0.170244 0.090644 0.804126 50.000000
0.176495 0.187747 0.801625 50.000000
0.185664 -0.268181 0.802042 50.000000
0.183580 -0.352782 0.802876 50.000000
0.194416 -0.352782 0.802042 50.000000
0.199000 -0.214003 0.802876 50.000000
0.202751 0.068139 0.802459 50.000000
0.223172 0.191081 0.801209 50.000000
0.224839 0.057304 0.801625 50.000000
0.228589 -0.309856 0.801209 50.000000
-0.199833 0.426130 0.807877 50.000000
-0.158991 0.139404 0.805376 53.000000
-0.156074 0.329027 0.804959 53.000000
-0.154407 -0.364868 0.806626 50.000000
-0.151907 -0.122317 0.807043 51.000000
-0.114399 0.188998 0.806210 53.000000
-0.034382 -0.065639 0.807877 50.000000
0.025630 0.336112 0.807460 50.000000
0.096895 -0.017712 0.804543 52.000000
0.151907 0.316941 0.806210 50.000000
0.155657 0.212753 0.804959 50.000000
0.191915 0.374036 0.804543 50.000000
0.207752 -0.288602 0.804543 50.000000
-0.201084 0.318608 0.811628 53.000000
-0.167743 0.278183 0.808710 53.000000
-0.143988 0.359033 0.811211 53.000000
-0.024380 0.489060 0.810377 50.000000
0.003542 -0.280267 0.812461 50.000000
0.057720 0.063555 0.812044 50.000000
0.058554 0.299021 0.809960 50.000000
0.097312 -0.038966 0.811211 52.000000
0.114399 0.078141 0.812044 50.000000
0.181079 0.068973 0.809544 50.000000
0.198583 -0.266931 0.809960 50.000000
0.216087 0.219837 0.812044 50.000000
0.214836 -0.157324 0.812461 50.000000
0.226922 0.352365 0.809960 50.000000
-0.146489 0.229423 0.814545 53.000000
-0.002292 0.462805 0.812878 50.000000
0.162326 0.281100 0.813711 50.000000
0.174828 0.283601 0.816629 50.000000
0.201500 0.181079 0.812878 50.000000
0.207335 0.096478 0.815378 50.000000
0.208168 -0.362367 0.813711 50.000000
0.221504 -0.276516 0.814128 50.000000
0.096478 -0.082309 0.818296 52.000000
0.197750 -0.383205 0.818712 50.000000
0.213586 0.171494 0.818296 50.000000
0.219004 0.086476 0.819129 50.000000
0.219004 -0.110648 0.820796 50.000000
0.224005 0.148156 0.819963 50.000000
0.222338 -0.308189 0.819546 50.000000
0.228589 -0.133570 0.817462 50.000000
-0.211919 0.337779 0.824130 53.000000
-0.151490 -0.141071 0.822046 51.000000
-0.147322 0.146072 0.822880 53.000000
-0.108981 -0.140238 0.823297 51.000000
0.098145 -0.069806 0.823713 52.000000
0.164409 -0.067722 0.821213 52.000000
0.181913 0.209002 0.822880 50.000000
0.186914 0.121067 0.821213 50.000000
0.200250 0.135237 0.823713 50.000000
0.208168 0.236924 0.824130 50.000000
0.208585 -0.099396 0.823297 50.000000
0.222755 -0.329027 0.823713 50.000000
-0.027297 0.396958 0.825797 53.000000
0.006043 0.358200 0.827881 53.000000
0.189414 0.135653 0.827047 50.000000
0.199833 -0.361534 0.825380 50.000000
0.216087 0.016879 0.827047 50.000000
0.223172 0.125234 0.825380 50.000000
0.226506 0.162742 0.826631 50.000000
-0.018962 0.304855 0.832048 53.000000
-0.020213 -0.036883 0.832048 50.000000
0.145239 0.327360 0.831215 50.000000
0.170244 0.343613 0.832465 50.000000
0.176078 0.264013 0.832882 50.000000
0.190665 -0.052719 0.832882 52.000000
0.209002 -0.131486 0.831632 50.000000
0.215670 0.306939 0.832882 50.000000
-0.168994 0.138154 0.835382 53.000000
-0.056887 0.201084 0.833715 50.000000
-0.045218 0.502813 0.836633 50.000000
-0.025214 -0.256512 0.834132 50.000000
0.121900 -0.077308 0.835799 52.000000
0.203584 0.151490 0.834549 50.000000
0.091894 -0.008960 0.839550 52.000000
0.196083 0.191081 0.840800 50.000000
0.201917 -0.073557 0.838300 52.000000
0.204834 -0.284851 0.839550 50.000000
0.211919 -0.107314 0.839133 50.000000
-0.191498 0.068973 0.844968 50.000000
-0.168577 0.165660 0.843717 53.000000
-0.037299 0.093978 0.842051 50.000000
0.090227 -0.065222 0.843717 52.000000
0.149823 0.189414 0.844968 50.000000
0.216503 0.142321 0.842051 50.000000
0.222755 -0.139821 0.843717 50.000000
0.221504 -0.162742 0.842051 50.000000
0.221088 -0.195249 0.846218 50.000000
0.227756 -0.316524 0.843717 50.000000
-0.199833 0.390290 0.848302 50.000000
0.217337 -0.337779 0.849969 50.000000
-0.201500 0.206085 0.852053 53.000000
-0.140654 0.449052 0.851219 50.000000
-0.110231 -0.371953 0.852886 50.000000
-0.001875 -0.286101 0.852886 50.000000
0.035216 -0.098562 0.853720 52.000000
0.217754 0.133570 0.852053 50.000000
0.220671 -0.249844 0.853303 50.000000
-0.172328 -0.199417 0.858304 51.000000
-0.132736 0.272765 0.855803 53.000000
0.043134 0.101063 0.856220 50.000000
0.221921 -0.238175 0.857054 50.000000
-0.179829 0.098562 0.862888 50.000000
0.129402 0.193999 0.861221 50.000000
0.209002 -0.044384 0.862888 50.000000
0.209419 -0.304022 0.861638 50.000000
-0.178579 0.224422 0.866639 53.000000
-0.166493 0.263597 0.866639 53.000000
0.222755 -0.270265 0.864972 50.000000
0.221921 -0.292353 0.864138 50.000000
-0.191498 0.052303 0.868306 51.000000
-0.168577 0.124818 0.868306 53.000000
-0.151907 -0.370702 0.869556 50.000000
-0.119817 -0.370285 0.870390 50.000000
-0.011044 -0.305689 0.869973 50.000000
0.010627 -0.305689 0.870390 50.000000
0.193582 0.240675 0.870806 50.000000
0.207335 0.267764 0.869140 50.000000
-0.167327 0.189414 0.874557 53.000000
-0.166076 0.279433 0.872474 53.000000
-0.028548 0.268598 0.871640 50.000000
0.187331 -0.054803 0.872890 52.000000
0.215670 0.352365 0.874974 50.000000
-0.224839 -0.049802 0.879142 51.000000
-0.176495 0.361950 0.875808 53.000000
-0.177745 0.254428 0.877058 53.000000
0.176495 -0.065639 0.879142 52.000000
0.214836 -0.246510 0.877475 50.000000
0.222755 0.285685 0.877058 50.000000
0.227339 -0.212753 0.875808 50.000000
-0.225255 -0.173161 0.882476 51.000000
-0.200667 0.243176 0.881225 53.000000
-0.176912 0.336112 0.879558 53.000000
0.032715 0.302355 0.882059 50.000000
0.045218 0.072307 0.880392 50.000000
0.200667 -0.052719 0.880392 52.000000
0.224422 -0.051469 0.880392 50.000000
-0.159825 -0.127735 0.886643 51.000000
0.171494 0.219421 0.887477 50.000000
0.188998 0.299854 0.885810 50.000000
0.214420 0.144822 0.887477 50.000000
0.229006 0.183997 0.886226 50.000000
-0.158575 -0.046885 0.891644 51.000000
0.197333 -0.177745 0.890394 50.000000
0.212753 0.120233 0.889144 50.000000
0.219837 -0.177329 0.887893 50.000000
0.224422 0.108981 0.890811 50.000000
0.227339 0.305272 0.891227 50.000000
-0.175662 0.411961 0.892478 53.000000
0.191915 -0.367368 0.892061 50.000000
0.219837 0.199417 0.895395 50.000000
0.219837 -0.210669 0.892894 50.000000
0.222338 -0.164409 0.895812 50.000000
-0.051886 -0.281100 0.896229 50.000000
0.020629 -0.031048 0.897895 52.000000
0.122317 -0.063138 0.898312 52.000000
0.168577 -0.061888 0.896645 52.000000
0.205668 -0.322359 0.897895 50.000000
0.204834 -0.377787 0.899146 50.000000
0.215670 0.294020 0.899979 50.000000
0.217337 -0.322359 0.896645 50.000000
-0.187747 0.346114 0.902063 53.000000
-0.132319 0.199417 0.900813 53.000000
0.132736 0.329444 0.900813 50.000000
-0.190665 0.075641 0.904980 50.000000
-0.114816 -0.123567 0.906231 51.000000
0.038550 0.116899 0.905814 50.000000
0.201917 -0.140238 0.905397 50.000000
0.210252 0.202751 0.906231 50.000000
0.213586 -0.151073 0.907481 50.000000
0.218587 -0.045635 0.906647 50.000000
0.202334 -0.162326 0.910815 50.000000
0.220671 -0.309856 0.910815 50.000000
0.028131 -0.245259 0.913315 50.000000
0.186914 -0.287768 0.913315 50.000000
0.211086 -0.275682 0.916233 50.000000
0.209835 -0.309439 0.914982 50.000000
0.219004 -0.067722 0.913315 50.000000
0.217337 -0.103146 0.914566 50.000000
0.223172 0.193165 0.913315 50.000000
0.224005 -0.219004 0.912899 50.000000
-0.212336 0.154407 0.917900 53.000000
-0.179829 -0.028131 0.920817 51.000000
0.067306 -0.083559 0.918733 52.000000
0.219837 -0.078141 0.919983 50.000000
0.229006 -0.136904 0.919983 50.000000
-0.224005 0.194416 0.922484 53.000000
-0.200250 0.274015 0.924568 53.000000
0.009377 -0.141905 0.923317 52.000000
0.188164 -0.331527 0.924984 50.000000
0.222338 0.145239 0.924984 50.000000
0.224005 -0.285685 0.922901 50.000000
-0.187331 0.344030 0.929152 53.000000
0.018546 -0.276933 0.929152 50.000000
0.216503 -0.182746 0.925401 50.000000
0.223588 -0.364451 0.929152 50.000000
-0.190665 -0.013128 0.932486 51.000000
-0.176912 0.236508 0.931236 53.000000
-0.166076 0.183997 0.929986 53.000000
-0.026464 -0.299021 0.932069 50.000000
0.205251 -0.205251 0.931653 50.000000
0.221921 -0.087727 0.931236 50.000000
-0.175662 0.320275 0.937487 53.000000
-0.123567 -0.071056 0.937487 51.000000
-0.015211 -0.299021 0.934570 50.000000
0.202334 -0.341529 0.937487 50.000000
-0.181079 -0.231507 0.939571 50.000000
-0.168577 -0.070640 0.939571 51.000000
-0.128568 0.294436 0.939988 53.000000
-0.058971 -0.276099 0.938737 50.000000
0.143988 0.211086 0.941238 50.000000
0.181496 -0.261930 0.940404 50.000000
0.205251 -0.272765 0.941655 50.000000
0.216087 -0.284018 0.938737 50.000000
0.214420 -0.352365 0.938737 50.000000
0.034799 -0.126068 0.942488 52.000000
0.191915 -0.363617 0.945405 50.000000
0.204418 -0.318191 0.943738 50.000000
-0.225255 -0.103563 0.948323 51.000000
-0.177745 0.138571 0.946656 53.000000
-0.069389 -0.274849 0.949573 50.000000
0.155657 -0.050219 0.949990 52.000000
-0.176495 0.218170 0.952490 53.000000
-0.168160 -0.078975 0.954157 51.000000
0.012294 -0.148156 0.950823 52.000000
0.119817 -0.063138 0.951657 52.000000
0.200667 -0.131486 0.952907 50.000000
0.219421 -0.259846 0.951240 50.000000
-0.178996 -0.030631 0.957908 51.000000
0.048969 -0.099812 0.956241 52.000000
0.084809 -0.074807 0.956658 52.000000
0.176912 -0.143572 0.955824 50.000000
0.209002 -0.247760 0.955824 50.000000
0.214836 -0.094811 0.954991 52.000000
-0.187747 0.274432 0.959992 53.000000
-0.133570 -0.053553 0.962492 51.000000
0.168994 -0.059387 0.959992 52.000000
0.197333 -0.270681 0.959992 50.000000
0.207335 -0.350698 0.959992 50.000000
0.227339 -0.116899 0.961659 50.000000
0.037299 -0.145239 0.965826 52.000000
0.196499 -0.339446 0.963742 50.000000
0.202334 -0.153157 0.964993 50.000000
0.213169 -0.176495 0.964159 50.000000
0.206501 -0.068556 0.968327 52.000000
0.227339 -0.151490 0.969577 50.000000
0.226922 -0.163576 0.968744 50.000000
-0.214420 -0.249010 0.974995 50.000000
0.216087 -0.139404 0.971244 50.000000
-0.212336 0.161492 0.976245 53.000000
-0.200667 0.110231 0.977079 50.000000
-0.123984 -0.271515 0.977912 50.000000
0.064388 -0.082726 0.978329 52.000000
0.198583 -0.372786 0.976662 50.000000
0.215670 -0.186080 0.977912 50.000000
-0.146906 -0.305689 0.981246 50.000000
0.187747 -0.361117 0.980413 50.000000
0.200667 -0.314441 0.981246 50.000000
0.208585 -0.089394 0.982913 52.000000
0.215670 -0.209419 0.979996 50.000000
0.229006 -0.196499 0.983330 50.000000
-0.188581 0.125234 0.984580 50.000000
-0.180246 -0.282351 0.986247 50.000000
0.201500 -0.302771 0.983747 50.000000
0.211502 -0.039800 0.985414 52.000000
0.209835 -0.076891 0.985414 52.000000
0.215670 -0.232340 0.984164 50.000000
0.228173 -0.220254 0.984997 50.000000
0.225672 -0.325276 0.986664 50.000000
-0.201084 0.038966 0.990415 51.000000
-0.191081 -0.189414 0.989581 51.000000
-0.168577 -0.235674 0.990831 50.000000
0.187331 -0.052303 0.989998 52.000000
0.221504 -0.100229 0.987914 52.000000
-0.213169 -0.009794 0.992915 51.000000
-0.201084 0.052303 0.994165 51.000000
0.215670 -0.301521 0.992915 50.000000
0.218587 -0.219004 0.994999 50.000000
-0.212753 0.003959 0.998333 51.000000
-0.200667 0.091477 0.999167 50.000000
0.039800 -0.210252 0.996666 50.000000
0.082309 0.007710 0.997916 52.000000
0.206918 -0.230256 1.000000 50.000000
