-0.432111 0.022229 -1.000000 50.000000
-0.242494 0.025933 0.501786 51.000000
0.092956 0.320968 0.503215 50.000000
-0.192985 0.025597 0.501786 51.000000
-0.242158 -0.059276 0.503691 50.000000
-0.174461 -0.005052 0.501786 51.000000
-0.217571 -0.083863 0.502263 50.000000
0.163010 0.120237 0.501786 50.000000
0.000337 -0.050520 0.501310 52.000000
0.179176 -0.112827 0.504168 50.000000
-0.030649 -0.331409 0.501310 50.000000
-0.043784 -0.343870 0.500834 50.000000
-0.112490 -0.414598 0.504644 50.000000
-0.119226 -0.419987 0.501310 50.000000
0.447267 0.133035 0.504168 50.000000
-0.061297 -0.376877 0.502739 50.000000
-0.266070 0.025933 0.507978 51.000000
0.030312 0.312211 0.507502 50.000000
-0.061297 0.224644 0.505120 50.000000
-0.167388 0.061971 0.505120 51.000000
-0.036711 0.124615 0.507978 51.000000
0.053214 0.183555 0.509407 53.000000
0.230706 0.228349 0.508931 53.000000
0.233738 0.141792 0.507502 53.000000
0.049846 -0.045468 0.507502 52.000000
-0.064328 -0.310527 0.505597 50.000000
0.413588 0.145833 0.506549 50.000000
0.088915 -0.194332 0.508454 50.000000
0.035027 -0.256977 0.506549 50.000000
0.055908 -0.238790 0.508454 50.000000
0.016166 -0.288636 0.506073 50.000000
-0.022902 -0.326357 0.506073 50.000000
0.062308 -0.245189 0.505597 50.000000
0.395064 0.076790 0.507978 50.000000
0.023239 -0.295708 0.506549 50.000000
-0.229022 0.025933 0.510836 51.000000
-0.088241 0.137077 0.511312 51.000000
0.078137 0.242831 0.513694 53.000000
0.084199 0.236095 0.510836 53.000000
-0.055908 -0.081168 0.512741 52.000000
-0.068707 -0.093967 0.513694 52.000000
0.101376 -0.117206 0.510836 50.000000
0.108786 -0.136740 0.509883 50.000000
-0.124952 -0.389338 0.513694 50.000000
-0.048499 -0.326357 0.513218 50.000000
0.249230 -0.056245 0.511312 50.000000
0.132361 -0.170420 0.511789 50.000000
-0.034690 -0.340166 0.511789 50.000000
0.004715 -0.302781 0.513218 50.000000
-0.052877 -0.372498 0.511312 50.000000
-0.221613 0.093293 0.517504 50.000000
0.030985 0.273817 0.515123 53.000000
0.170420 0.403820 0.517504 50.000000
0.086894 0.250241 0.517028 53.000000
-0.165368 -0.011451 0.516075 51.000000
-0.042100 0.080831 0.515599 51.000000
-0.061634 0.024923 0.518933 51.000000
-0.034690 -0.314569 0.516552 50.000000
-0.136403 -0.416956 0.517028 50.000000
-0.161663 -0.442889 0.516075 50.000000
-0.040753 -0.334103 0.515599 50.000000
0.484315 0.170083 0.517981 50.000000
0.141455 -0.178166 0.515123 50.000000
0.079147 -0.234411 0.515599 50.000000
-0.350943 -0.046815 0.521791 50.000000
-0.270449 -0.115858 0.523220 50.000000
0.108112 0.205447 0.522744 53.000000
0.246873 0.109796 0.521791 50.000000
-0.097671 -0.366099 0.523696 50.000000
-0.110470 -0.378897 0.522267 50.000000
0.051867 -0.233401 0.519409 50.000000
0.394390 0.098345 0.522267 50.000000
0.309517 0.016166 0.521791 50.000000
0.223970 -0.069380 0.523696 50.000000
-0.006736 -0.303455 0.519886 50.000000
-0.109796 -0.405168 0.519409 50.000000
0.165368 -0.146844 0.523220 50.000000
0.149875 -0.158969 0.520838 50.000000
-0.089251 -0.400116 0.521791 50.000000
0.437837 0.119563 0.520362 50.000000
0.374856 0.056582 0.519409 50.000000
-0.195006 0.130678 0.524172 50.000000
-0.251925 0.025933 0.526078 51.000000
0.011788 0.242494 0.525601 53.000000
-0.207804 -0.042436 0.525601 51.000000
-0.038732 0.119226 0.527030 51.000000
0.014145 -0.032669 0.526078 52.000000
-0.084873 -0.138424 0.526078 52.000000
-0.052204 -0.120574 0.525601 52.000000
-0.153243 -0.439858 0.527983 50.000000
-0.011788 -0.311201 0.527030 50.000000
-0.076116 -0.374856 0.527507 50.000000
0.049172 -0.267754 0.527030 50.000000
-0.062981 0.183218 0.531317 50.000000
-0.064665 0.093967 0.531317 51.000000
0.105754 0.252935 0.531317 53.000000
-0.030985 0.100703 0.532746 51.000000
-0.058266 0.012125 0.532746 51.000000
0.001684 0.018187 0.530364 50.000000
0.114174 -0.008757 0.530841 50.000000
-0.038732 -0.297056 0.530841 50.000000
-0.076453 -0.361721 0.529412 50.000000
0.124615 -0.172104 0.529888 50.000000
0.104070 -0.191301 0.531317 50.000000
-0.043447 -0.343534 0.529412 50.000000
0.445247 0.134382 0.532270 50.000000
0.373845 0.063655 0.533222 50.000000
-0.099692 -0.416619 0.533222 50.000000
-0.393380 -0.065676 0.534651 50.000000
0.138761 0.398432 0.535127 50.000000
-0.154927 0.056919 0.537985 51.000000
-0.187933 0.013135 0.534651 51.000000
0.094303 0.266407 0.537509 53.000000
0.062644 0.212519 0.535604 53.000000
-0.181534 -0.043110 0.534651 51.000000
-0.149538 -0.024586 0.533699 51.000000
0.154590 0.142129 0.535604 50.000000
0.059276 0.017850 0.536556 50.000000
0.094303 -0.027954 0.536080 50.000000
-0.055908 -0.331072 0.537985 50.000000
-0.133372 -0.407862 0.535604 50.000000
0.170083 -0.134719 0.536556 50.000000
0.004378 -0.300424 0.537033 50.000000
-0.022902 -0.325683 0.533699 50.000000
-0.048162 -0.351617 0.537033 50.000000
-0.113164 -0.415945 0.533699 50.000000
0.350606 0.043110 0.537985 50.000000
0.237779 -0.077127 0.537509 50.000000
0.037721 -0.281900 0.534175 50.000000
-0.092956 -0.410556 0.534651 50.000000
-0.442552 -0.077800 0.539414 50.000000
-0.218919 -0.005052 0.538462 51.000000
0.007746 0.211509 0.538938 53.000000
0.102050 0.260681 0.540367 53.000000
0.071738 0.233064 0.539891 53.000000
0.123605 0.254619 0.539414 53.000000
0.039069 0.062981 0.538462 50.000000
-0.096324 -0.075779 0.538462 50.000000
-0.088241 -0.133709 0.541319 52.000000
0.332083 0.187596 0.542748 50.000000
-0.106091 -0.396748 0.538938 50.000000
0.113501 -0.185912 0.538938 50.000000
-0.046478 -0.366099 0.539891 50.000000
-0.368457 -0.041426 0.547511 50.000000
-0.086220 0.171430 0.547035 50.000000
-0.140781 0.081842 0.543225 51.000000
-0.053888 0.139771 0.545130 51.000000
0.217908 0.286952 0.545130 50.000000
-0.170756 -0.436490 0.544177 50.000000
0.046478 -0.237442 0.546559 50.000000
0.038732 -0.243168 0.544177 50.000000
0.338818 0.043447 0.547511 50.000000
0.482294 0.172104 0.546082 50.000000
0.013472 -0.296045 0.546082 50.000000
-0.229359 0.094977 0.551798 50.000000
-0.197700 0.101039 0.550846 51.000000
-0.204099 0.031996 0.552274 51.000000
-0.165704 0.031996 0.552274 51.000000
-0.280889 -0.092619 0.548464 50.000000
-0.204436 -0.030985 0.551798 51.000000
0.135056 0.276848 0.547988 53.000000
-0.172104 -0.062644 0.551798 50.000000
0.118216 0.222286 0.549893 53.000000
-0.053551 -0.013472 0.552274 50.000000
-0.060287 -0.045131 0.551798 50.000000
0.207467 0.198374 0.549893 53.000000
0.092283 -0.008420 0.550846 50.000000
-0.123605 -0.406178 0.551798 50.000000
0.102723 -0.186586 0.549417 50.000000
0.331072 0.036374 0.549417 50.000000
0.259334 -0.037385 0.552274 50.000000
-0.084199 -0.380245 0.550846 50.000000
-0.117206 -0.412577 0.549417 50.000000
-0.123268 -0.419987 0.550846 50.000000
0.219592 -0.083863 0.549417 50.000000
0.266407 -0.044457 0.549417 50.000000
0.153243 -0.155601 0.549417 50.000000
0.035027 -0.277858 0.550369 50.000000
0.021218 -0.290320 0.548940 50.000000
0.179850 0.434806 0.556085 50.000000
0.012125 0.200395 0.557037 53.000000
-0.139097 0.044457 0.553227 51.000000
-0.105754 0.038058 0.557037 51.000000
-0.066012 0.038058 0.556085 51.000000
-0.066349 0.024923 0.555132 51.000000
0.134382 0.210162 0.555132 53.000000
-0.046478 -0.007073 0.553227 50.000000
0.064665 0.030649 0.554656 50.000000
0.206794 0.117542 0.555609 50.000000
0.085883 -0.041089 0.552751 50.000000
-0.072412 -0.327367 0.555609 50.000000
0.111143 -0.154590 0.556561 50.000000
0.199047 -0.076790 0.555609 50.000000
-0.083863 -0.367783 0.556561 50.000000
-0.097335 -0.379908 0.553227 50.000000
0.220939 -0.070391 0.553227 50.000000
0.069717 -0.219592 0.555132 50.000000
-0.135393 -0.434806 0.556085 50.000000
0.429754 0.128320 0.553227 50.000000
0.083863 -0.220266 0.554180 50.000000
0.394390 0.085547 0.554180 50.000000
0.215214 -0.104407 0.555609 50.000000
0.084536 -0.233738 0.554180 50.000000
-0.190291 0.070054 0.558943 51.000000
-0.298740 -0.049172 0.557990 50.000000
-0.037048 0.114848 0.560372 51.000000
-0.098008 0.031659 0.561800 51.000000
-0.092283 0.025260 0.558943 51.000000
-0.105081 -0.000337 0.559895 51.000000
-0.105081 -0.013135 0.560848 51.000000
0.183555 0.266744 0.557990 53.000000
-0.038732 0.037721 0.557514 51.000000
0.207804 0.261355 0.561800 53.000000
-0.085210 -0.057929 0.559419 50.000000
0.023913 0.030985 0.560372 50.000000
0.066686 0.056919 0.560372 50.000000
0.234748 0.206794 0.558943 53.000000
0.052204 0.004715 0.559895 50.000000
-0.003031 -0.098345 0.559419 52.000000
0.282236 0.167388 0.561324 53.000000
0.141792 -0.129330 0.561324 50.000000
-0.129667 -0.400116 0.557514 50.000000
-0.154590 -0.428407 0.561800 50.000000
-0.135730 -0.420997 0.557514 50.000000
0.078137 -0.213867 0.559419 50.000000
0.192985 -0.110470 0.557514 50.000000
0.003705 -0.298403 0.560848 50.000000
0.278195 -0.038058 0.558943 50.000000
-0.373845 -0.048162 0.563706 50.000000
0.184902 0.451982 0.565611 50.000000
-0.215214 -0.043784 0.563706 51.000000
-0.196353 -0.037721 0.562753 51.000000
0.150212 0.300760 0.566087 53.000000
0.155264 0.279542 0.562277 53.000000
-0.123942 -0.006399 0.565135 51.000000
0.131014 0.231043 0.564182 53.000000
0.217908 0.296382 0.562277 50.000000
-0.009767 0.037721 0.563706 50.000000
0.039405 0.070054 0.563229 50.000000
-0.030312 0.005726 0.563706 50.000000
-0.090262 -0.116195 0.564182 52.000000
0.118216 -0.002694 0.563229 50.000000
-0.042773 -0.330735 0.564182 50.000000
0.058940 -0.247210 0.563229 50.000000
0.031996 -0.273480 0.565135 50.000000
0.144823 -0.170083 0.565611 50.000000
-0.126299 -0.445247 0.565611 50.000000
-0.246536 0.038732 0.568469 51.000000
0.149875 0.378561 0.570374 50.000000
0.023239 0.235085 0.567040 53.000000
-0.088915 0.102723 0.571327 51.000000
0.051530 0.222286 0.567992 53.000000
-0.129667 0.038395 0.570374 51.000000
0.144149 0.307496 0.567516 53.000000
-0.020545 0.142129 0.569421 50.000000
-0.083189 0.006062 0.569421 51.000000
-0.109459 -0.084199 0.569421 50.000000
-0.062644 -0.039405 0.569898 50.000000
0.143476 0.030649 0.571327 50.000000
-0.061971 -0.337808 0.569898 50.000000
0.211509 -0.084536 0.567040 50.000000
0.102723 -0.196016 0.569898 50.000000
0.160652 -0.144149 0.570374 50.000000
-0.007410 -0.312885 0.568945 50.000000
-0.106428 -0.411904 0.570850 50.000000
0.306486 -0.004378 0.567516 50.000000
0.013472 -0.294024 0.570850 50.000000
0.477242 0.158968 0.570374 50.000000
0.267417 -0.052204 0.569898 50.000000
-0.341850 -0.043110 0.574661 50.000000
0.210835 0.448278 0.572755 50.000000
-0.316590 -0.081168 0.573708 50.000000
0.055235 0.263713 0.574184 53.000000
-0.161663 0.044794 0.573232 51.000000
-0.068033 0.135056 0.572279 51.000000
-0.121921 0.070391 0.575137 51.000000
-0.347912 -0.163684 0.572279 50.000000
-0.168736 0.000000 0.573708 51.000000
-0.067696 0.096324 0.576090 51.000000
0.134382 0.218919 0.575137 53.000000
0.014145 0.005052 0.574661 50.000000
0.055908 0.044121 0.571803 50.000000
0.137077 0.024249 0.574661 50.000000
0.159979 -0.063318 0.573708 50.000000
0.415608 0.136403 0.576090 50.000000
0.252935 -0.024249 0.574661 50.000000
-0.113838 -0.391022 0.571803 50.000000
0.132361 -0.156948 0.574184 50.000000
0.441879 0.143813 0.573708 50.000000
-0.000337 -0.293688 0.573708 50.000000
-0.219592 0.051530 0.579900 51.000000
-0.309854 -0.062308 0.578471 50.000000
-0.284257 -0.062981 0.579424 50.000000
-0.160989 0.006399 0.579424 51.000000
-0.039742 0.109459 0.577042 51.000000
0.102723 0.150885 0.576566 50.000000
0.124615 0.144486 0.576566 50.000000
-0.019534 -0.001010 0.578947 50.000000
0.213193 0.222286 0.580376 53.000000
0.155600 0.118216 0.580376 50.000000
0.185239 0.104744 0.578947 50.000000
-0.012125 -0.112827 0.576566 52.000000
0.311875 0.036711 0.578471 50.000000
-0.092956 -0.372161 0.577042 50.000000
0.320968 0.030312 0.580376 50.000000
0.192311 -0.105081 0.576566 50.000000
-0.065676 -0.359700 0.577519 50.000000
0.278869 -0.031996 0.577995 50.000000
0.170420 -0.138424 0.577519 50.000000
0.056582 -0.256303 0.578471 50.000000
-0.011788 -0.321305 0.577519 50.000000
-0.038058 -0.348249 0.579424 50.000000
0.303118 -0.011114 0.577519 50.000000
0.224644 -0.092283 0.579900 50.000000
0.091609 0.349259 0.582758 50.000000
-0.057929 0.168736 0.583234 50.000000
-0.099692 0.064328 0.585139 51.000000
-0.159979 -0.019534 0.585616 51.000000
-0.167052 -0.025933 0.581805 51.000000
-0.003705 0.103734 0.583234 50.000000
-0.173451 -0.070728 0.583234 50.000000
0.195006 0.284931 0.585616 53.000000
-0.018187 0.064328 0.582758 51.000000
0.128994 0.199384 0.583710 53.000000
0.089251 0.097671 0.583710 50.000000
0.230033 0.222960 0.582758 53.000000
0.204099 0.146507 0.585616 50.000000
0.267417 0.175472 0.581329 53.000000
0.011451 -0.159979 0.581805 52.000000
0.092283 -0.170083 0.585616 50.000000
-0.072412 -0.339492 0.582282 50.000000
-0.050857 -0.348922 0.585616 50.000000
-0.137750 -0.434469 0.581329 50.000000
-0.143476 -0.442215 0.584187 50.000000
-0.150885 -0.448278 0.581805 50.000000
0.465118 0.159642 0.581329 50.000000
0.225318 -0.078811 0.581805 50.000000
0.092619 -0.210835 0.582282 50.000000
0.475558 0.167388 0.583234 50.000000
0.392033 0.072411 0.585139 50.000000
-0.366773 -0.030312 0.586568 50.000000
0.064328 0.349596 0.589902 50.000000
-0.360037 -0.075443 0.590379 50.000000
-0.069717 0.208815 0.587045 50.000000
-0.191975 0.051530 0.589426 51.000000
0.105081 0.308843 0.586568 53.000000
-0.225318 -0.031659 0.586568 51.000000
-0.125962 0.064328 0.586568 51.000000
0.096661 0.274153 0.588950 53.000000
-0.008757 0.149875 0.586568 50.000000
-0.205447 -0.051530 0.588473 51.000000
-0.085883 0.051193 0.587045 51.000000
0.019871 0.137413 0.589902 50.000000
0.011451 0.090599 0.587521 50.000000
0.114511 0.145160 0.589426 50.000000
0.099692 0.131688 0.590379 50.000000
0.091946 0.124615 0.589426 50.000000
0.150549 0.111817 0.588473 50.000000
0.031996 -0.047825 0.586568 52.000000
-0.028965 -0.146507 0.590379 52.000000
0.196353 -0.051193 0.588950 50.000000
-0.037385 -0.321979 0.587997 50.000000
-0.136740 -0.422681 0.589426 50.000000
0.243841 -0.052204 0.589902 50.000000
0.234411 -0.058940 0.586092 50.000000
-0.023239 -0.322652 0.588473 50.000000
-0.069717 -0.369130 0.589902 50.000000
0.159979 -0.152906 0.588473 50.000000
0.005389 0.319621 0.592760 50.000000
-0.218245 0.038732 0.590855 51.000000
-0.118216 0.096998 0.592284 51.000000
-0.124615 0.077800 0.594189 51.000000
0.020545 0.084199 0.595142 50.000000
-0.063655 -0.007410 0.595142 50.000000
-0.009094 0.018187 0.591331 50.000000
0.251251 0.252935 0.591808 53.000000
0.210499 0.202752 0.595142 53.000000
-0.063655 -0.073422 0.594189 52.000000
-0.020882 -0.140445 0.594189 52.000000
0.019871 -0.114511 0.590855 52.000000
0.287962 0.148865 0.594189 50.000000
0.035701 -0.155264 0.592760 52.000000
-0.184228 -0.414261 0.593237 50.000000
-0.083189 -0.369130 0.591808 50.000000
0.198374 -0.092283 0.592284 50.000000
0.032333 -0.257650 0.593237 50.000000
-0.016503 -0.303118 0.591331 50.000000
0.229359 -0.066012 0.592760 50.000000
0.213530 -0.092619 0.591331 50.000000
0.146844 -0.166041 0.592760 50.000000
0.124278 -0.185912 0.590855 50.000000
0.293014 -0.025260 0.591331 50.000000
0.033680 -0.285268 0.594189 50.000000
-0.088578 -0.404157 0.590855 50.000000
-0.475558 -0.113501 0.596094 50.000000
0.140108 0.326357 0.597047 50.000000
0.099019 0.248220 0.599428 53.000000
0.008757 0.151222 0.599905 50.000000
-0.005726 0.137413 0.599428 50.000000
0.186586 0.314906 0.598952 50.000000
-0.110806 -0.000674 0.598476 51.000000
-0.036037 0.057929 0.595618 51.000000
-0.049172 0.044794 0.597523 51.000000
-0.070054 0.025260 0.598000 51.000000
0.013809 0.077463 0.597047 50.000000
0.178166 0.133372 0.599428 50.000000
0.309180 0.206457 0.598000 53.000000
-0.005726 -0.127983 0.599428 52.000000
0.342860 0.193659 0.599428 50.000000
-0.012125 -0.161326 0.598476 52.000000
0.365089 0.157958 0.595618 50.000000
0.231380 -0.038395 0.598476 50.000000
-0.075780 -0.349596 0.597523 50.000000
-0.101713 -0.391022 0.598476 50.000000
-0.127983 -0.418640 0.599905 50.000000
-0.142129 -0.431438 0.597047 50.000000
0.026607 -0.278195 0.596094 50.000000
0.167052 0.459055 0.600381 50.000000
-0.320968 -0.050520 0.600857 50.000000
-0.352964 -0.082515 0.604668 50.000000
0.081842 0.324673 0.603239 53.000000
-0.149875 0.078137 0.603239 51.000000
-0.066686 0.157285 0.604192 51.000000
-0.275501 -0.070391 0.602286 50.000000
-0.116869 0.057929 0.600381 51.000000
-0.281900 -0.115858 0.602286 50.000000
0.031996 0.185239 0.602286 53.000000
-0.005052 0.124615 0.604192 50.000000
-0.026607 0.090935 0.603239 51.000000
-0.156948 -0.046141 0.602763 51.000000
0.160316 0.236769 0.603239 53.000000
0.029975 0.078137 0.603239 50.000000
-0.041426 -0.001347 0.600857 50.000000
-0.103397 -0.059950 0.600381 50.000000
-0.096324 -0.092619 0.600381 52.000000
0.036037 0.018187 0.600857 50.000000
0.211846 0.175808 0.601810 53.000000
0.102050 0.064665 0.601810 50.000000
0.058266 -0.002021 0.602763 50.000000
0.242494 0.106765 0.604192 50.000000
0.317263 0.143139 0.603239 50.000000
0.396074 0.180860 0.602763 50.000000
0.366773 0.130004 0.600857 50.000000
-0.108112 -0.384623 0.602286 50.000000
0.281226 -0.011451 0.602286 50.000000
-0.114174 -0.405504 0.603239 50.000000
0.091272 -0.206120 0.600857 50.000000
0.013809 -0.292340 0.600381 50.000000
-0.202752 0.013135 0.607049 51.000000
-0.229359 -0.012798 0.606573 51.000000
-0.352964 -0.174124 0.606573 50.000000
0.003705 0.158295 0.607049 50.000000
-0.039405 0.104407 0.607526 51.000000
0.039742 0.139097 0.608955 50.000000
0.112827 0.125962 0.608478 50.000000
0.133709 0.064665 0.606573 50.000000
0.089251 0.024249 0.608478 50.000000
-0.079821 -0.146844 0.608478 52.000000
0.059276 -0.015829 0.606573 52.000000
0.254619 0.170083 0.609431 53.000000
-0.024923 -0.121584 0.607526 52.000000
0.245526 0.135393 0.609431 50.000000
0.118553 -0.016503 0.607526 50.000000
0.057256 -0.240137 0.606573 50.000000
0.284594 -0.025597 0.609431 50.000000
0.197363 -0.114174 0.608002 50.000000
-0.024586 -0.334103 0.608955 50.000000
-0.371825 -0.076453 0.613718 50.000000
0.039069 0.310191 0.610384 53.000000
-0.079484 0.144486 0.612289 51.000000
-0.114511 0.084536 0.611336 51.000000
0.066012 0.242158 0.613718 53.000000
0.026944 0.192985 0.610860 53.000000
-0.016503 0.151559 0.611812 50.000000
-0.073422 0.098008 0.609907 51.000000
0.057929 0.221276 0.614194 53.000000
-0.086894 0.071738 0.612765 51.000000
-0.134719 0.012462 0.613718 51.000000
0.056245 0.193322 0.610384 53.000000
0.048836 0.186586 0.610860 53.000000
0.208478 0.197363 0.611812 53.000000
0.249230 0.205783 0.612765 53.000000
0.053214 0.004378 0.610860 50.000000
0.038732 -0.008757 0.610860 50.000000
0.010777 -0.035364 0.612765 52.000000
-0.072412 -0.127310 0.613718 52.000000
0.299750 0.236095 0.610860 53.000000
0.045804 -0.015829 0.609907 52.000000
0.151559 0.038058 0.614194 50.000000
-0.022229 -0.176145 0.613718 52.000000
0.304802 0.143476 0.612289 50.000000
0.122594 -0.139771 0.613241 50.000000
0.030312 -0.253609 0.613241 50.000000
-0.052877 -0.332756 0.610860 50.000000
0.244852 -0.045804 0.611336 50.000000
0.229696 -0.059613 0.613241 50.000000
0.024586 -0.288299 0.613718 50.000000
0.318274 0.002021 0.610860 50.000000
-0.378224 -0.044457 0.618957 50.000000
-0.313222 0.007073 0.617528 50.000000
0.018187 0.303455 0.615147 53.000000
0.094977 0.349259 0.617052 50.000000
-0.201068 0.052540 0.618957 51.000000
-0.134382 0.078137 0.615147 51.000000
-0.043784 0.138424 0.616575 51.000000
0.138087 0.308170 0.616099 53.000000
0.118553 0.236769 0.614670 53.000000
0.006062 0.118890 0.618957 50.000000
-0.305812 -0.196353 0.618957 50.000000
0.199721 0.282910 0.618957 53.000000
0.189617 0.260681 0.616575 53.000000
0.215887 0.283584 0.618957 53.000000
0.048836 0.119226 0.617528 50.000000
0.004042 0.051530 0.614670 50.000000
0.211509 0.225991 0.615623 53.000000
-0.002021 -0.008420 0.618481 50.000000
0.011451 -0.021892 0.615623 50.000000
0.168399 0.079147 0.617528 50.000000
0.264723 0.164020 0.614670 53.000000
0.034017 -0.082852 0.616575 52.000000
-0.000337 -0.170420 0.617052 52.000000
0.355995 0.101713 0.615147 50.000000
0.440195 0.169072 0.618957 50.000000
0.288299 0.002358 0.618481 50.000000
-0.159305 -0.443226 0.616575 50.000000
0.458045 0.169409 0.617528 50.000000
-0.044457 -0.341176 0.615623 50.000000
0.231717 -0.073759 0.617528 50.000000
0.140108 -0.168736 0.616575 50.000000
-0.050183 -0.362394 0.616575 50.000000
-0.384286 -0.037721 0.623244 50.000000
-0.384623 -0.050856 0.621338 50.000000
-0.166378 0.137750 0.619910 51.000000
-0.145833 0.144823 0.622291 51.000000
-0.145833 0.118553 0.623720 51.000000
-0.187260 0.025933 0.622767 51.000000
-0.071064 0.072075 0.623244 51.000000
0.043447 0.112490 0.623720 50.000000
0.111817 0.175472 0.623720 50.000000
-0.043447 -0.008083 0.623244 50.000000
0.214540 0.241147 0.622291 53.000000
-0.118890 -0.093630 0.623244 50.000000
0.019871 0.038395 0.619910 50.000000
0.179176 0.169409 0.619433 50.000000
0.048836 0.038395 0.620386 50.000000
0.131688 0.113164 0.620386 50.000000
0.049846 0.024586 0.622767 50.000000
0.202415 0.135393 0.621338 50.000000
0.169746 0.093293 0.620386 50.000000
-0.070391 -0.154927 0.619910 52.000000
0.057256 -0.063655 0.623244 52.000000
0.056919 -0.076790 0.620862 52.000000
0.186249 -0.059276 0.623244 50.000000
-0.084873 -0.354648 0.620862 50.000000
-0.091609 -0.361384 0.620862 50.000000
-0.151896 -0.423692 0.623244 50.000000
0.216224 -0.059613 0.619433 50.000000
0.097335 -0.181197 0.623244 50.000000
-0.117879 -0.403147 0.622767 50.000000
-0.138087 -0.424028 0.622767 50.000000
-0.021892 -0.322652 0.623244 50.000000
-0.069380 -0.370141 0.623244 50.000000
0.307496 -0.012125 0.623244 50.000000
0.171430 -0.142129 0.619910 50.000000
0.076116 -0.242831 0.619910 50.000000
-0.081505 0.206457 0.628483 50.000000
-0.061297 0.172777 0.628483 50.000000
-0.075779 0.158969 0.628007 51.000000
-0.166378 0.058940 0.627054 51.000000
-0.193659 0.019534 0.625625 51.000000
-0.227002 -0.026607 0.625149 51.000000
0.025597 0.215214 0.628007 53.000000
-0.061971 0.118890 0.628483 51.000000
0.054561 0.229359 0.625149 53.000000
-0.260008 -0.085210 0.625149 50.000000
-0.259671 -0.111817 0.628483 50.000000
-0.285605 -0.164020 0.625625 50.000000
0.068033 0.174798 0.627530 50.000000
0.022902 0.133035 0.626578 50.000000
-0.077800 0.012125 0.624196 51.000000
0.201068 0.241147 0.627530 53.000000
-0.020882 -0.015156 0.627530 50.000000
0.149538 0.127646 0.626101 50.000000
0.081168 0.051867 0.628483 50.000000
0.057256 -0.009094 0.624196 52.000000
0.022229 -0.042773 0.627054 52.000000
0.211846 0.114511 0.626578 50.000000
0.065339 -0.043447 0.626101 52.000000
0.132698 0.017177 0.626101 50.000000
0.022902 -0.097335 0.628483 52.000000
0.133035 0.003368 0.627530 50.000000
0.073759 -0.063992 0.628007 52.000000
-0.118890 -0.346902 0.627530 50.000000
0.225991 -0.039069 0.624673 50.000000
-0.042100 -0.330062 0.628483 50.000000
0.157284 -0.142129 0.624673 50.000000
0.127983 -0.168736 0.626101 50.000000
0.084199 -0.209151 0.626101 50.000000
0.453330 0.147854 0.627530 50.000000
0.181197 -0.122258 0.627530 50.000000
0.460066 0.140445 0.624673 50.000000
0.275837 -0.039742 0.626578 50.000000
-0.239800 0.013135 0.630388 51.000000
0.174124 0.407525 0.632770 50.000000
0.098682 0.337471 0.630388 53.000000
0.065676 0.279542 0.632293 53.000000
-0.032333 0.173451 0.631817 50.000000
-0.067696 0.139434 0.633246 51.000000
-0.225991 -0.039742 0.630865 51.000000
-0.266070 -0.091946 0.630388 50.000000
-0.048162 0.092283 0.631341 51.000000
0.116195 0.245862 0.629436 53.000000
0.164357 0.275837 0.630388 53.000000
0.038395 0.119563 0.630865 50.000000
0.239800 0.315579 0.633246 50.000000
0.185575 0.227002 0.630388 53.000000
0.200058 0.184902 0.631817 53.000000
-0.089588 -0.108112 0.630865 52.000000
0.059950 0.017850 0.632293 50.000000
0.089251 0.045131 0.631341 50.000000
-0.005726 -0.096324 0.628959 52.000000
-0.012462 -0.116532 0.628959 52.000000
0.112154 -0.003368 0.632770 50.000000
-0.032333 -0.150549 0.632293 52.000000
0.111480 -0.085547 0.628959 50.000000
-0.048499 -0.323663 0.632770 50.000000
0.253272 -0.032669 0.631817 50.000000
-0.149201 -0.455350 0.631341 50.000000
0.001347 -0.318274 0.628959 50.000000
-0.238453 0.052877 0.638009 51.000000
-0.073759 0.186586 0.634199 50.000000
-0.073422 0.173451 0.636104 50.000000
-0.088241 0.159305 0.634199 51.000000
0.058940 0.258661 0.635628 53.000000
-0.031996 0.119900 0.637533 51.000000
0.063655 0.182544 0.636580 50.000000
-0.258661 -0.139097 0.635628 50.000000
0.180524 0.234748 0.637533 53.000000
-0.040416 0.005052 0.636580 50.000000
0.228686 0.264723 0.633722 53.000000
0.263376 0.281226 0.636104 53.000000
0.202415 0.213530 0.634199 53.000000
0.052877 0.051867 0.633722 50.000000
-0.109796 -0.114848 0.634199 52.000000
0.113838 0.093293 0.636104 50.000000
0.183892 0.142465 0.634675 50.000000
0.112827 0.051867 0.633722 50.000000
0.151559 0.086557 0.634199 50.000000
-0.017850 -0.137413 0.634675 52.000000
0.247883 0.115522 0.635628 50.000000
-0.016503 -0.165031 0.637533 52.000000
-0.009430 -0.172104 0.636104 52.000000
0.027617 -0.194332 0.638009 52.000000
0.348249 0.044794 0.638009 50.000000
0.124615 -0.176819 0.637533 50.000000
-0.371151 -0.038732 0.639438 50.000000
-0.211172 0.079484 0.642772 51.000000
-0.224981 0.052877 0.640391 51.000000
0.087904 0.353638 0.642296 50.000000
-0.177492 0.059276 0.640391 51.000000
-0.191301 0.046141 0.640867 51.000000
-0.157621 0.025933 0.638485 51.000000
-0.116195 0.052540 0.639438 51.000000
-0.297729 -0.152569 0.642296 50.000000
-0.031322 0.079484 0.642296 51.000000
0.041089 0.106765 0.640867 50.000000
0.094640 0.155601 0.641820 50.000000
-0.060287 -0.014819 0.640391 50.000000
0.156948 0.199047 0.642296 53.000000
0.048499 0.086557 0.642296 50.000000
0.033343 0.031659 0.642772 50.000000
0.211846 0.207467 0.639438 53.000000
0.077463 0.058940 0.640867 50.000000
0.298740 0.268765 0.642296 53.000000
0.162336 0.135729 0.640391 50.000000
0.107775 0.058940 0.641343 50.000000
0.070054 -0.029975 0.641343 52.000000
0.085547 -0.030649 0.642772 52.000000
0.130677 0.010441 0.642772 50.000000
-0.029975 -0.165031 0.640867 52.000000
0.355322 0.204773 0.642296 50.000000
0.137413 -0.010441 0.640391 50.000000
0.108112 -0.065339 0.641343 50.000000
-0.007746 -0.214203 0.638485 50.000000
0.094977 -0.176145 0.640867 50.000000
0.217571 -0.067696 0.641820 50.000000
-0.086220 -0.380918 0.642772 50.000000
0.039405 -0.272806 0.642296 50.000000
-0.086557 -0.394727 0.639914 50.000000
0.140445 -0.177829 0.639438 50.000000
-0.437163 -0.091272 0.645630 50.000000
-0.251251 0.013135 0.647535 51.000000
-0.277858 -0.026270 0.646583 50.000000
0.085210 0.268091 0.647535 53.000000
-0.211172 -0.040416 0.644201 51.000000
0.164357 0.328378 0.644201 53.000000
-0.122258 0.032333 0.645154 51.000000
0.113838 0.240810 0.646106 53.000000
-0.030312 0.052204 0.647059 51.000000
-0.037721 0.031996 0.647535 51.000000
-0.052540 0.005052 0.644677 50.000000
0.094640 0.142129 0.643248 50.000000
0.182881 0.207467 0.647059 53.000000
0.165704 0.192311 0.644201 53.000000
0.198374 0.221613 0.644677 53.000000
0.071401 0.093293 0.643725 50.000000
0.012462 0.024923 0.646583 50.000000
0.292677 0.290993 0.645154 50.000000
0.019534 0.004378 0.645154 50.000000
0.109459 0.072748 0.646583 50.000000
0.187933 0.129667 0.646583 50.000000
0.042436 -0.029975 0.647535 52.000000
0.288972 0.203089 0.647535 53.000000
0.085547 -0.016503 0.643248 52.000000
0.261018 0.152233 0.645154 50.000000
0.146844 0.038058 0.644201 50.000000
0.286615 0.173788 0.645154 53.000000
0.063318 -0.050856 0.643725 52.000000
0.092956 -0.037385 0.643248 50.000000
0.131351 -0.003705 0.644677 50.000000
0.013809 -0.139434 0.645154 52.000000
0.162336 -0.003705 0.644201 50.000000
0.036374 -0.133035 0.647059 52.000000
0.082179 -0.190291 0.645154 50.000000
0.126299 -0.149538 0.645630 50.000000
0.017513 -0.265060 0.645154 50.000000
0.453667 0.156274 0.645630 50.000000
0.004042 -0.292677 0.644677 50.000000
-0.119900 -0.416619 0.647059 50.000000
-0.147517 -0.444236 0.645630 50.000000
0.308170 -0.005389 0.644201 50.000000
0.076116 -0.239463 0.645630 50.000000
-0.209488 0.119563 0.651346 51.000000
0.019197 0.273480 0.650393 53.000000
-0.223971 0.012798 0.648964 51.000000
0.010104 0.238116 0.648488 53.000000
-0.077800 0.154253 0.650869 51.000000
-0.297056 -0.112827 0.649440 50.000000
-0.244178 -0.073422 0.649440 50.000000
-0.028628 0.134045 0.648964 51.000000
-0.071738 0.092956 0.649440 51.000000
-0.155601 -0.014482 0.651822 51.000000
-0.264049 -0.133709 0.649917 50.000000
-0.135056 -0.021555 0.649917 51.000000
0.067023 0.169746 0.649440 50.000000
-0.114174 -0.028291 0.651822 51.000000
0.129667 0.213530 0.650393 53.000000
0.067023 0.142129 0.652298 50.000000
-0.029301 0.039069 0.651346 51.000000
-0.051193 0.018524 0.648488 51.000000
-0.079484 -0.021892 0.649917 50.000000
0.193322 0.243505 0.648964 53.000000
0.167388 0.206794 0.648488 53.000000
0.151559 0.178166 0.650393 50.000000
-0.043447 -0.015493 0.651822 50.000000
0.234748 0.238453 0.652298 53.000000
0.111480 0.114511 0.650869 50.000000
0.142802 0.128993 0.650869 50.000000
0.079484 -0.009767 0.648012 52.000000
0.246199 0.109122 0.651822 50.000000
0.118553 -0.017177 0.652298 50.000000
0.382265 0.096324 0.651822 50.000000
0.244178 -0.047152 0.648964 50.000000
-0.126636 -0.424028 0.648488 50.000000
0.277858 -0.033680 0.650393 50.000000
0.229359 -0.089588 0.650869 50.000000
-0.350606 -0.059276 0.657061 50.000000
-0.202079 0.073085 0.656585 51.000000
-0.323999 -0.046141 0.655632 50.000000
-0.357006 -0.092619 0.654680 50.000000
-0.323999 -0.073085 0.655156 50.000000
-0.229696 -0.007073 0.655632 51.000000
0.072748 0.269101 0.657061 53.000000
0.048499 0.232727 0.655156 53.000000
-0.063655 0.113838 0.653727 51.000000
-0.216561 -0.047152 0.653727 51.000000
-0.296719 -0.126636 0.655156 50.000000
0.143813 0.307833 0.656585 53.000000
-0.056582 0.106765 0.654203 51.000000
0.077127 0.205447 0.654203 53.000000
0.054224 0.183892 0.654680 50.000000
-0.134046 -0.007746 0.656109 51.000000
-0.021218 0.100366 0.652775 51.000000
0.116532 0.228012 0.655632 53.000000
0.054561 0.170083 0.656585 50.000000
0.163684 0.257650 0.653727 53.000000
0.037721 0.128320 0.653727 50.000000
0.023576 0.114174 0.656585 50.000000
-0.006736 0.031996 0.656109 50.000000
0.036711 0.059276 0.653727 50.000000
0.022229 0.031996 0.655156 50.000000
0.021892 0.018187 0.653727 50.000000
0.029638 0.011114 0.654680 50.000000
0.120237 0.080158 0.655156 50.000000
0.311875 0.248893 0.656109 53.000000
0.127646 0.059276 0.656585 50.000000
0.036374 -0.050856 0.652775 52.000000
-0.049173 -0.145160 0.652775 52.000000
0.045131 -0.099355 0.654680 52.000000
0.119226 -0.031322 0.654203 50.000000
0.031322 -0.126636 0.656585 52.000000
0.281226 0.109796 0.656585 50.000000
0.158632 -0.024923 0.656109 50.000000
0.004042 -0.237442 0.652775 50.000000
-0.036374 -0.307496 0.657061 50.000000
0.231043 -0.047489 0.657061 50.000000
-0.049509 -0.335451 0.656585 50.000000
0.152906 -0.144486 0.655632 50.000000
0.374519 0.074432 0.655156 50.000000
0.206457 -0.096324 0.654203 50.000000
-0.047488 0.182544 0.658014 50.000000
-0.104071 0.127310 0.661824 51.000000
0.098682 0.320631 0.658966 53.000000
0.026944 0.225991 0.658966 53.000000
-0.076116 0.114174 0.661824 51.000000
-0.309854 -0.126973 0.661824 50.000000
0.034017 0.204773 0.659919 53.000000
-0.146844 0.019197 0.660872 51.000000
0.111480 0.263376 0.659443 53.000000
0.063992 0.205783 0.660872 53.000000
-0.098682 0.039069 0.658014 51.000000
-0.153580 -0.041426 0.661824 51.000000
-0.160989 -0.061634 0.659919 50.000000
0.124278 0.192648 0.659919 53.000000
-0.005726 0.045804 0.658966 50.000000
0.046478 0.093967 0.661348 50.000000
0.106765 0.150212 0.657538 50.000000
-0.013135 0.024923 0.658966 50.000000
-0.041426 -0.002021 0.660872 50.000000
0.114848 0.143476 0.658966 50.000000
0.252598 0.196353 0.660872 53.000000
0.090935 0.010441 0.660395 50.000000
0.217235 0.094977 0.661824 50.000000
0.075443 -0.058266 0.658490 52.000000
0.388665 0.155937 0.661348 50.000000
-0.159979 -0.432448 0.658014 50.000000
0.359026 0.074432 0.658966 50.000000
0.451646 0.165031 0.658490 50.000000
0.177492 -0.110470 0.661348 50.000000
0.394727 0.089251 0.658966 50.000000
0.057929 -0.247546 0.658490 50.000000
-0.019871 -0.323326 0.661348 50.000000
-0.089925 -0.392033 0.659919 50.000000
-0.103060 -0.406515 0.661824 50.000000
0.241147 -0.069044 0.661348 50.000000
0.124952 -0.186586 0.660872 50.000000
0.071738 0.363742 0.662777 50.000000
-0.044794 0.224981 0.664682 50.000000
-0.214540 0.046478 0.666587 51.000000
-0.310191 -0.059950 0.662301 50.000000
-0.038395 0.203763 0.662301 50.000000
-0.124615 0.120910 0.666587 51.000000
-0.329725 -0.093630 0.666111 50.000000
-0.081842 0.134719 0.666587 51.000000
0.090599 0.284931 0.663730 53.000000
-0.221950 -0.054561 0.665158 50.000000
-0.089588 0.073085 0.666587 51.000000
0.066012 0.220602 0.665635 53.000000
-0.039742 0.107438 0.665635 51.000000
-0.089925 0.045805 0.666587 51.000000
0.050183 0.177829 0.666587 50.000000
-0.083863 0.025597 0.663253 51.000000
-0.083526 0.011788 0.664206 51.000000
-0.118553 -0.021892 0.665158 51.000000
-0.187260 -0.102050 0.666111 50.000000
-0.076116 0.005052 0.665635 51.000000
-0.004042 0.073085 0.664682 51.000000
0.125626 0.165031 0.666587 50.000000
-0.075780 -0.035701 0.666587 50.000000
0.002358 0.024923 0.662777 50.000000
0.222960 0.239463 0.664682 53.000000
0.139097 0.122594 0.663730 50.000000
0.163347 0.144149 0.664206 50.000000
0.245862 0.203763 0.663730 53.000000
0.245189 0.174798 0.664682 53.000000
0.170756 0.094977 0.666587 50.000000
0.287625 0.197700 0.664206 53.000000
0.211172 0.116532 0.666111 50.000000
0.194332 0.102387 0.664682 50.000000
0.069043 -0.037721 0.662301 52.000000
0.260345 0.146170 0.664206 50.000000
0.311538 0.132698 0.666587 50.000000
-0.062308 -0.336798 0.665158 50.000000
0.299750 0.009094 0.663253 50.000000
-0.089251 -0.378561 0.666111 50.000000
-0.103060 -0.393043 0.666587 50.000000
0.234748 -0.076116 0.665158 50.000000
0.258324 -0.055235 0.663253 50.000000
-0.484315 -0.126299 0.670874 50.000000
0.058603 0.364752 0.669921 50.000000
-0.316253 -0.013472 0.668493 50.000000
-0.158969 0.114174 0.668016 51.000000
-0.166041 0.093630 0.668493 51.000000
-0.073422 0.169409 0.668969 51.000000
0.016166 0.254956 0.669445 53.000000
-0.289309 -0.067360 0.669921 50.000000
-0.289309 -0.080831 0.669921 50.000000
0.051530 0.220266 0.668016 53.000000
-0.159642 0.005726 0.667064 51.000000
-0.200395 -0.061971 0.671350 50.000000
-0.227675 -0.102050 0.670874 50.000000
0.145833 0.266070 0.668493 53.000000
-0.060960 0.045805 0.668493 51.000000
-0.010441 0.080158 0.668969 51.000000
0.111143 0.192985 0.667064 53.000000
0.194332 0.268091 0.670398 53.000000
0.191975 0.252935 0.667064 53.000000
0.019534 0.080495 0.671350 50.000000
0.118553 0.172104 0.667540 50.000000
0.209488 0.254282 0.669921 53.000000
0.026607 0.073422 0.668969 50.000000
0.011114 0.031659 0.668016 50.000000
0.094640 0.108449 0.669921 50.000000
0.206120 0.195679 0.668493 53.000000
0.133035 0.115858 0.668969 50.000000
0.230706 0.189280 0.668493 53.000000
-0.002694 -0.078474 0.669445 52.000000
0.272806 0.182881 0.670874 53.000000
0.253945 0.153243 0.668493 53.000000
-0.016503 -0.119900 0.671350 52.000000
0.245525 0.117206 0.670398 50.000000
0.262365 0.103060 0.671350 50.000000
0.102050 -0.066686 0.670398 50.000000
0.049172 -0.128320 0.668016 52.000000
0.302781 0.110470 0.667064 50.000000
0.438174 0.179850 0.667064 50.000000
-0.116195 -0.393380 0.671350 50.000000
0.188607 -0.104071 0.670398 50.000000
-0.115858 -0.407862 0.671350 50.000000
0.074769 -0.221276 0.668493 50.000000
0.318947 0.008757 0.667540 50.000000
-0.356332 -0.053551 0.675161 50.000000
-0.227338 0.059950 0.675161 51.000000
-0.213867 0.059950 0.674208 51.000000
0.034017 0.299076 0.675161 53.000000
0.057256 0.307496 0.675637 53.000000
-0.342523 -0.121247 0.676113 50.000000
-0.081168 0.080158 0.672779 51.000000
-0.295035 -0.141792 0.673256 50.000000
-0.074769 0.046141 0.671827 51.000000
-0.095314 0.025597 0.675161 51.000000
0.188607 0.304802 0.672303 53.000000
0.051530 0.164357 0.672779 50.000000
0.130341 0.237106 0.672303 53.000000
-0.116532 -0.008420 0.675637 51.000000
0.204099 0.290656 0.672303 53.000000
0.211846 0.283584 0.671827 53.000000
0.179513 0.253945 0.676113 53.000000
-0.052540 0.011788 0.675637 50.000000
-0.087904 -0.022229 0.676113 50.000000
0.012462 0.045804 0.672303 50.000000
0.235422 0.262702 0.672303 53.000000
0.056919 0.073422 0.671827 50.000000
0.192312 0.196016 0.673732 53.000000
-0.017177 -0.022902 0.672303 50.000000
-0.009767 -0.030312 0.671827 50.000000
0.251251 0.219255 0.675637 53.000000
0.142465 0.094977 0.674685 50.000000
0.094977 0.024586 0.673256 50.000000
0.274490 0.198037 0.673256 53.000000
0.058266 -0.066012 0.675637 52.000000
0.000674 -0.162673 0.676113 52.000000
0.119226 -0.052877 0.675637 50.000000
0.450635 0.173451 0.674208 50.000000
0.167052 -0.124952 0.674685 50.000000
-0.156948 -0.452319 0.676113 50.000000
0.151896 -0.153580 0.675161 50.000000
-0.136066 -0.444910 0.672303 50.000000
0.085210 -0.229696 0.675637 50.000000
0.027281 0.306486 0.677542 53.000000
-0.369467 -0.093630 0.676590 50.000000
-0.178503 0.067023 0.678971 51.000000
-0.254282 -0.020881 0.680876 51.000000
-0.108112 0.107775 0.678971 51.000000
-0.087231 0.114511 0.676590 51.000000
-0.137077 0.053214 0.676590 51.000000
0.119226 0.281226 0.680400 53.000000
-0.136740 0.025933 0.679924 51.000000
-0.123268 -0.001684 0.676590 51.000000
-0.044121 0.073422 0.678971 51.000000
-0.037048 0.067023 0.678971 51.000000
-0.058266 0.032333 0.680400 51.000000
-0.059276 0.018524 0.676590 51.000000
0.090935 0.144486 0.680400 50.000000
0.051530 0.066686 0.678495 50.000000
0.128320 0.123268 0.678019 50.000000
0.242831 0.197363 0.677542 53.000000
0.183218 0.102723 0.677542 50.000000
0.284594 0.191301 0.677542 53.000000
0.073759 -0.024249 0.678495 52.000000
-0.029301 -0.134045 0.676590 52.000000
0.089588 -0.024586 0.680400 52.000000
0.015493 -0.149201 0.678971 52.000000
0.344544 0.156274 0.680876 50.000000
0.038058 -0.156948 0.678495 52.000000
-0.142802 -0.424028 0.678971 50.000000
-0.016166 -0.312211 0.678495 50.000000
0.349596 0.045468 0.678019 50.000000
0.341513 0.038058 0.679448 50.000000
0.100702 -0.202079 0.679924 50.000000
0.184902 -0.125962 0.679924 50.000000
0.431438 0.113164 0.676590 50.000000
0.041763 -0.271796 0.678019 50.000000
-0.260681 0.040079 0.684687 51.000000
-0.114174 0.156274 0.681353 51.000000
-0.084873 0.156611 0.684687 51.000000
0.066686 0.301434 0.683258 53.000000
-0.233401 -0.000674 0.684687 51.000000
-0.274490 -0.041089 0.681829 50.000000
-0.308844 -0.074769 0.682305 50.000000
0.063992 0.229359 0.682782 53.000000
0.079484 0.244178 0.682782 53.000000
-0.071738 0.087567 0.683734 51.000000
0.152906 0.298066 0.685163 53.000000
-0.205447 -0.055572 0.685640 50.000000
-0.253945 -0.102723 0.683734 50.000000
0.063318 0.201068 0.685163 53.000000
0.175808 0.291330 0.683258 53.000000
-0.121921 -0.015156 0.682782 51.000000
-0.028291 0.060287 0.685163 51.000000
0.100702 0.166378 0.685163 50.000000
-0.093293 -0.043110 0.684211 50.000000
0.140108 0.174124 0.685640 50.000000
0.274153 0.265733 0.684687 53.000000
0.130004 0.109459 0.683734 50.000000
0.229022 0.197700 0.684211 53.000000
-0.014146 -0.079147 0.682305 52.000000
-0.027954 -0.120574 0.683258 52.000000
0.216561 0.103060 0.681353 50.000000
0.177156 0.052877 0.685163 50.000000
-0.034353 -0.155264 0.684211 52.000000
0.045468 -0.080158 0.683258 52.000000
0.038058 -0.086894 0.682782 52.000000
0.336798 0.163347 0.682305 50.000000
0.327367 0.126299 0.682782 50.000000
0.138087 -0.067696 0.685640 50.000000
0.025597 -0.185576 0.684687 52.000000
0.177492 -0.104407 0.683258 50.000000
0.224307 -0.062308 0.681353 50.000000
-0.051193 -0.347912 0.681829 50.000000
-0.107102 -0.403820 0.682305 50.000000
-0.071064 -0.383276 0.682305 50.000000
0.210499 -0.105755 0.685640 50.000000
0.109459 -0.210162 0.682305 50.000000
0.022565 0.301097 0.688021 53.000000
0.068707 0.316927 0.687545 53.000000
-0.127646 0.115185 0.686592 51.000000
-0.225991 0.019534 0.688021 51.000000
0.075106 0.295035 0.686592 53.000000
0.115522 0.318611 0.687068 53.000000
-0.084873 0.087904 0.688974 51.000000
-0.128320 0.046478 0.687545 51.000000
-0.225991 -0.048499 0.688497 51.000000
0.113501 0.274827 0.688021 53.000000
-0.011451 0.143813 0.689450 50.000000
-0.260008 -0.110133 0.690403 50.000000
0.179850 0.321642 0.689450 53.000000
0.080495 0.216224 0.688974 53.000000
0.010441 0.123268 0.690403 50.000000
0.193322 0.292004 0.686592 53.000000
0.151559 0.254282 0.687545 53.000000
0.167725 0.254956 0.688021 53.000000
0.245862 0.325010 0.688974 53.000000
0.070728 0.151896 0.688021 50.000000
0.157621 0.217908 0.686116 53.000000
0.208478 0.263376 0.687068 53.000000
0.117206 0.166715 0.688497 50.000000
0.190964 0.233738 0.687545 53.000000
0.173451 0.189280 0.688974 50.000000
0.140445 0.145497 0.688974 50.000000
-0.028291 -0.023239 0.687068 50.000000
0.009094 0.011451 0.688497 50.000000
0.204773 0.190291 0.686592 53.000000
0.189280 0.175472 0.690403 50.000000
0.239800 0.220602 0.689450 53.000000
0.123942 0.088578 0.690403 50.000000
-0.005389 -0.058266 0.688021 52.000000
0.202752 0.117542 0.687068 50.000000
0.039405 -0.059276 0.689926 52.000000
0.153917 0.045804 0.687545 50.000000
0.115185 0.010441 0.689450 50.000000
0.203426 0.074432 0.689926 50.000000
0.115522 -0.018187 0.689450 50.000000
0.047152 -0.094640 0.688974 52.000000
0.099692 -0.046141 0.688497 50.000000
0.011114 -0.143476 0.690403 52.000000
0.010777 -0.157285 0.688974 52.000000
0.107438 -0.081505 0.686116 50.000000
0.303455 0.104407 0.689450 50.000000
0.146844 -0.075106 0.688021 50.000000
-0.091946 -0.376540 0.689450 50.000000
-0.063655 -0.362394 0.686592 50.000000
0.021892 -0.279542 0.687545 50.000000
0.149201 -0.161663 0.688974 50.000000
-0.341850 -0.068033 0.694213 50.000000
-0.362058 -0.101713 0.693260 50.000000
-0.076116 0.178166 0.690879 50.000000
-0.098008 0.115858 0.694213 51.000000
-0.105418 0.094977 0.694213 51.000000
-0.280553 -0.075443 0.693737 50.000000
-0.040753 0.115858 0.691831 51.000000
-0.300087 -0.150885 0.695166 50.000000
-0.003705 0.137413 0.691831 50.000000
-0.026270 0.087904 0.692784 51.000000
-0.084199 0.018524 0.695166 51.000000
-0.106091 -0.002021 0.692308 51.000000
0.127646 0.203426 0.693260 53.000000
0.104070 0.181197 0.694689 50.000000
0.126973 0.188607 0.691831 50.000000
0.264386 0.311875 0.695166 53.000000
0.017850 0.059950 0.692308 50.000000
0.243505 0.280216 0.690879 53.000000
0.102387 0.138424 0.692784 50.000000
0.260681 0.266407 0.693737 53.000000
0.188607 0.132361 0.691355 50.000000
0.156611 0.059950 0.694689 50.000000
0.147517 0.024586 0.691831 50.000000
0.101039 -0.060287 0.691355 50.000000
0.116532 -0.075106 0.691355 50.000000
0.196016 -0.076453 0.691355 50.000000
-0.133709 -0.405504 0.694213 50.000000
0.089925 -0.203426 0.695166 50.000000
0.205447 -0.098682 0.693737 50.000000
-0.119226 -0.420660 0.691355 50.000000
0.206120 -0.113501 0.695166 50.000000
-0.231717 0.067696 0.696594 51.000000
-0.104071 0.164357 0.695642 51.000000
-0.140108 0.074432 0.699929 51.000000
0.101713 0.304802 0.696594 53.000000
-0.112154 0.074096 0.697547 51.000000
-0.176145 -0.014819 0.697071 51.000000
-0.090599 0.067360 0.697071 51.000000
-0.105081 0.025933 0.698500 51.000000
-0.018187 0.095314 0.695642 51.000000
-0.104744 0.012125 0.699452 51.000000
-0.061297 0.039405 0.699452 51.000000
-0.018187 0.067023 0.696118 51.000000
-0.133709 -0.043110 0.697547 50.000000
0.042436 0.123605 0.697547 50.000000
0.096998 0.174124 0.697071 50.000000
0.066012 0.131014 0.699929 50.000000
0.034353 0.060287 0.699452 50.000000
0.056919 0.053214 0.698976 50.000000
0.110470 0.088578 0.697071 50.000000
0.199384 0.154590 0.697547 50.000000
0.049846 -0.024586 0.699929 52.000000
0.276511 0.193322 0.699929 53.000000
0.301097 0.186249 0.698023 53.000000
0.049846 -0.067023 0.698976 52.000000
-0.009094 -0.164357 0.696118 52.000000
-0.044794 -0.199384 0.699452 50.000000
0.035364 -0.137413 0.697071 52.000000
0.065676 -0.138087 0.697071 50.000000
0.073759 -0.145497 0.698500 50.000000
0.199047 -0.091609 0.698976 50.000000
-0.075780 -0.364415 0.698500 50.000000
0.120237 -0.175808 0.695642 50.000000
0.105418 -0.189954 0.696594 50.000000
-0.124952 -0.429080 0.697547 50.000000
0.298066 -0.020208 0.698500 50.000000
0.289983 -0.027617 0.698976 50.000000
0.049172 0.310864 0.701358 53.000000
-0.210162 0.033343 0.703739 51.000000
-0.074769 0.151222 0.700405 51.000000
-0.088578 0.137413 0.704692 51.000000
-0.293014 -0.062308 0.704215 50.000000
-0.146844 0.040079 0.702310 51.000000
-0.023239 0.116532 0.702786 51.000000
0.013135 0.081505 0.701834 50.000000
0.221276 0.243842 0.702786 53.000000
0.089251 0.081505 0.703263 50.000000
0.184565 0.125626 0.703263 50.000000
0.057592 -0.003368 0.700405 52.000000
0.049846 -0.010441 0.701358 52.000000
0.096661 0.031659 0.703263 50.000000
0.259334 0.163347 0.701358 53.000000
0.104070 -0.004042 0.702786 50.000000
0.151559 0.038732 0.703263 50.000000
0.028291 -0.087904 0.701834 52.000000
0.111817 -0.011114 0.702310 50.000000
0.401463 0.197027 0.701834 50.000000
0.030312 -0.173451 0.704215 52.000000
0.099355 -0.183218 0.703739 50.000000
-0.131688 -0.423018 0.702786 50.000000
-0.146170 -0.436827 0.700881 50.000000
0.084536 -0.211509 0.701834 50.000000
-0.131351 -0.437500 0.701834 50.000000
0.224307 -0.085210 0.701834 50.000000
0.436490 0.121584 0.704215 50.000000
-0.055235 0.265733 0.709455 50.000000
-0.361721 -0.061634 0.708026 50.000000
-0.265397 0.019871 0.706121 51.000000
-0.116532 0.151222 0.705644 51.000000
-0.347912 -0.075443 0.705168 50.000000
0.017850 0.252598 0.705168 53.000000
-0.066012 0.144486 0.706597 51.000000
-0.153580 0.046815 0.705644 51.000000
-0.265733 -0.062644 0.706121 50.000000
-0.088915 0.109459 0.705168 51.000000
-0.153243 0.033006 0.708026 51.000000
-0.059276 0.123605 0.705168 51.000000
-0.167052 -0.008420 0.708978 51.000000
-0.044794 0.095651 0.706121 51.000000
-0.152906 -0.022565 0.708502 51.000000
0.126299 0.241147 0.708026 53.000000
-0.081505 0.032669 0.708978 51.000000
0.077127 0.181871 0.707550 50.000000
0.046141 0.152906 0.708026 50.000000
0.014482 0.095651 0.707073 50.000000
0.053214 0.117542 0.708978 50.000000
0.021555 0.088578 0.705644 50.000000
0.083863 0.132025 0.708978 50.000000
0.021218 0.004042 0.705644 50.000000
-0.088241 -0.114174 0.707073 52.000000
0.292677 0.262029 0.709455 53.000000
0.161663 0.104070 0.707550 50.000000
0.022229 -0.038732 0.709455 52.000000
0.089588 0.024586 0.706121 50.000000
0.186249 0.111143 0.707550 50.000000
0.169072 0.096661 0.706121 50.000000
0.176819 0.074769 0.706121 50.000000
0.333430 0.225991 0.707550 53.000000
0.287962 0.171767 0.708026 53.000000
0.128320 -0.025597 0.705168 50.000000
0.098682 -0.053888 0.708502 50.000000
0.037048 -0.123605 0.705168 52.000000
0.121921 -0.061634 0.708026 50.000000
0.075443 -0.103397 0.706121 50.000000
0.061297 -0.146507 0.708026 50.000000
0.348249 0.135729 0.708978 50.000000
-0.153917 -0.400116 0.706597 50.000000
0.409883 0.144149 0.705644 50.000000
0.419650 0.106765 0.708978 50.000000
0.186923 -0.121247 0.708502 50.000000
-0.091946 0.243842 0.711360 50.000000
-0.151896 0.130678 0.710884 51.000000
-0.313222 -0.027954 0.711836 50.000000
-0.375193 -0.089251 0.711836 50.000000
0.189954 0.457034 0.714218 50.000000
-0.165704 0.102723 0.714218 51.000000
-0.152569 0.102387 0.709931 51.000000
-0.333767 -0.103734 0.714218 50.000000
-0.278869 -0.090599 0.713265 50.000000
-0.072412 0.109796 0.714218 51.000000
0.072748 0.247546 0.711360 53.000000
-0.327031 -0.179850 0.709931 50.000000
-0.340503 -0.193995 0.713741 50.000000
0.120237 0.263376 0.711836 53.000000
-0.159979 -0.015493 0.711360 51.000000
0.102723 0.190628 0.714218 50.000000
-0.036711 0.032333 0.713265 51.000000
0.007746 0.018187 0.712789 50.000000
-0.036374 -0.023913 0.714218 50.000000
0.164357 0.162000 0.711836 50.000000
0.068370 0.046478 0.711836 50.000000
0.060287 0.039069 0.710884 50.000000
-0.036711 -0.066012 0.711360 52.000000
-0.065339 -0.108112 0.712789 52.000000
0.045468 -0.003368 0.711836 50.000000
0.029975 -0.031659 0.711360 52.000000
0.247883 0.178840 0.713265 53.000000
0.229696 0.163347 0.711836 50.000000
0.068370 0.003368 0.712313 50.000000
0.282573 0.209488 0.712789 53.000000
0.273480 0.186923 0.713265 53.000000
-0.005389 -0.151896 0.713265 52.000000
0.171093 -0.033343 0.713265 50.000000
0.163010 -0.040753 0.712789 50.000000
0.054898 -0.167725 0.710407 50.000000
0.123268 -0.104744 0.709931 50.000000
0.420660 0.121921 0.709931 50.000000
0.196353 -0.099692 0.714218 50.000000
0.043110 -0.254956 0.713741 50.000000
0.338818 0.038732 0.711836 50.000000
0.403147 0.091609 0.713265 50.000000
0.429754 0.114174 0.709931 50.000000
0.065676 -0.248557 0.712789 50.000000
-0.381929 -0.082515 0.718981 50.000000
-0.070054 0.195006 0.717552 50.000000
-0.078137 0.173451 0.715647 51.000000
0.085883 0.330062 0.717552 53.000000
-0.326694 -0.083189 0.717552 50.000000
-0.137077 0.088915 0.718028 51.000000
0.083863 0.285604 0.718504 53.000000
0.044121 0.247883 0.718981 53.000000
-0.201068 -0.001347 0.717076 51.000000
-0.071738 0.123942 0.715647 51.000000
-0.340503 -0.152233 0.715647 50.000000
0.042773 0.218245 0.718028 53.000000
-0.130341 0.039742 0.716599 51.000000
-0.057592 0.068033 0.717076 51.000000
-0.130004 -0.001684 0.718028 51.000000
0.222623 0.328041 0.715647 53.000000
0.002021 0.110133 0.715647 50.000000
-0.027954 0.082179 0.716599 51.000000
-0.284594 -0.181197 0.717076 50.000000
0.264386 0.322652 0.715647 53.000000
0.209488 0.230033 0.717552 53.000000
0.158969 0.170083 0.718504 50.000000
-0.065339 -0.051530 0.715647 50.000000
0.183555 0.177829 0.718504 50.000000
0.046815 0.024923 0.717552 50.000000
0.100702 0.074769 0.715170 50.000000
0.224981 0.186249 0.718981 50.000000
0.085547 0.031996 0.718981 50.000000
0.076790 0.010441 0.715170 50.000000
0.139434 0.024586 0.715170 50.000000
-0.019534 -0.166041 0.715170 52.000000
0.271796 0.097671 0.715647 50.000000
0.056582 -0.153917 0.717552 50.000000
0.179513 -0.041089 0.714694 50.000000
-0.108449 -0.389675 0.717076 50.000000
0.279542 -0.013135 0.715647 50.000000
0.444236 0.138087 0.718981 50.000000
0.414598 0.114511 0.716599 50.000000
-0.179176 0.131014 0.720410 51.000000
-0.038732 0.253272 0.719457 50.000000
0.039069 0.299413 0.721362 53.000000
0.136403 0.363068 0.721362 53.000000
-0.319284 -0.090599 0.722791 50.000000
-0.128657 0.095987 0.722791 51.000000
0.102387 0.316253 0.721362 53.000000
-0.114511 0.095987 0.722791 51.000000
0.101039 0.301434 0.720886 53.000000
-0.025597 0.167388 0.721839 50.000000
0.158295 0.325683 0.720410 53.000000
0.133372 0.302781 0.721839 53.000000
-0.228686 -0.070727 0.723267 50.000000
0.011114 0.146170 0.719457 50.000000
-0.071064 0.053888 0.721839 51.000000
-0.041763 0.067696 0.721362 51.000000
0.146170 0.228686 0.721362 53.000000
0.003031 0.068033 0.721839 50.000000
0.221613 0.283247 0.719933 53.000000
0.010778 0.060960 0.723267 50.000000
0.103060 0.118216 0.721362 50.000000
0.192985 0.171093 0.723267 50.000000
0.183555 0.163010 0.719933 50.000000
0.032669 -0.003368 0.720886 50.000000
0.063992 -0.017850 0.723267 52.000000
0.033006 -0.046141 0.720410 52.000000
0.094977 0.010441 0.723267 50.000000
0.224644 0.112490 0.723267 50.000000
0.301434 0.165704 0.720410 50.000000
0.102386 -0.040079 0.722315 50.000000
0.150212 -0.040753 0.723267 50.000000
0.049509 -0.146844 0.720886 52.000000
0.382939 0.175135 0.722791 50.000000
0.042436 -0.168736 0.721362 52.000000
0.157958 -0.062644 0.721362 50.000000
-0.092956 -0.376877 0.723744 50.000000
-0.112154 0.209488 0.724696 50.000000
-0.039069 0.196353 0.725649 50.000000
0.014482 0.233064 0.725173 53.000000
0.037385 0.226328 0.725173 53.000000
0.126636 0.310191 0.724696 53.000000
-0.076790 0.103397 0.727554 51.000000
0.107775 0.206457 0.728507 50.000000
0.251588 0.323326 0.726125 53.000000
0.057592 0.103734 0.725173 50.000000
0.026270 0.075106 0.725173 50.000000
0.171430 0.208141 0.727554 53.000000
0.266407 0.293688 0.725173 53.000000
0.120574 0.118890 0.726602 50.000000
0.026607 -0.024923 0.726602 52.000000
0.334440 0.250577 0.726602 53.000000
0.050183 -0.032333 0.728507 52.000000
0.057592 -0.039742 0.728031 52.000000
0.341850 0.243168 0.724696 53.000000
-0.024586 -0.131351 0.728507 52.000000
-0.040079 -0.144823 0.725173 52.000000
0.096324 -0.076453 0.725649 50.000000
0.081168 -0.119226 0.725173 50.000000
0.450635 0.215887 0.724696 50.000000
0.007409 -0.233401 0.726125 50.000000
-0.042773 -0.312548 0.725649 50.000000
0.114511 -0.178840 0.726125 50.000000
-0.091272 -0.392706 0.728507 50.000000
0.310864 -0.006062 0.728507 50.000000
0.169746 -0.143813 0.726602 50.000000
-0.206120 0.117542 0.730888 51.000000
0.068370 0.369130 0.730888 53.000000
-0.206457 0.075443 0.731841 51.000000
-0.044121 0.204099 0.733270 50.000000
-0.075780 0.146170 0.731365 51.000000
-0.220603 -0.022229 0.732317 51.000000
-0.220603 -0.036374 0.733270 51.000000
0.022229 0.197700 0.729936 50.000000
-0.083526 0.082515 0.732794 51.000000
-0.262702 -0.120237 0.731841 50.000000
-0.046815 0.061297 0.732794 51.000000
-0.017177 0.075443 0.731841 51.000000
-0.001684 0.075443 0.732317 50.000000
0.122594 0.177492 0.728983 50.000000
-0.091272 -0.037721 0.731365 50.000000
0.114848 0.155601 0.732317 50.000000
0.020208 0.039405 0.730888 50.000000
0.066686 0.025260 0.733270 50.000000
0.121584 0.075443 0.731365 50.000000
0.036037 -0.104407 0.730412 52.000000
0.137413 -0.011788 0.733270 50.000000
0.386981 0.206794 0.729459 50.000000
0.340166 0.151896 0.730412 50.000000
0.098345 -0.091272 0.732794 50.000000
0.090935 -0.112827 0.731841 50.000000
0.202415 -0.012798 0.733270 50.000000
0.068707 -0.163347 0.732317 50.000000
0.069043 -0.177829 0.732317 50.000000
-0.155601 -0.444910 0.732794 50.000000
0.219929 -0.086894 0.733270 50.000000
-0.017514 -0.337135 0.731841 50.000000
-0.046141 -0.365762 0.733270 50.000000
0.059276 0.331746 0.734222 53.000000
-0.036711 0.211509 0.733746 50.000000
0.115522 0.326694 0.737557 53.000000
0.156611 0.350943 0.735175 53.000000
-0.119563 0.075443 0.735651 51.000000
-0.191638 0.005389 0.736128 51.000000
-0.082852 0.096661 0.733746 51.000000
-0.346565 -0.161663 0.738033 50.000000
-0.045468 0.132698 0.735175 51.000000
0.121247 0.289309 0.736604 53.000000
0.039069 0.198374 0.735651 50.000000
0.070391 0.213530 0.734699 53.000000
-0.111817 0.025933 0.738033 51.000000
-0.227338 -0.099692 0.734699 50.000000
0.101376 0.199384 0.734222 50.000000
-0.191638 -0.107102 0.734222 50.000000
-0.098008 -0.016840 0.734699 50.000000
0.202079 0.277185 0.736604 53.000000
-0.105418 -0.037721 0.734222 50.000000
-0.119900 -0.051530 0.734222 50.000000
0.037385 0.096998 0.736128 50.000000
-0.097671 -0.058940 0.735651 50.000000
0.115522 0.126636 0.735175 50.000000
0.314906 0.305139 0.735651 53.000000
0.214877 0.172777 0.737080 50.000000
0.284931 0.234748 0.736128 53.000000
0.163010 0.053551 0.736604 50.000000
0.083863 -0.090935 0.736604 50.000000
0.001347 -0.183555 0.737080 52.000000
0.091272 -0.098345 0.734699 50.000000
0.171093 -0.056245 0.736128 50.000000
0.173114 -0.130341 0.738033 50.000000
0.148865 -0.166041 0.735651 50.000000
-0.388328 -0.035027 0.739938 50.000000
-0.154590 0.111143 0.739938 51.000000
-0.234074 0.005389 0.738509 51.000000
-0.088915 0.146507 0.738509 51.000000
0.101039 0.327031 0.742796 53.000000
-0.255293 -0.057592 0.738509 50.000000
0.082515 0.266744 0.742796 53.000000
0.156274 0.321642 0.739938 53.000000
0.105754 0.274490 0.740891 53.000000
-0.103734 0.061634 0.741367 51.000000
-0.148191 0.019197 0.740414 51.000000
-0.282573 -0.127310 0.742796 50.000000
-0.148191 -0.009094 0.738509 51.000000
0.180860 0.315243 0.740891 53.000000
0.055235 0.184228 0.738509 50.000000
-0.218919 -0.093293 0.742796 50.000000
-0.089251 0.004715 0.741367 51.000000
0.118553 0.200395 0.738986 50.000000
0.238453 0.309517 0.738509 53.000000
0.069717 0.140781 0.739462 50.000000
0.193322 0.224644 0.741843 53.000000
-0.052877 -0.016840 0.739938 50.000000
0.167725 0.186923 0.742320 50.000000
0.307833 0.312885 0.739462 53.000000
0.200731 0.187596 0.742320 50.000000
0.116195 0.039069 0.740891 50.000000
0.181534 0.083526 0.742320 50.000000
0.139771 0.031659 0.739938 50.000000
0.045468 -0.068707 0.738986 52.000000
0.155600 -0.026607 0.739462 50.000000
0.139771 -0.041089 0.739938 50.000000
0.213867 -0.005389 0.741367 50.000000
0.289983 0.046478 0.740414 50.000000
0.013135 -0.280216 0.742320 50.000000
0.475222 0.155600 0.741367 50.000000
-0.387991 -0.062981 0.746130 50.000000
-0.160653 0.132698 0.745654 51.000000
-0.360037 -0.091609 0.743749 50.000000
-0.079147 0.183218 0.746606 51.000000
-0.325347 -0.071064 0.744225 50.000000
0.029301 0.272806 0.747083 53.000000
-0.042437 0.162000 0.747083 51.000000
0.184565 0.346565 0.746130 53.000000
0.032333 0.104744 0.746606 50.000000
0.152906 0.216561 0.744701 53.000000
0.135729 0.186586 0.744225 50.000000
0.102387 0.126973 0.743749 50.000000
0.316927 0.260008 0.747083 53.000000
0.054898 -0.018187 0.746606 52.000000
0.233401 0.128657 0.745178 50.000000
0.276848 0.151896 0.746130 50.000000
0.071401 -0.077127 0.747559 52.000000
0.377550 0.208141 0.747559 50.000000
0.319958 0.099355 0.747559 50.000000
0.126636 -0.100029 0.746130 50.000000
0.192312 -0.116532 0.747083 50.000000
-0.196690 0.111480 0.748512 51.000000
-0.039405 0.249904 0.750417 50.000000
-0.040416 0.220602 0.749941 50.000000
-0.086220 0.162000 0.751846 51.000000
-0.101039 0.147854 0.752322 51.000000
-0.211509 0.040753 0.748035 51.000000
0.070728 0.312211 0.750893 53.000000
-0.168062 0.040416 0.750417 51.000000
-0.289309 -0.092956 0.752322 50.000000
-0.167725 0.012462 0.752322 51.000000
-0.204436 -0.022902 0.749464 51.000000
-0.034017 0.140781 0.751846 51.000000
-0.042773 0.090262 0.748512 51.000000
-0.087904 0.033006 0.748035 51.000000
0.065676 0.163684 0.750417 50.000000
0.041089 0.141118 0.748035 50.000000
0.048836 0.134045 0.748512 50.000000
0.112154 0.134719 0.749941 50.000000
0.137077 0.142802 0.751846 50.000000
0.009767 0.010778 0.749464 50.000000
0.248220 0.242494 0.751369 53.000000
0.349596 0.316927 0.752322 50.000000
0.211509 0.166041 0.750893 50.000000
0.024923 -0.032669 0.749464 52.000000
0.288636 0.175135 0.751846 53.000000
0.111143 -0.085210 0.748988 50.000000
0.260008 0.046815 0.751846 50.000000
0.167388 -0.049172 0.748988 50.000000
0.112490 -0.100029 0.751846 50.000000
0.035364 -0.200731 0.748988 52.000000
0.035701 -0.215214 0.748988 52.000000
0.277184 0.001347 0.752322 50.000000
-0.109122 -0.419987 0.749464 50.000000
0.450635 0.132361 0.750893 50.000000
-0.380918 -0.070727 0.755180 50.000000
-0.015156 0.287625 0.752798 53.000000
-0.007410 0.265733 0.754704 53.000000
-0.324673 -0.057592 0.757085 50.000000
-0.077800 0.169746 0.756132 51.000000
-0.078137 0.155264 0.755180 51.000000
0.096661 0.321305 0.755656 53.000000
-0.345555 -0.135056 0.756609 50.000000
-0.267754 -0.086220 0.756609 50.000000
-0.253272 -0.086557 0.755656 50.000000
-0.267754 -0.100366 0.753751 50.000000
0.036037 0.192648 0.753275 50.000000
-0.019197 0.126636 0.752798 51.000000
-0.108786 0.040416 0.755656 51.000000
0.075106 0.156948 0.757085 50.000000
0.090599 0.142129 0.756132 50.000000
0.239800 0.219929 0.754227 53.000000
0.088915 -0.004378 0.756132 52.000000
0.042436 -0.076453 0.756132 52.000000
0.145160 0.002694 0.756132 50.000000
0.296045 0.076790 0.754227 50.000000
0.028965 -0.193659 0.754704 52.000000
0.137750 -0.093630 0.756609 50.000000
0.161663 -0.101376 0.754227 50.000000
0.045804 -0.223971 0.756609 50.000000
0.053551 -0.231717 0.755180 50.000000
-0.013809 -0.311201 0.752798 50.000000
0.303791 -0.006399 0.753751 50.000000
-0.093630 -0.406515 0.753751 50.000000
0.237442 -0.080831 0.757085 50.000000
-0.303118 -0.022565 0.759467 50.000000
-0.069044 0.191975 0.758990 50.000000
-0.092283 0.155264 0.757561 51.000000
-0.158969 0.090599 0.760419 51.000000
0.147517 0.354648 0.758038 53.000000
-0.288636 -0.107775 0.759467 50.000000
-0.316590 -0.135729 0.760419 50.000000
0.181197 0.341176 0.761372 53.000000
0.137750 0.301097 0.761372 53.000000
0.054224 0.208815 0.760895 50.000000
0.014482 0.171093 0.760895 50.000000
-0.217235 -0.080158 0.760419 50.000000
-0.295708 -0.171430 0.757561 50.000000
-0.085883 0.018861 0.759467 51.000000
0.125289 0.217235 0.758990 53.000000
-0.078137 -0.017177 0.760419 50.000000
-0.115185 -0.067023 0.758514 50.000000
0.011788 0.054561 0.757561 50.000000
0.005052 0.018187 0.760419 50.000000
0.216224 0.197027 0.761848 50.000000
0.082852 0.061634 0.760895 50.000000
0.222960 0.189617 0.757561 50.000000
0.277858 0.237106 0.761372 53.000000
0.138761 0.069044 0.759943 50.000000
0.059276 -0.077127 0.760895 52.000000
0.090599 -0.048499 0.761372 52.000000
0.272806 0.114848 0.759943 50.000000
-0.030649 -0.192648 0.761848 52.000000
-0.000000 -0.193659 0.761848 52.000000
0.108112 -0.122594 0.761848 50.000000
0.115858 -0.145160 0.759943 50.000000
0.100366 -0.188944 0.758038 50.000000
0.417292 0.116532 0.760895 50.000000
-0.070728 -0.370814 0.761848 50.000000
0.324673 0.008420 0.760419 50.000000
-0.150549 0.140781 0.763753 51.000000
-0.113838 0.162673 0.762801 51.000000
-0.231043 0.048162 0.762801 51.000000
0.003368 0.275164 0.766611 53.000000
-0.252598 0.012462 0.764230 51.000000
-0.288299 -0.022565 0.765659 50.000000
0.073422 0.298740 0.762324 53.000000
-0.114174 0.105081 0.762801 51.000000
0.167388 0.372498 0.765659 53.000000
-0.224307 -0.029975 0.762324 51.000000
-0.015830 0.156274 0.764706 50.000000
0.046815 0.216224 0.762324 53.000000
0.172440 0.318274 0.765182 53.000000
-0.047489 0.083526 0.762801 51.000000
-0.031996 0.083526 0.764230 51.000000
-0.054561 0.061634 0.765182 51.000000
0.260345 0.369130 0.764230 50.000000
0.092956 0.172104 0.762324 50.000000
-0.016503 0.054561 0.766135 50.000000
0.044120 0.010778 0.763277 50.000000
0.267754 0.168399 0.765182 53.000000
0.131014 0.002694 0.762801 50.000000
0.155937 0.010104 0.764706 50.000000
0.223297 0.069380 0.766135 50.000000
0.091272 -0.063318 0.762801 52.000000
0.164357 0.002358 0.765659 50.000000
0.395737 0.218245 0.766611 50.000000
0.140108 -0.034690 0.765659 50.000000
0.060624 -0.121584 0.763277 50.000000
0.328041 0.131014 0.764706 50.000000
0.156274 -0.064328 0.764706 50.000000
0.009093 -0.245862 0.762801 50.000000
0.222286 -0.065676 0.762801 50.000000
0.094303 -0.197027 0.763753 50.000000
-0.033006 -0.335787 0.766611 50.000000
-0.107102 -0.407862 0.763753 50.000000
-0.114511 -0.415272 0.762324 50.000000
-0.143476 -0.445583 0.764706 50.000000
0.165368 -0.146844 0.762324 50.000000
-0.070054 -0.386307 0.762801 50.000000
-0.112827 0.148865 0.768040 51.000000
-0.316590 -0.065002 0.768516 50.000000
-0.051867 0.192985 0.768993 50.000000
-0.351954 -0.114511 0.768993 50.000000
0.117879 0.339829 0.769469 53.000000
-0.098008 0.119900 0.769945 51.000000
-0.106091 0.112490 0.768040 51.000000
0.016840 0.215887 0.767087 50.000000
-0.068707 0.134382 0.767564 51.000000
-0.252262 -0.072748 0.768516 50.000000
-0.301771 -0.122258 0.771374 50.000000
-0.308844 -0.143476 0.767087 50.000000
-0.014482 0.142129 0.771374 51.000000
-0.294698 -0.143476 0.767564 50.000000
0.063655 0.202079 0.767564 50.000000
0.156274 0.287962 0.770898 53.000000
-0.308844 -0.186586 0.767087 50.000000
-0.023239 0.090935 0.769945 51.000000
-0.135730 -0.059950 0.770422 50.000000
-0.106091 -0.060624 0.770422 50.000000
-0.039069 -0.010441 0.767564 50.000000
0.101376 0.047152 0.771374 50.000000
0.045468 -0.018861 0.768516 52.000000
0.311538 0.100366 0.769945 50.000000
0.040416 -0.173451 0.770422 52.000000
0.320295 0.092956 0.769469 50.000000
0.087904 -0.204773 0.768516 50.000000
0.080158 -0.211846 0.768516 50.000000
-0.002021 -0.307496 0.771374 50.000000
0.345891 0.039068 0.768040 50.000000
0.293351 -0.021555 0.770422 50.000000
-0.373172 -0.064328 0.772327 50.000000
-0.134382 0.141455 0.771851 51.000000
-0.186249 0.090935 0.771851 51.000000
0.112490 0.378897 0.772327 53.000000
-0.010778 0.246199 0.776137 50.000000
-0.096661 0.134719 0.775661 51.000000
-0.258661 -0.094640 0.774232 50.000000
-0.301434 -0.151559 0.775661 50.000000
0.057256 0.195006 0.773756 50.000000
-0.258661 -0.137750 0.772327 50.000000
-0.272806 -0.151896 0.774232 50.000000
0.062981 0.069380 0.773279 50.000000
0.054224 0.047152 0.772327 50.000000
-0.073085 -0.222286 0.772803 50.000000
0.243505 0.054561 0.775661 50.000000
0.359026 0.108786 0.775661 50.000000
0.435143 0.172777 0.773756 50.000000
0.322652 0.062308 0.775661 50.000000
0.019871 -0.255293 0.773279 50.000000
0.067023 -0.227675 0.776137 50.000000
-0.060960 -0.365762 0.773279 50.000000
0.090599 -0.220939 0.776137 50.000000
0.384286 0.070054 0.771851 50.000000
-0.394390 -0.043110 0.778995 50.000000
-0.071738 0.245189 0.778042 50.000000
-0.125626 0.149538 0.778995 51.000000
-0.337135 -0.101039 0.779948 50.000000
-0.336798 -0.115522 0.780424 50.000000
0.086557 0.294361 0.780424 53.000000
-0.133709 0.069380 0.780900 51.000000
-0.308507 -0.130341 0.780900 50.000000
-0.058603 0.098682 0.780424 51.000000
0.132698 0.265060 0.777090 53.000000
-0.229022 -0.124278 0.780900 50.000000
-0.067023 0.004042 0.778995 50.000000
0.017513 -0.003705 0.780900 50.000000
0.031996 -0.018861 0.776614 52.000000
0.238790 0.168399 0.779471 50.000000
0.229696 0.145833 0.779948 50.000000
0.143813 0.054561 0.776614 50.000000
0.203426 0.107438 0.779471 50.000000
0.356669 0.226328 0.780900 53.000000
-0.012798 -0.150549 0.778519 52.000000
-0.019871 -0.187260 0.778042 52.000000
0.261355 0.069717 0.776614 50.000000
0.106091 -0.176482 0.778042 50.000000
0.107102 -0.206457 0.778519 50.000000
-0.199047 0.091609 0.784234 51.000000
-0.147517 0.127646 0.783758 51.000000
-0.170083 0.105755 0.781377 51.000000
-0.358690 -0.079484 0.784234 50.000000
-0.228686 0.034353 0.785187 51.000000
-0.017850 0.224307 0.782806 50.000000
-0.087231 0.142802 0.785663 51.000000
-0.308507 -0.087231 0.782806 50.000000
-0.088241 0.127646 0.781853 51.000000
-0.019197 0.179850 0.781853 50.000000
-0.200058 0.005052 0.782806 51.000000
0.046141 0.241147 0.785663 53.000000
-0.003705 0.165031 0.782329 50.000000
-0.236095 -0.088241 0.783758 50.000000
0.025933 0.106428 0.781377 50.000000
0.106428 0.106765 0.785187 50.000000
0.241147 0.215214 0.781377 53.000000
0.057256 -0.056245 0.781853 52.000000
0.256977 0.138761 0.783758 50.000000
0.145497 -0.005052 0.782806 50.000000
0.186923 0.032333 0.782329 50.000000
0.027954 -0.144823 0.785187 52.000000
0.114511 -0.109459 0.783758 50.000000
0.107102 -0.131688 0.785187 50.000000
0.163347 -0.080831 0.784711 50.000000
0.399779 0.140781 0.781853 50.000000
0.171430 -0.088241 0.783282 50.000000
0.052877 -0.212856 0.783758 50.000000
0.290320 0.016503 0.784711 50.000000
-0.104407 -0.381592 0.784234 50.000000
-0.096661 -0.389338 0.781853 50.000000
-0.015156 -0.308507 0.782329 50.000000
-0.066349 -0.360374 0.784711 50.000000
-0.118553 -0.412577 0.783758 50.000000
0.389338 0.085883 0.781853 50.000000
0.163684 -0.155937 0.781377 50.000000
0.085547 -0.229359 0.785187 50.000000
-0.131351 0.128320 0.790426 51.000000
-0.101713 0.143139 0.788997 51.000000
-0.072075 0.128320 0.787092 51.000000
0.045805 0.225991 0.786616 53.000000
-0.017177 0.165704 0.789950 50.000000
0.014145 0.180860 0.789950 50.000000
0.111817 0.273143 0.787569 53.000000
-0.228686 -0.066686 0.786140 50.000000
-0.307833 -0.159979 0.787092 50.000000
0.205447 0.315579 0.788045 53.000000
0.059276 0.091946 0.788521 50.000000
0.200395 0.206794 0.787092 50.000000
0.107102 0.062308 0.788521 50.000000
0.082852 0.010441 0.788997 50.000000
0.051867 -0.137750 0.787092 52.000000
0.310864 0.093630 0.789474 50.000000
0.425376 0.205447 0.790426 50.000000
0.376203 0.148865 0.790426 50.000000
0.413588 0.165368 0.789474 50.000000
0.139771 -0.117879 0.787092 50.000000
0.165368 -0.111143 0.788997 50.000000
0.336798 0.054898 0.788521 50.000000
0.031322 -0.250578 0.788045 50.000000
0.274490 -0.014146 0.788997 50.000000
0.410893 0.102050 0.788045 50.000000
-0.035364 -0.347575 0.789950 50.000000
-0.131688 -0.444573 0.790426 50.000000
-0.264049 0.027281 0.794713 51.000000
-0.286278 0.005726 0.792808 51.000000
0.042100 0.309854 0.791379 53.000000
-0.109122 0.091946 0.793760 51.000000
0.157621 0.345218 0.791855 53.000000
-0.293014 -0.102723 0.795189 50.000000
-0.047488 0.136066 0.795189 51.000000
-0.109796 0.033343 0.790903 51.000000
-0.300087 -0.167725 0.792808 50.000000
0.062644 0.182208 0.794237 50.000000
-0.094640 0.004042 0.792808 51.000000
-0.071738 0.011451 0.793760 50.000000
-0.116532 -0.075779 0.794237 50.000000
0.075443 0.077127 0.790903 50.000000
-0.025933 -0.033006 0.791379 50.000000
0.100029 0.070054 0.791855 50.000000
0.208815 0.123605 0.794237 50.000000
0.376540 0.102050 0.794237 50.000000
-0.162000 -0.443899 0.791855 50.000000
0.365425 0.078137 0.790903 50.000000
0.224307 -0.074432 0.791379 50.000000
-0.307160 -0.116869 0.797095 50.000000
-0.242158 -0.081505 0.795666 50.000000
0.329725 0.290320 0.795666 53.000000
0.166378 0.040079 0.795666 50.000000
-0.007410 -0.182208 0.798047 52.000000
0.159979 -0.088915 0.799952 50.000000
-0.123605 -0.423018 0.797571 50.000000
0.377550 0.070728 0.797095 50.000000
0.160652 -0.149538 0.797095 50.000000
0.339492 0.023913 0.795666 50.000000
-0.122594 -0.439521 0.799476 50.000000
-0.159642 0.128994 0.802810 51.000000
-0.152233 0.121584 0.801381 51.000000
0.044120 0.296382 0.801381 53.000000
0.051867 0.288636 0.800905 53.000000
0.025933 0.234411 0.800429 53.000000
-0.306823 -0.103060 0.804239 50.000000
-0.226328 -0.038732 0.804715 51.000000
-0.278195 -0.103397 0.800429 50.000000
0.033006 0.182208 0.802810 50.000000
-0.306486 -0.176145 0.803763 50.000000
-0.115185 -0.061634 0.800905 50.000000
0.180524 0.200395 0.804239 50.000000
0.278868 0.289309 0.802810 53.000000
0.348922 0.244178 0.804239 53.000000
0.195006 0.078137 0.804715 50.000000
0.186249 0.070054 0.804239 50.000000
0.358016 0.236432 0.803763 53.000000
0.262365 0.062644 0.801858 50.000000
-0.005389 -0.213193 0.803763 52.000000
0.438847 0.182544 0.800905 50.000000
0.351617 0.093967 0.800429 50.000000
-0.086220 -0.370814 0.801381 50.000000
0.220939 -0.098008 0.804715 50.000000
0.194669 -0.120237 0.800905 50.000000
-0.026607 0.242494 0.809479 50.000000
-0.074769 0.181534 0.808526 51.000000
0.028965 0.281226 0.807573 53.000000
-0.233738 -0.031322 0.806144 51.000000
-0.090935 0.107438 0.809002 51.000000
0.142802 0.284594 0.806621 53.000000
-0.211846 -0.068033 0.805192 50.000000
0.212519 0.334103 0.805192 53.000000
0.124615 0.237442 0.807097 53.000000
-0.203763 -0.090262 0.808050 50.000000
0.221276 0.326694 0.807097 53.000000
0.211172 0.302444 0.806144 53.000000
-0.007073 0.010778 0.808050 50.000000
0.145833 0.138761 0.805192 50.000000
0.222623 0.163010 0.806144 50.000000
0.231043 0.155264 0.806144 50.000000
0.003368 -0.206457 0.808050 52.000000
0.057256 -0.170083 0.805192 50.000000
0.431775 0.190964 0.805192 50.000000
0.440531 0.151222 0.807097 50.000000
0.083526 -0.209151 0.809002 50.000000
0.005389 -0.298066 0.805192 50.000000
-0.016840 -0.320968 0.807573 50.000000
-0.120574 0.122258 0.811384 51.000000
-0.225654 -0.009767 0.811860 51.000000
-0.225991 -0.024249 0.810907 51.000000
-0.284594 -0.082179 0.812813 50.000000
-0.113501 0.011451 0.812813 51.000000
-0.196016 -0.083189 0.812813 50.000000
0.058940 0.160989 0.812813 50.000000
0.165368 0.169746 0.811384 50.000000
-0.052204 -0.048499 0.813289 50.000000
0.277184 0.195343 0.809955 53.000000
0.205783 0.116532 0.809955 50.000000
-0.034353 -0.198374 0.814242 52.000000
0.099018 -0.103397 0.813765 50.000000
0.310864 0.070727 0.812336 50.000000
0.452993 0.159642 0.812336 50.000000
0.384623 0.087231 0.812813 50.000000
0.337135 0.031659 0.811384 50.000000
0.181871 -0.120910 0.812813 50.000000
0.275164 -0.037721 0.811860 50.000000
0.258324 -0.053214 0.813765 50.000000
0.393380 0.079147 0.811384 50.000000
0.149538 -0.166041 0.813289 50.000000
-0.313559 0.020208 0.815670 50.000000
-0.202415 0.115185 0.816623 51.000000
-0.165031 0.122258 0.815670 51.000000
-0.157285 0.100366 0.819005 51.000000
-0.328041 -0.081842 0.816147 50.000000
-0.150549 0.048499 0.815670 51.000000
-0.217571 -0.017177 0.819005 51.000000
-0.290993 -0.133709 0.817099 50.000000
-0.142802 -0.003031 0.818528 51.000000
-0.290320 -0.192985 0.818528 50.000000
0.101713 0.169409 0.819005 50.000000
0.278195 0.331072 0.817576 53.000000
0.003705 0.018187 0.819005 50.000000
0.274153 0.282573 0.815194 53.000000
0.090262 -0.050183 0.814718 52.000000
0.361721 0.205783 0.815670 50.000000
0.029638 -0.215887 0.816147 52.000000
0.109796 -0.172777 0.819005 50.000000
0.078137 -0.202415 0.818528 50.000000
0.368457 0.071064 0.819005 50.000000
0.474211 0.160652 0.816147 50.000000
0.312548 -0.007073 0.817099 50.000000
0.142465 -0.173788 0.816623 50.000000
0.134719 -0.181534 0.818528 50.000000
-0.231717 0.056245 0.821386 51.000000
-0.400789 -0.110806 0.821862 50.000000
-0.079484 0.190291 0.821386 51.000000
-0.328041 -0.067696 0.822339 50.000000
0.199721 0.457371 0.819957 50.000000
0.040753 0.290993 0.819481 53.000000
0.135056 0.380581 0.819957 53.000000
-0.327367 -0.096661 0.823768 50.000000
0.106091 0.293014 0.821386 53.000000
-0.290656 -0.119226 0.821862 50.000000
-0.217235 -0.061297 0.821386 50.000000
0.138087 0.263039 0.821862 53.000000
0.152569 0.201405 0.820910 50.000000
-0.004042 -0.034017 0.819481 52.000000
0.356669 0.230370 0.822815 53.000000
0.015156 -0.216224 0.822815 52.000000
0.135056 -0.135393 0.822339 50.000000
0.126973 -0.158295 0.822339 50.000000
0.217571 -0.075779 0.820910 50.000000
0.399105 0.095651 0.823291 50.000000
0.025260 -0.286278 0.823768 50.000000
-0.134046 -0.444910 0.823291 50.000000
0.378897 0.063318 0.821386 50.000000
-0.141118 0.070728 0.827102 51.000000
-0.290656 -0.090262 0.827102 50.000000
0.236769 0.338145 0.824244 53.000000
0.087904 0.185239 0.828054 50.000000
0.126636 0.055572 0.826149 50.000000
0.167725 0.017177 0.824244 50.000000
0.345891 0.142802 0.827578 50.000000
0.143813 -0.097671 0.826149 50.000000
0.211509 -0.052877 0.828054 50.000000
0.072075 -0.195679 0.827102 50.000000
0.410220 0.135729 0.825197 50.000000
-0.013809 -0.293014 0.826625 50.000000
0.202752 -0.091272 0.825673 50.000000
0.298403 -0.007073 0.826625 50.000000
-0.095987 -0.407525 0.827102 50.000000
0.002694 0.268428 0.831388 53.000000
-0.022902 0.184228 0.833294 50.000000
-0.238790 -0.068707 0.829483 50.000000
-0.231043 -0.076453 0.829483 50.000000
0.157621 0.264386 0.829483 53.000000
0.211172 0.313895 0.830436 53.000000
-0.281900 -0.202079 0.831865 50.000000
0.079484 0.116869 0.831388 50.000000
0.128994 0.147517 0.829960 50.000000
0.214540 0.133372 0.833294 50.000000
0.152906 -0.028628 0.830912 50.000000
-0.052540 -0.269101 0.831865 50.000000
0.319958 0.087231 0.833294 50.000000
0.138087 -0.120910 0.832817 50.000000
0.443563 0.177156 0.831388 50.000000
0.221950 -0.060624 0.833294 50.000000
0.328378 0.016166 0.833294 50.000000
0.451646 0.136740 0.831388 50.000000
0.230033 -0.084199 0.830436 50.000000
-0.312211 -0.024249 0.836152 50.000000
0.111480 0.311201 0.837104 53.000000
-0.215551 -0.046815 0.834723 50.000000
0.065339 0.192985 0.834246 50.000000
0.191975 0.219255 0.836152 50.000000
0.330062 0.327704 0.835199 53.000000
-0.031996 -0.049172 0.834246 52.000000
-0.038058 -0.177829 0.836152 52.000000
0.214203 -0.068370 0.835199 50.000000
0.197363 -0.099355 0.835199 50.000000
0.075106 -0.227675 0.834723 50.000000
0.180860 -0.130004 0.835199 50.000000
-0.041089 -0.356669 0.836628 50.000000
0.019197 0.223634 0.839009 50.000000
0.068707 0.255629 0.839962 53.000000
-0.251588 -0.158295 0.839962 50.000000
0.209488 0.203763 0.838533 50.000000
0.107102 -0.089925 0.841867 50.000000
0.439521 0.202079 0.841867 50.000000
0.208141 -0.076453 0.842820 50.000000
0.367783 0.079821 0.839009 50.000000
0.174798 -0.122594 0.842344 50.000000
-0.102050 -0.401463 0.838533 50.000000
0.465118 0.145497 0.838533 50.000000
0.124278 0.368457 0.843296 53.000000
-0.098682 0.139434 0.847107 51.000000
-0.168736 0.041763 0.845201 51.000000
-0.318274 -0.165704 0.846630 50.000000
-0.005052 0.139434 0.845678 51.000000
-0.183892 -0.092619 0.846630 50.000000
-0.038395 -0.011788 0.843296 50.000000
0.286278 0.302781 0.843772 53.000000
-0.053551 -0.041763 0.844725 50.000000
-0.004715 -0.149201 0.847583 52.000000
0.315243 0.079821 0.844725 50.000000
0.149875 -0.083526 0.847107 50.000000
-0.140108 -0.409209 0.843772 50.000000
-0.108449 -0.395064 0.847107 50.000000
0.288299 -0.023239 0.846154 50.000000
0.101376 -0.206120 0.843296 50.000000
0.324336 0.008083 0.845678 50.000000
0.218582 -0.100366 0.846630 50.000000
0.176145 -0.138761 0.846154 50.000000
0.167725 -0.145833 0.846154 50.000000
-0.046478 -0.365425 0.845678 50.000000
-0.198374 0.131351 0.848059 51.000000
-0.243842 -0.137077 0.849012 50.000000
0.317263 0.111480 0.849012 50.000000
0.254282 0.008757 0.850917 50.000000
0.210835 -0.029975 0.851393 50.000000
0.151559 -0.114848 0.850917 50.000000
0.152232 -0.130341 0.851393 50.000000
-0.023239 -0.312548 0.851870 50.000000
-0.084873 -0.372835 0.850917 50.000000
0.450635 0.145833 0.848535 50.000000
0.344207 0.040079 0.849488 50.000000
0.236432 -0.069717 0.848535 50.000000
-0.084199 -0.389001 0.851870 50.000000
-0.385297 -0.053551 0.854251 50.000000
0.167725 0.455014 0.856633 50.000000
-0.112490 0.139771 0.855680 51.000000
0.049172 0.265060 0.856156 53.000000
0.014819 0.232727 0.853298 50.000000
-0.175472 0.034353 0.853298 51.000000
-0.228686 -0.062644 0.853775 50.000000
0.254956 0.303118 0.855680 53.000000
-0.019871 -0.042437 0.855680 52.000000
0.152906 0.102723 0.856633 50.000000
0.021218 -0.142802 0.853775 52.000000
0.273143 0.072075 0.852822 50.000000
-0.048162 -0.257313 0.856633 50.000000
0.265060 0.032333 0.855204 50.000000
0.463770 0.171093 0.853775 50.000000
0.385297 0.088578 0.856633 50.000000
0.161663 -0.138424 0.853775 50.000000
-0.212519 0.086894 0.857585 51.000000
-0.362731 -0.121247 0.860919 50.000000
-0.000000 0.217908 0.860443 50.000000
-0.204773 0.004378 0.861872 51.000000
0.100029 0.282236 0.859014 53.000000
0.014145 0.140445 0.859490 50.000000
-0.049846 0.064328 0.861872 51.000000
-0.174124 -0.086220 0.860919 50.000000
0.120574 0.118216 0.859490 50.000000
0.318611 0.281900 0.859967 53.000000
-0.010441 -0.050520 0.860443 52.000000
0.325010 0.208815 0.859967 53.000000
-0.010104 -0.126973 0.859967 52.000000
0.061634 -0.059276 0.858061 52.000000
0.070054 -0.067023 0.858538 52.000000
0.054561 -0.143813 0.858061 50.000000
0.312211 0.088241 0.859967 50.000000
0.049172 -0.230033 0.860919 50.000000
0.312211 0.008083 0.861872 50.000000
0.425039 0.105418 0.859014 50.000000
0.274827 -0.038732 0.857585 50.000000
-0.249904 0.034690 0.865682 51.000000
0.002694 0.265060 0.866635 53.000000
-0.158295 0.094640 0.862825 51.000000
-0.181534 0.072075 0.864730 51.000000
0.076453 0.274827 0.865682 53.000000
-0.264723 -0.115522 0.866159 50.000000
-0.033343 0.109796 0.863301 51.000000
0.277521 0.337808 0.862348 53.000000
0.173451 0.119226 0.866159 50.000000
0.055235 -0.051530 0.866159 52.000000
0.198037 0.017177 0.865206 50.000000
0.314232 0.104407 0.864730 50.000000
0.390685 0.137750 0.866635 50.000000
0.351617 0.088578 0.865206 50.000000
0.438174 0.130004 0.865206 50.000000
-0.051193 -0.360710 0.863301 50.000000
-0.347575 -0.077127 0.871398 50.000000
0.123268 0.364752 0.868540 53.000000
-0.150212 0.087231 0.867588 51.000000
0.019534 0.250241 0.870922 50.000000
-0.118216 0.102387 0.871398 51.000000
0.154590 0.285604 0.871398 53.000000
-0.165705 -0.048836 0.869969 50.000000
-0.294024 -0.191301 0.870445 50.000000
0.450298 0.138761 0.869969 50.000000
-0.203089 0.094977 0.871874 51.000000
-0.354648 -0.130004 0.872351 50.000000
-0.141455 0.003705 0.875208 51.000000
-0.294024 -0.206794 0.872827 50.000000
-0.278532 -0.222960 0.876161 50.000000
0.202415 0.111817 0.876161 50.000000
0.081842 -0.013472 0.872351 52.000000
0.398768 0.253609 0.874732 50.000000
-0.004715 -0.252935 0.871874 50.000000
-0.194669 0.102723 0.879019 51.000000
-0.302108 -0.078137 0.879019 50.000000
0.084536 0.111143 0.879495 50.000000
0.221276 0.096324 0.880448 50.000000
0.302781 0.169072 0.877590 50.000000
0.177156 0.040753 0.879972 50.000000
0.418303 0.238116 0.876637 50.000000
-0.005052 -0.190628 0.876637 52.000000
-0.072412 -0.354985 0.879495 50.000000
0.255966 -0.031322 0.879972 50.000000
0.186586 -0.109459 0.879019 50.000000
0.465118 0.164357 0.878543 50.000000
0.264723 -0.039405 0.878543 50.000000
0.030649 -0.271459 0.880924 50.000000
0.423691 0.114174 0.877114 50.000000
0.230033 -0.086894 0.879972 50.000000
-0.163010 0.133709 0.883782 51.000000
-0.019197 0.227675 0.882353 50.000000
-0.100366 0.149201 0.882829 51.000000
-0.155601 0.080495 0.883306 51.000000
-0.377213 -0.138424 0.882353 50.000000
-0.108449 0.110806 0.883782 51.000000
0.070391 0.220939 0.881400 50.000000
0.322989 0.343534 0.885211 53.000000
0.154927 0.175472 0.885211 50.000000
0.204099 0.048836 0.882829 50.000000
0.230033 -0.022902 0.881877 50.000000
0.120574 -0.171430 0.883782 50.000000
-0.000000 -0.318947 0.883306 50.000000
0.077127 0.350270 0.889021 53.000000
-0.193996 -0.003705 0.887592 51.000000
0.206120 0.032669 0.889021 50.000000
0.389338 0.130341 0.886163 50.000000
0.014819 -0.255629 0.886163 50.000000
0.016503 -0.272133 0.889498 50.000000
-0.030985 -0.334440 0.889021 50.000000
-0.285941 -0.048499 0.891403 50.000000
-0.254956 -0.063992 0.894737 50.000000
-0.323326 -0.162673 0.891879 50.000000
-0.051530 0.057256 0.893308 51.000000
0.271459 0.121584 0.894737 50.000000
0.022229 -0.169409 0.890926 52.000000
-0.155937 -0.428407 0.893784 50.000000
-0.231380 0.035027 0.899500 51.000000
-0.001684 0.057256 0.899976 50.000000
-0.058603 -0.027954 0.899024 50.000000
0.209151 0.080831 0.896166 50.000000
-0.163010 -0.437500 0.899500 50.000000
0.346228 0.056919 0.899500 50.000000
0.403147 0.106428 0.896166 50.000000
0.271459 -0.023913 0.897118 50.000000
0.263039 -0.047825 0.898071 50.000000
-0.060287 -0.367109 0.898547 50.000000
0.185239 0.372835 0.900929 53.000000
0.067696 0.199384 0.903310 50.000000
0.188607 0.234074 0.904263 50.000000
0.222623 0.218245 0.901405 50.000000
0.239126 0.186249 0.900453 50.000000
0.316253 0.253945 0.904739 53.000000
0.353974 0.288299 0.900453 53.000000
0.074095 -0.092619 0.903310 52.000000
0.397758 0.181197 0.900929 50.000000
0.426386 0.123605 0.904739 50.000000
0.255629 -0.055908 0.902358 50.000000
-0.106765 -0.415608 0.903310 50.000000
-0.314569 -0.156611 0.909502 50.000000
-0.214540 -0.119226 0.907121 50.000000
-0.039405 -0.138087 0.909026 52.000000
0.304128 0.163010 0.905692 50.000000
0.341176 0.098345 0.908550 50.000000
-0.099019 -0.376203 0.909026 50.000000
0.389001 0.090262 0.909026 50.000000
0.329725 0.024249 0.905216 50.000000
0.292677 -0.024249 0.905216 50.000000
-0.468486 -0.140108 0.912836 50.000000
0.009430 -0.044794 0.912836 52.000000
-0.074096 -0.353301 0.913789 50.000000
-0.049173 -0.362731 0.913789 50.000000
-0.036037 0.222960 0.918076 50.000000
0.108112 0.314569 0.914742 53.000000
0.154927 0.121584 0.917599 50.000000
0.026607 -0.045131 0.915694 52.000000
0.030312 -0.252261 0.915694 50.000000
-0.033680 -0.347238 0.914742 50.000000
-0.197363 0.034690 0.922839 51.000000
-0.306149 -0.181197 0.923315 50.000000
-0.078137 -0.051530 0.922362 50.000000
0.191638 0.138087 0.921410 50.000000
0.437163 0.209151 0.922362 50.000000
0.393043 0.074095 0.919505 50.000000
-0.111480 -0.428407 0.922362 50.000000
0.067696 0.290320 0.926649 53.000000
-0.117542 0.081505 0.926173 51.000000
-0.337135 -0.134045 0.925697 50.000000
-0.344881 -0.142465 0.927126 50.000000
-0.313895 -0.126973 0.928554 50.000000
0.369804 0.199047 0.925697 50.000000
-0.001684 -0.204099 0.927126 52.000000
0.348922 0.065676 0.928554 50.000000
0.066012 -0.222623 0.928554 50.000000
0.376877 0.074095 0.927126 50.000000
-0.038732 -0.357679 0.928078 50.000000
-0.383613 -0.134045 0.929031 50.000000
-0.329051 -0.095651 0.932841 50.000000
-0.140781 -0.004378 0.929983 51.000000
0.357679 0.283920 0.932841 53.000000
0.384960 0.259334 0.932365 53.000000
-0.017850 -0.172440 0.931889 52.000000
0.274153 0.049509 0.929507 50.000000
0.293351 0.049172 0.930936 50.000000
-0.151559 -0.403147 0.930460 50.000000
0.320968 0.024249 0.930936 50.000000
0.387654 0.082852 0.929031 50.000000
-0.195679 0.082179 0.934746 51.000000
-0.108449 0.011114 0.933794 51.000000
0.065002 -0.061971 0.933794 52.000000
0.424028 0.227002 0.935223 50.000000
0.362731 0.157621 0.935223 50.000000
-0.158969 -0.412577 0.935699 50.000000
0.285941 0.024923 0.936652 50.000000
-0.117879 -0.405841 0.936652 50.000000
0.314232 0.000000 0.937604 50.000000
-0.226665 0.066686 0.942367 51.000000
0.127310 0.377550 0.942844 53.000000
-0.305139 -0.167388 0.938557 50.000000
-0.265397 -0.159979 0.941415 50.000000
0.178840 0.090262 0.939033 50.000000
0.279542 0.082515 0.942367 50.000000
0.334440 0.099018 0.939033 50.000000
0.277858 -0.000000 0.940462 50.000000
0.019197 -0.271459 0.939033 50.000000
-0.004715 -0.295372 0.941891 50.000000
-0.133372 -0.422681 0.939986 50.000000
-0.076790 -0.383613 0.941415 50.000000
-0.140445 -0.448615 0.942367 50.000000
-0.241821 -0.027281 0.947607 51.000000
-0.170756 0.011451 0.946178 51.000000
-0.288972 -0.120910 0.947130 50.000000
0.406852 0.176145 0.946178 50.000000
0.288972 0.057592 0.943796 50.000000
-0.051530 -0.360374 0.946654 50.000000
-0.193322 0.129667 0.952370 51.000000
0.057929 0.310191 0.952370 53.000000
0.220939 0.400452 0.951417 53.000000
-0.249567 -0.129330 0.949036 50.000000
-0.312212 -0.191975 0.950464 50.000000
0.157621 0.180187 0.950464 50.000000
-0.006736 -0.037385 0.951417 52.000000
0.200058 0.090599 0.949036 50.000000
0.147517 -0.088578 0.951417 50.000000
0.338482 0.066012 0.950464 50.000000
0.480273 0.186923 0.952370 50.000000
0.300424 -0.000337 0.950941 50.000000
-0.146844 -0.459055 0.952370 50.000000
0.184565 0.382265 0.954751 53.000000
-0.256977 -0.074769 0.955227 50.000000
0.047152 0.187596 0.957133 50.000000
0.350606 0.074769 0.956656 50.000000
-0.256303 -0.138761 0.961896 50.000000
0.385970 0.253609 0.959038 53.000000
-0.162673 -0.443899 0.961419 50.000000
-0.074096 -0.370141 0.958085 50.000000
0.125289 0.406515 0.962372 53.000000
0.095314 0.329388 0.962372 53.000000
0.042773 0.278868 0.966182 53.000000
-0.085883 -0.133372 0.966659 52.000000
0.252598 0.199721 0.964754 50.000000
-0.041089 -0.339155 0.963325 50.000000
-0.096324 -0.413251 0.966659 50.000000
0.200058 0.411230 0.969993 53.000000
-0.170757 -0.418976 0.967135 50.000000
0.336124 0.041426 0.969993 50.000000
0.009430 -0.292004 0.968564 50.000000
-0.096661 -0.396748 0.969040 50.000000
-0.104744 -0.404831 0.968088 50.000000
-0.106765 0.276848 0.973327 50.000000
-0.174798 0.019534 0.976185 51.000000
0.198374 0.360374 0.974756 53.000000
0.026270 -0.226665 0.974756 52.000000
0.317937 0.041426 0.971898 50.000000
-0.087904 -0.372498 0.973327 50.000000
-0.054898 -0.357006 0.974280 50.000000
0.357006 0.041426 0.974280 50.000000
0.092283 0.357342 0.979043 53.000000
-0.214877 0.043447 0.979043 51.000000
0.155600 0.108112 0.978566 50.000000
-0.001010 -0.070728 0.977614 52.000000
0.128657 0.050183 0.979519 50.000000
0.103734 -0.138424 0.979995 50.000000
-0.160653 -0.430427 0.978090 50.000000
-0.222287 -0.044120 0.983806 50.000000
0.062981 0.214877 0.985235 50.000000
-0.180860 0.091609 0.989998 51.000000
0.085547 0.349933 0.988569 53.000000
0.085547 0.333093 0.990950 53.000000
-0.253609 -0.156274 0.988569 50.000000
0.302781 0.305812 0.988092 53.000000
0.260681 0.168062 0.990474 50.000000
0.267081 0.024923 0.987616 50.000000
-0.135056 -0.424365 0.986187 50.000000
0.014482 -0.262029 0.994761 50.000000
-0.084873 -0.359363 0.993808 50.000000
0.326694 0.007746 0.994761 50.000000
0.006399 0.256640 0.996666 50.000000
-0.075443 -0.369467 1.000000 50.000000
0.367783 0.058940 1.000000 50.000000
