0.203903 0.576182 -1.000000 50.000000
0.199900 0.126845 0.376532 50.000000
0.199900 0.135852 0.377033 50.000000
0.183888 0.204904 0.380535 50.000000
0.175882 0.213910 0.378534 50.000000
0.176382 0.222917 0.376532 50.000000
0.076808 0.134351 0.378033 50.000000
-0.227921 0.013760 0.377033 50.000000
-0.241931 -0.028271 0.377533 50.000000
-0.252940 0.040781 0.376532 50.000000
-0.254941 0.124844 0.380035 50.000000
-0.259945 -0.103328 0.378033 50.000000
-0.258944 -0.092820 0.379034 50.000000
-0.265449 -0.071804 0.377033 50.000000
-0.268451 0.311484 0.379535 50.000000
0.207906 0.177383 0.385539 50.000000
0.200400 0.186890 0.382537 50.000000
0.192394 0.238429 0.382037 50.000000
0.111334 0.245934 0.385039 50.000000
-0.232925 -0.019264 0.383538 50.000000
-0.244433 0.143858 0.381036 50.000000
-0.248937 -0.081811 0.381036 50.000000
-0.255942 -0.053290 0.385039 50.000000
-0.251439 -0.020265 0.381036 50.000000
-0.257443 0.114336 0.384038 50.000000
-0.266950 0.017263 0.383538 50.000000
-0.267451 0.095321 0.381036 50.000000
0.091819 0.104829 0.386039 51.000000
0.078309 0.244433 0.389542 50.000000
-0.000751 0.110833 0.387541 50.000000
-0.219915 -0.061296 0.389542 50.000000
-0.259445 0.006755 0.386540 50.000000
-0.261446 -0.004253 0.389542 50.000000
-0.263448 0.064799 0.388041 50.000000
-0.266950 -0.055792 0.388541 50.000000
0.207906 0.166375 0.393545 50.000000
0.199900 0.165874 0.395547 50.000000
0.183388 0.102827 0.395046 51.000000
0.174881 0.094821 0.391544 51.000000
0.133850 0.130848 0.392044 50.000000
0.102827 0.243933 0.394546 50.000000
0.041781 0.137853 0.393045 50.000000
-0.240430 0.240430 0.393545 50.000000
-0.247936 -0.129847 0.392544 50.000000
-0.256442 0.266450 0.391544 50.000000
-0.268451 -0.133850 0.395046 50.000000
0.199900 0.173380 0.399550 50.000000
0.190893 0.026270 0.398549 51.000000
0.171879 -0.169877 0.398549 53.000000
-0.089817 0.093820 0.398048 50.000000
-0.237928 -0.035276 0.396047 50.000000
-0.245434 -0.006755 0.400050 50.000000
-0.254441 -0.248436 0.400050 50.000000
-0.259945 0.137353 0.400050 50.000000
-0.256442 0.308481 0.399049 50.000000
-0.261946 -0.146360 0.400550 50.000000
-0.264949 0.308481 0.397548 50.000000
-0.266950 0.155867 0.397548 50.000000
0.094321 0.267451 0.401551 50.000000
0.080310 0.032775 0.403052 51.000000
0.060796 0.257943 0.404553 50.000000
-0.245934 0.001251 0.405054 50.000000
-0.257943 -0.192394 0.403052 50.000000
-0.259945 -0.125844 0.404053 50.000000
-0.263448 0.019765 0.405054 50.000000
0.208406 0.266450 0.408556 50.000000
0.199400 0.042282 0.406555 51.000000
0.110333 0.257443 0.409057 50.000000
0.069302 0.257443 0.406555 50.000000
-0.255942 -0.083312 0.407556 50.000000
-0.255942 0.097823 0.406555 50.000000
-0.267451 -0.254941 0.408056 50.000000
-0.270953 -0.043282 0.407055 50.000000
-0.268451 -0.021766 0.406555 50.000000
0.085814 0.290968 0.411058 50.000000
-0.244433 0.143858 0.413560 50.000000
-0.260445 -0.023267 0.412059 50.000000
0.191894 0.195397 0.416062 50.000000
0.136352 -0.136352 0.418064 50.000000
0.116838 -0.181386 0.419064 53.000000
0.093320 0.271954 0.420565 50.000000
-0.014261 0.090818 0.418064 50.000000
-0.229422 0.115336 0.418564 50.000000
-0.258944 -0.078309 0.419565 50.000000
-0.258944 0.215912 0.417063 50.000000
-0.263948 -0.046285 0.416562 50.000000
-0.261446 -0.015762 0.419064 50.000000
-0.261446 0.313985 0.417563 50.000000
-0.268952 0.206405 0.417063 50.000000
0.192394 0.262947 0.424568 50.000000
-0.232424 -0.004253 0.423067 50.000000
-0.244433 -0.120841 0.422067 50.000000
-0.242932 -0.014761 0.422067 50.000000
-0.245434 0.160370 0.421566 50.000000
-0.245434 0.177883 0.425569 50.000000
-0.254941 -0.123343 0.424068 50.000000
-0.252940 -0.101326 0.425069 50.000000
-0.257443 -0.058794 0.423568 50.000000
-0.265449 -0.124844 0.424568 50.000000
-0.263948 0.071804 0.425569 50.000000
0.158869 0.244433 0.429572 50.000000
0.131849 0.110333 0.428071 51.000000
0.097823 -0.208907 0.426570 53.000000
0.061796 -0.186890 0.426570 50.000000
-0.239930 0.131348 0.427070 50.000000
-0.258444 -0.227921 0.427070 50.000000
-0.265949 0.175382 0.430073 50.000000
-0.268451 0.266950 0.430073 50.000000
0.200400 0.199900 0.432074 50.000000
0.141856 0.234426 0.434576 50.000000
0.061296 -0.178884 0.432074 50.000000
-0.235427 -0.102827 0.432074 50.000000
-0.256442 -0.116337 0.432574 50.000000
-0.258444 0.293470 0.433075 50.000000
0.191894 0.207406 0.438079 50.000000
0.181886 0.031273 0.436577 51.000000
0.182887 0.126345 0.436577 50.000000
0.036277 0.113835 0.439079 50.000000
-0.053790 0.063297 0.438079 52.000000
-0.252940 -0.074306 0.436577 50.000000
-0.254941 0.098324 0.436077 50.000000
-0.260946 -0.222417 0.439079 50.000000
-0.259945 -0.043783 0.438579 50.000000
-0.265949 -0.003753 0.440080 50.000000
-0.261446 0.144859 0.440080 50.000000
-0.269952 0.154366 0.438579 50.000000
0.200400 0.205404 0.444083 50.000000
0.139855 0.114336 0.444583 51.000000
0.114836 0.151864 0.441581 50.000000
0.116337 0.241431 0.442582 50.000000
0.105829 -0.206405 0.444083 53.000000
0.049787 0.007756 0.441081 50.000000
-0.001751 0.053290 0.445084 50.000000
-0.044784 -0.079810 0.442082 52.000000
-0.244433 0.135351 0.444083 50.000000
-0.256943 0.105329 0.445084 50.000000
-0.260445 0.172379 0.444083 50.000000
0.107831 0.257443 0.448586 50.000000
0.078809 0.102327 0.449587 51.000000
0.061296 0.102327 0.448586 51.000000
0.043783 -0.131349 0.447586 50.000000
-0.250438 -0.111834 0.449087 50.000000
-0.246935 0.006255 0.446085 50.000000
-0.257443 0.235927 0.449587 50.000000
0.182387 0.064298 0.453090 51.000000
0.157368 0.193895 0.455592 50.000000
0.122842 0.148361 0.453590 50.000000
0.067300 0.032274 0.455592 51.000000
-0.254941 -0.229422 0.453590 50.000000
-0.258444 0.112835 0.452089 50.000000
-0.263948 0.307481 0.454591 50.000000
0.199900 0.081811 0.457093 51.000000
0.191394 0.174881 0.457593 50.000000
0.070303 0.137353 0.456592 50.000000
0.068802 0.089817 0.458594 51.000000
-0.029772 0.076307 0.459094 50.000000
-0.042282 0.188892 0.460595 50.000000
-0.257443 -0.242932 0.456592 50.000000
-0.257943 -0.072304 0.456592 50.000000
-0.259945 0.242932 0.460095 50.000000
-0.262947 0.205404 0.460095 50.000000
-0.270453 0.000250 0.456592 50.000000
-0.270453 0.100826 0.457093 50.000000
0.182887 0.201401 0.461096 50.000000
0.165874 0.209907 0.463097 50.000000
0.044784 -0.083813 0.461596 50.000000
0.019765 -0.219915 0.462597 50.000000
-0.260445 0.119339 0.462097 50.000000
-0.266450 -0.043282 0.462097 50.000000
0.183388 0.226920 0.466600 50.000000
0.156868 0.171379 0.470603 50.000000
-0.238929 -0.053290 0.467100 50.000000
-0.250938 0.137853 0.468601 50.000000
-0.263448 0.006755 0.469602 50.000000
-0.270953 0.267951 0.468601 50.000000
0.118839 0.005754 0.475607 51.000000
0.044784 0.223918 0.474106 50.000000
0.026770 0.196898 0.471103 50.000000
0.014261 0.092820 0.473105 50.000000
0.199900 0.178384 0.479610 50.000000
0.191894 0.233425 0.478109 50.000000
0.147361 0.140856 0.479610 50.000000
0.103828 0.132349 0.476607 51.000000
-0.040781 0.089817 0.477108 52.000000
-0.087816 0.067801 0.477608 52.000000
-0.214911 -0.188892 0.477108 50.000000
-0.245934 -0.276958 0.477608 50.000000
-0.255942 0.004253 0.478609 50.000000
-0.259445 0.074806 0.479109 50.000000
-0.258944 0.084814 0.480610 50.000000
-0.257943 0.219915 0.480110 50.000000
-0.267451 -0.007756 0.479610 50.000000
0.169877 -0.226920 0.483613 53.000000
0.138354 0.139855 0.483112 50.000000
0.138854 0.158369 0.484113 50.000000
0.129847 0.149362 0.482612 50.000000
0.101826 0.062297 0.484613 51.000000
0.070803 0.248937 0.484613 50.000000
-0.239930 -0.027270 0.482612 50.000000
-0.257943 -0.280460 0.481611 50.000000
-0.258944 0.228421 0.484613 50.000000
-0.265949 0.021766 0.484113 50.000000
-0.265949 0.132349 0.484113 50.000000
0.172880 0.052289 0.486115 51.000000
0.173880 0.175882 0.488116 50.000000
0.128346 0.070803 0.488616 51.000000
0.048787 0.107831 0.490118 50.000000
-0.088316 0.083813 0.487616 52.000000
-0.240931 -0.117338 0.490118 50.000000
-0.250438 0.227921 0.490118 50.000000
-0.253940 0.179885 0.490618 50.000000
-0.257943 -0.085314 0.488616 50.000000
-0.265449 0.301476 0.489617 50.000000
-0.270453 -0.108832 0.488616 50.000000
0.171879 -0.020265 0.491118 51.000000
0.086815 0.211409 0.491619 50.000000
0.028772 0.066800 0.495121 50.000000
-0.007756 -0.133850 0.494121 50.000000
-0.035777 0.045784 0.491118 52.000000
-0.064298 0.033275 0.493620 52.000000
-0.248436 -0.075807 0.494621 50.000000
-0.252439 -0.299475 0.494121 50.000000
-0.267451 0.038779 0.495622 50.000000
0.270953 0.037278 0.497623 50.000000
0.208406 0.237428 0.498124 50.000000
0.182387 0.126345 0.496622 51.000000
0.129847 0.200400 0.500625 50.000000
0.113335 0.237928 0.497123 50.000000
-0.001751 0.003753 0.498624 50.000000
-0.253440 -0.013760 0.500125 50.000000
-0.257943 -0.157368 0.499124 50.000000
-0.257943 -0.057293 0.500625 50.000000
-0.257443 0.167876 0.499625 50.000000
-0.265449 -0.124844 0.500625 50.000000
-0.263448 -0.023768 0.496122 50.000000
0.190393 -0.005254 0.505629 51.000000
0.163873 0.076307 0.502627 51.000000
0.142357 -0.132850 0.502127 53.000000
0.084814 0.161371 0.504628 50.000000
0.000751 0.063297 0.502127 50.000000
-0.253940 -0.005254 0.505629 50.000000
-0.264448 0.233425 0.504128 50.000000
-0.268451 -0.148862 0.502127 50.000000
-0.269452 0.147361 0.501126 50.000000
-0.268952 0.175382 0.505629 50.000000
-0.269452 0.289967 0.501126 50.000000
-0.268952 0.308481 0.501626 50.000000
0.170878 -0.113835 0.509632 50.000000
0.156367 0.198899 0.506630 50.000000
0.141356 -0.170878 0.510633 53.000000
0.065299 0.111834 0.509632 51.000000
0.067300 0.179385 0.506630 50.000000
-0.053290 -0.214411 0.510633 50.000000
-0.237428 -0.036277 0.507631 50.000000
-0.253440 0.126845 0.508131 50.000000
-0.263948 -0.282462 0.506630 50.000000
-0.261946 0.145359 0.509632 50.000000
-0.269452 0.183888 0.510633 50.000000
0.146860 0.169377 0.513135 50.000000
0.138354 0.205904 0.515637 50.000000
0.127346 0.071804 0.514636 51.000000
0.128346 0.130848 0.514136 51.000000
0.119340 0.139855 0.514636 51.000000
-0.242432 -0.269452 0.511634 50.000000
-0.244934 -0.094821 0.514136 50.000000
-0.248436 0.212910 0.514136 50.000000
-0.252439 0.154866 0.512634 50.000000
-0.262447 -0.259945 0.511634 50.000000
0.171879 0.020265 0.519139 51.000000
0.171879 0.031273 0.517638 51.000000
0.173380 0.196397 0.517638 50.000000
0.137853 0.186890 0.517138 50.000000
0.127346 0.099825 0.520140 51.000000
0.128346 0.149362 0.516137 51.000000
0.109832 0.110833 0.516137 51.000000
0.110333 0.148361 0.519139 51.000000
0.087816 -0.042282 0.516637 51.000000
0.079810 0.009757 0.517638 51.000000
0.035777 0.069802 0.516137 50.000000
-0.250938 -0.142357 0.518139 50.000000
-0.256943 -0.097823 0.519139 50.000000
-0.260445 -0.032274 0.519139 50.000000
-0.257943 0.240430 0.518639 50.000000
-0.262947 -0.054791 0.520640 50.000000
-0.265449 0.132850 0.518639 50.000000
-0.267951 -0.109832 0.518139 50.000000
-0.266950 -0.000250 0.517138 50.000000
0.191394 0.194896 0.522642 50.000000
0.128346 0.157368 0.521641 50.000000
0.119840 0.194896 0.522142 50.000000
-0.020766 0.055792 0.521641 50.000000
-0.250938 -0.315987 0.525144 50.000000
-0.262947 0.060796 0.523142 50.000000
-0.262447 0.200400 0.524643 50.000000
-0.265449 0.304979 0.522642 50.000000
-0.269952 0.091819 0.521141 50.000000
0.226420 0.202902 0.527646 50.000000
0.179385 -0.190893 0.527646 53.000000
0.181886 0.107831 0.527145 51.000000
0.163873 0.117338 0.527646 51.000000
0.109832 0.136352 0.528146 51.000000
0.101326 0.165374 0.526145 50.000000
0.047786 0.183388 0.526145 50.000000
0.007756 0.084814 0.528146 50.000000
-0.046285 -0.062297 0.527145 52.000000
-0.113835 0.099825 0.527145 50.000000
-0.267951 -0.080310 0.528646 50.000000
-0.266450 0.313485 0.528146 50.000000
0.181886 0.154866 0.531148 50.000000
0.136352 0.115837 0.531649 51.000000
0.039780 0.265949 0.532149 50.000000
-0.020265 -0.273455 0.534651 50.000000
-0.043783 0.198899 0.531148 50.000000
-0.076808 -0.215412 0.533650 50.000000
-0.247436 0.028271 0.531148 50.000000
-0.255942 -0.160370 0.531649 50.000000
-0.260445 0.128847 0.534151 50.000000
-0.261946 -0.114836 0.532149 50.000000
-0.264448 0.207906 0.534151 50.000000
-0.270953 -0.284964 0.534151 50.000000
-0.266950 -0.247936 0.535652 50.000000
-0.269452 -0.092820 0.531148 50.000000
-0.269952 0.015762 0.532649 50.000000
-0.268451 0.026770 0.531649 50.000000
0.190893 0.133350 0.539655 51.000000
0.164874 0.274956 0.538154 50.000000
0.110333 0.191394 0.536653 50.000000
0.097823 0.033275 0.538654 51.000000
0.068301 -0.009257 0.540155 51.000000
0.040280 -0.020265 0.538154 50.000000
0.015261 -0.163873 0.536152 50.000000
-0.012259 0.080811 0.538654 50.000000
-0.215912 -0.266950 0.536653 50.000000
-0.258944 -0.271954 0.536152 50.000000
-0.257443 -0.259445 0.536653 50.000000
-0.260445 0.024769 0.538654 50.000000
-0.268952 0.035276 0.537153 50.000000
-0.269953 0.293470 0.536152 50.000000
0.181386 0.121841 0.545659 51.000000
0.149862 -0.198399 0.543157 53.000000
0.106830 0.031273 0.544658 51.000000
0.055291 0.179385 0.542157 50.000000
0.033775 0.090818 0.544158 50.000000
-0.052790 0.037278 0.542657 52.000000
-0.051288 0.077308 0.545159 52.000000
-0.230423 0.025769 0.543157 50.000000
-0.244433 -0.223918 0.542657 50.000000
-0.247936 -0.260445 0.541156 50.000000
-0.259945 -0.073305 0.541156 50.000000
-0.258444 0.195897 0.544658 50.000000
-0.260445 0.320991 0.541656 50.000000
-0.265949 -0.225919 0.541656 50.000000
-0.261946 0.282962 0.541156 50.000000
-0.269452 0.175882 0.543658 50.000000
0.163873 0.207906 0.547661 50.000000
0.127346 0.169877 0.546160 50.000000
0.105329 -0.023267 0.550663 51.000000
0.071804 0.129347 0.549662 51.000000
0.068802 0.018764 0.549162 51.000000
-0.043282 0.055792 0.549662 52.000000
-0.253940 -0.098824 0.549662 50.000000
-0.251439 -0.075807 0.548661 50.000000
-0.265949 -0.000751 0.550663 50.000000
0.199400 0.007756 0.553665 51.000000
0.153865 0.098824 0.555166 51.000000
0.144358 0.078809 0.554666 51.000000
0.145359 0.168376 0.552164 50.000000
0.117838 0.167876 0.552664 50.000000
0.107831 0.109832 0.551664 51.000000
0.098324 0.089317 0.553165 51.000000
-0.057293 -0.019264 0.553665 52.000000
-0.073305 -0.119840 0.555166 50.000000
-0.113335 -0.122342 0.554166 50.000000
-0.239930 -0.253940 0.555166 50.000000
-0.238929 0.224418 0.553665 50.000000
-0.243433 -0.088316 0.553665 50.000000
-0.256442 -0.306480 0.554666 50.000000
-0.256442 0.261946 0.553165 50.000000
0.189892 0.016763 0.557668 51.000000
0.181386 0.138354 0.556167 51.000000
0.172379 0.118339 0.557168 51.000000
0.162372 0.047285 0.559169 51.000000
0.155867 0.307981 0.556668 50.000000
0.135352 0.098324 0.556167 51.000000
0.080310 0.136853 0.558169 51.000000
0.030273 0.023768 0.560670 50.000000
0.020265 0.013760 0.558669 50.000000
0.016262 0.155367 0.557168 50.000000
-0.069802 -0.044283 0.560670 52.000000
-0.075306 0.030273 0.559670 52.000000
-0.081811 0.082312 0.558169 52.000000
-0.110833 0.080811 0.557168 52.000000
-0.132349 0.048787 0.557668 52.000000
-0.245934 0.143357 0.558669 50.000000
-0.248937 0.102827 0.559169 50.000000
-0.253440 0.182387 0.560670 50.000000
-0.257943 -0.219915 0.556167 50.000000
-0.259445 -0.125844 0.559169 50.000000
-0.257443 0.122342 0.558669 50.000000
-0.264448 -0.069802 0.559670 50.000000
-0.264448 0.038779 0.559670 50.000000
-0.268451 -0.309983 0.558169 50.000000
-0.269952 -0.222417 0.559169 50.000000
0.171379 0.055291 0.565174 51.000000
0.152865 0.035276 0.563673 51.000000
0.125844 0.096823 0.561671 51.000000
0.108331 0.164874 0.564674 50.000000
0.080811 -0.175382 0.565174 53.000000
0.080811 0.173880 0.565674 50.000000
0.070803 0.135352 0.562672 51.000000
0.062297 0.173880 0.565174 50.000000
0.052289 0.144859 0.563172 50.000000
0.017763 -0.041781 0.565174 50.000000
-0.025769 0.062297 0.563172 50.000000
-0.037278 0.030273 0.565174 52.000000
-0.235427 -0.080811 0.565674 50.000000
-0.244934 -0.080310 0.562672 50.000000
-0.254941 0.038779 0.562672 50.000000
-0.251439 0.240430 0.565674 50.000000
-0.262447 -0.247936 0.562672 50.000000
-0.261446 0.080811 0.561171 50.000000
-0.268451 -0.299975 0.563172 50.000000
-0.269952 -0.015762 0.561171 50.000000
-0.268451 0.005254 0.563172 50.000000
0.190393 0.115837 0.566175 51.000000
0.103828 -0.040280 0.567175 51.000000
0.097823 0.124844 0.567175 51.000000
0.080310 0.164373 0.566175 51.000000
0.033775 -0.120340 0.567676 50.000000
0.006255 -0.065799 0.568676 50.000000
-0.001251 -0.022267 0.567676 50.000000
-0.069302 0.178884 0.569677 50.000000
-0.084814 0.057793 0.569677 52.000000
-0.095822 0.036277 0.569677 52.000000
-0.098824 -0.026270 0.566175 52.000000
-0.106830 0.014761 0.569177 52.000000
-0.131349 0.087315 0.566175 52.000000
-0.244934 -0.175382 0.567676 50.000000
-0.244433 -0.059795 0.568176 50.000000
-0.253940 -0.152865 0.568676 50.000000
-0.255442 0.190393 0.568676 50.000000
-0.258444 -0.095322 0.568676 50.000000
0.135852 0.182387 0.572679 50.000000
0.126845 -0.314486 0.574181 53.000000
0.125344 0.102827 0.574681 51.000000
0.117338 0.172880 0.571679 50.000000
0.097823 -0.264448 0.574681 53.000000
0.075306 -0.021266 0.572179 51.000000
0.067300 0.040781 0.575181 51.000000
0.046285 -0.032775 0.571178 50.000000
0.011759 -0.157368 0.571679 50.000000
-0.227921 0.161371 0.572179 50.000000
-0.234926 -0.060796 0.571679 50.000000
-0.244934 -0.050788 0.573180 50.000000
-0.264949 -0.241931 0.575181 50.000000
-0.266450 -0.053290 0.574681 50.000000
-0.268451 0.159369 0.571178 50.000000
0.208907 0.180385 0.580685 50.000000
0.190393 0.131849 0.579184 51.000000
0.163873 0.276958 0.576683 50.000000
0.075807 0.008757 0.577183 51.000000
0.041781 0.140856 0.577683 50.000000
0.033275 -0.102327 0.578684 50.000000
-0.047786 -0.139855 0.576683 50.000000
-0.144358 0.073305 0.576182 52.000000
-0.244934 0.228922 0.576683 50.000000
-0.254941 -0.344508 0.576683 50.000000
-0.254441 0.256943 0.579685 50.000000
-0.259945 0.158369 0.576683 50.000000
-0.265449 -0.032775 0.578684 50.000000
-0.266950 0.064799 0.577183 50.000000
0.171379 0.070303 0.582187 51.000000
0.152364 0.059795 0.583688 51.000000
0.142357 0.018764 0.581186 51.000000
0.131849 -0.035777 0.584689 51.000000
0.125844 0.170378 0.582187 50.000000
0.122342 -0.025769 0.585689 51.000000
0.098324 0.189392 0.583688 50.000000
0.087816 0.139355 0.584689 51.000000
0.049787 0.118839 0.585189 50.000000
0.041281 0.149862 0.581186 50.000000
0.031273 0.128346 0.584689 50.000000
0.017763 0.015261 0.584689 50.000000
-0.019264 0.046285 0.581686 50.000000
-0.041781 -0.201401 0.583187 50.000000
-0.065299 -0.240931 0.585689 50.000000
-0.067300 -0.109832 0.585689 50.000000
-0.117838 0.031273 0.581686 52.000000
-0.254441 -0.011759 0.584188 50.000000
-0.259945 -0.172880 0.585689 50.000000
-0.260946 -0.079309 0.585689 50.000000
-0.257443 -0.044784 0.583688 50.000000
-0.261946 0.020766 0.583187 50.000000
-0.263948 0.135351 0.585689 50.000000
-0.267951 0.216412 0.582687 50.000000
0.143858 0.119840 0.586690 51.000000
0.117838 -0.234426 0.589192 53.000000
0.080811 -0.128346 0.589692 50.000000
0.048787 0.087816 0.586690 50.000000
0.041781 -0.117338 0.588191 50.000000
-0.003753 -0.019765 0.590693 50.000000
-0.070803 0.010758 0.587190 52.000000
-0.078309 -0.122842 0.587691 50.000000
-0.250938 0.186390 0.588691 50.000000
-0.260445 0.061296 0.590693 50.000000
-0.263448 -0.299975 0.589692 50.000000
-0.263948 0.144859 0.588691 50.000000
-0.270953 0.050788 0.587190 50.000000
0.267951 -0.199400 0.591193 50.000000
0.122842 0.003753 0.593195 51.000000
0.107831 -0.224919 0.594696 53.000000
0.094821 0.046285 0.591193 51.000000
0.023768 -0.063297 0.592194 50.000000
-0.009757 0.073805 0.593695 50.000000
-0.013260 -0.009757 0.591193 50.000000
-0.034276 -0.032775 0.592194 52.000000
-0.102327 -0.004253 0.594196 52.000000
-0.245934 -0.126345 0.591193 50.000000
-0.241931 -0.080811 0.593695 50.000000
-0.245934 0.303478 0.595196 50.000000
-0.248937 -0.036778 0.595196 50.000000
-0.255942 -0.003252 0.592194 50.000000
-0.255942 0.006255 0.595697 50.000000
-0.252940 0.039279 0.594696 50.000000
-0.254941 0.144358 0.593195 50.000000
-0.260946 -0.263448 0.594696 50.000000
-0.258444 -0.036778 0.591694 50.000000
-0.270953 -0.153865 0.594196 50.000000
0.104829 0.075306 0.598199 51.000000
0.092820 -0.030773 0.597198 51.000000
0.084814 0.043783 0.598699 51.000000
0.087816 0.184889 0.599700 50.000000
0.067300 0.095321 0.597198 51.000000
0.049287 0.145859 0.597198 50.000000
0.014761 -0.255442 0.599199 53.000000
-0.014261 -0.022767 0.596698 50.000000
-0.120340 0.046285 0.599700 52.000000
-0.226920 -0.352514 0.597198 50.000000
-0.236427 -0.014261 0.596197 50.000000
-0.259445 -0.027771 0.597198 50.000000
-0.256442 0.015762 0.600700 50.000000
-0.260946 0.223918 0.596197 50.000000
-0.258444 0.282962 0.599700 50.000000
-0.269952 -0.018264 0.600700 50.000000
-0.270453 0.090318 0.596698 50.000000
-0.268952 0.263448 0.596197 50.000000
0.181386 0.174381 0.605204 51.000000
0.170878 0.052289 0.605704 51.000000
0.171379 0.124343 0.605204 51.000000
0.161371 0.063297 0.604704 51.000000
0.162372 0.164373 0.605204 51.000000
0.152364 0.103828 0.605704 51.000000
0.124844 0.183888 0.605704 50.000000
0.112334 -0.021266 0.601701 51.000000
0.103828 0.062797 0.604704 51.000000
0.095822 0.124844 0.602202 51.000000
0.096823 0.174381 0.603703 51.000000
0.034276 -0.023267 0.602702 50.000000
0.008256 0.081311 0.605704 50.000000
0.003252 -0.269952 0.602202 53.000000
-0.002252 -0.172379 0.603202 50.000000
-0.007756 -0.079810 0.602202 50.000000
-0.011759 0.060295 0.604203 50.000000
-0.043783 -0.187391 0.604704 50.000000
-0.122842 0.012760 0.603202 52.000000
-0.246935 -0.108331 0.603703 50.000000
-0.250938 0.252439 0.604704 50.000000
-0.255442 -0.085814 0.603202 50.000000
-0.260946 -0.242932 0.604203 50.000000
-0.261446 -0.145359 0.604704 50.000000
-0.269952 -0.230423 0.602702 50.000000
-0.270453 0.271954 0.603703 50.000000
0.172379 0.261446 0.607205 50.000000
0.138354 -0.171379 0.610208 53.000000
0.131349 -0.023267 0.608706 51.000000
0.125844 -0.293970 0.607205 53.000000
0.125344 0.202902 0.609707 50.000000
0.112334 0.009257 0.607706 51.000000
0.095822 0.133350 0.608206 51.000000
0.091319 -0.067801 0.608706 50.000000
0.063798 0.008256 0.607205 51.000000
0.022767 -0.047286 0.608206 50.000000
-0.057793 -0.062797 0.609707 50.000000
-0.134851 0.009757 0.610708 52.000000
-0.151864 0.052289 0.609207 52.000000
-0.266450 0.045284 0.607706 50.000000
-0.270953 0.299975 0.610708 50.000000
0.161871 0.102327 0.612209 51.000000
0.132349 0.050288 0.612209 51.000000
0.109332 -0.126345 0.612209 50.000000
0.076808 0.141856 0.611709 51.000000
0.067801 0.181386 0.613210 50.000000
-0.048787 -0.253440 0.613210 50.000000
-0.090818 -0.244934 0.615712 50.000000
-0.153865 0.039780 0.614711 52.000000
-0.233425 -0.053790 0.613710 50.000000
-0.249937 -0.324493 0.615211 50.000000
-0.250938 -0.233925 0.613710 50.000000
-0.252940 -0.032274 0.612209 50.000000
-0.254941 0.230423 0.614711 50.000000
-0.264448 0.240430 0.612209 50.000000
0.160370 0.015762 0.620215 51.000000
0.162372 0.181386 0.617213 50.000000
0.150363 -0.037778 0.619214 51.000000
0.140355 -0.026770 0.617713 51.000000
0.136853 -0.235927 0.617713 53.000000
0.131849 0.037778 0.617713 51.000000
0.116337 -0.237928 0.620215 53.000000
0.114336 0.140355 0.619715 51.000000
0.115337 0.190893 0.617213 50.000000
0.085314 0.119840 0.620215 51.000000
0.066800 0.150363 0.618214 51.000000
0.016763 0.088316 0.617213 50.000000
0.012259 -0.040781 0.619214 50.000000
-0.024268 -0.169877 0.620716 50.000000
-0.133850 0.050288 0.618214 52.000000
-0.239930 0.159369 0.619715 50.000000
-0.241431 -0.010758 0.616713 50.000000
-0.246435 -0.285965 0.617713 50.000000
-0.255442 -0.368026 0.619715 50.000000
-0.254441 -0.149862 0.617213 50.000000
-0.252439 -0.011759 0.618214 50.000000
-0.257943 0.052790 0.619214 50.000000
-0.262447 -0.126845 0.616212 50.000000
-0.270453 0.030273 0.619214 50.000000
0.208907 0.159870 0.621716 51.000000
0.208907 0.199400 0.624718 50.000000
0.199900 0.169377 0.625719 51.000000
0.151364 0.067300 0.624718 51.000000
0.151864 0.088817 0.622717 51.000000
0.133850 0.198899 0.625719 50.000000
0.074306 0.076808 0.624218 51.000000
0.074806 0.107831 0.625719 51.000000
0.057293 0.168877 0.624218 50.000000
0.047285 0.148361 0.623718 50.000000
0.040280 -0.074806 0.621716 50.000000
0.033775 0.024268 0.622217 50.000000
0.001251 -0.043282 0.623718 50.000000
-0.055792 -0.173380 0.625219 50.000000
-0.073305 0.062797 0.621716 52.000000
-0.105829 0.028271 0.625219 52.000000
-0.113835 -0.261946 0.621216 50.000000
-0.144859 0.047786 0.623718 52.000000
-0.222917 0.107831 0.621216 50.000000
-0.233425 0.107330 0.621216 50.000000
-0.242932 0.126845 0.623217 50.000000
-0.258944 -0.177883 0.625219 50.000000
-0.257443 -0.058794 0.621716 50.000000
-0.265449 -0.141356 0.622217 50.000000
-0.261446 0.167376 0.623718 50.000000
-0.266950 -0.358519 0.624718 50.000000
-0.270953 0.186890 0.625719 50.000000
0.189892 0.056292 0.626220 51.000000
0.190393 0.148361 0.628722 51.000000
0.132349 0.108331 0.626220 51.000000
0.077308 -0.169877 0.629222 50.000000
0.049287 0.256442 0.627721 50.000000
0.025769 0.094821 0.630723 50.000000
0.022767 0.009757 0.630723 50.000000
0.002252 -0.011258 0.628221 50.000000
-0.022767 -0.323993 0.627721 50.000000
-0.035276 0.051288 0.629722 52.000000
-0.059294 -0.046785 0.626220 52.000000
-0.065299 -0.151364 0.627220 50.000000
-0.082812 -0.093820 0.628221 50.000000
-0.104328 -0.264448 0.627220 50.000000
-0.105329 0.038779 0.626720 52.000000
-0.247936 -0.166875 0.630223 50.000000
-0.249937 -0.072304 0.629722 50.000000
-0.247936 -0.049787 0.630723 50.000000
-0.264448 -0.228922 0.627220 50.000000
-0.263948 0.016262 0.630223 50.000000
-0.270953 0.059795 0.629722 50.000000
0.218414 0.177383 0.632725 51.000000
0.171379 0.177383 0.632224 51.000000
0.139855 -0.054791 0.633225 51.000000
0.084814 0.156367 0.634226 51.000000
0.073805 0.085314 0.631724 51.000000
0.064298 0.095321 0.631223 50.000000
0.063297 0.062797 0.635226 50.000000
0.033275 -0.234426 0.633725 50.000000
0.025769 0.104829 0.631724 50.000000
-0.008757 -0.236928 0.635226 50.000000
-0.045284 -0.328496 0.633225 50.000000
-0.114836 -0.254441 0.631223 50.000000
-0.236427 -0.027270 0.634226 50.000000
-0.242932 0.166375 0.632725 50.000000
-0.257943 -0.362022 0.632725 50.000000
-0.262447 -0.193395 0.632224 50.000000
-0.268451 -0.245934 0.635226 50.000000
-0.268952 0.101326 0.633725 50.000000
0.180385 0.105329 0.637228 51.000000
0.157368 -0.207906 0.636728 53.000000
0.151364 0.104829 0.638229 51.000000
0.132349 0.135852 0.637728 51.000000
0.111334 0.041281 0.639229 51.000000
0.112334 0.073305 0.638729 51.000000
0.080811 -0.023267 0.636227 51.000000
0.067801 -0.125844 0.636227 50.000000
0.024769 0.082812 0.636728 50.000000
0.021766 -0.250438 0.640230 53.000000
0.014261 0.071304 0.638229 50.000000
0.013260 -0.211909 0.636728 50.000000
0.004754 0.082312 0.636728 50.000000
-0.001751 -0.083312 0.640230 50.000000
-0.025769 0.069802 0.639730 50.000000
-0.051288 0.172880 0.638229 52.000000
-0.079810 -0.191894 0.636227 50.000000
-0.237928 -0.157368 0.638229 50.000000
-0.245934 0.133850 0.637228 50.000000
-0.253440 -0.310483 0.638229 50.000000
-0.251939 0.058294 0.638729 50.000000
-0.257943 0.121841 0.639229 50.000000
-0.257443 0.132349 0.640230 50.000000
-0.263448 0.056793 0.640731 50.000000
0.190393 0.184388 0.645734 51.000000
0.170378 0.071804 0.644233 51.000000
0.160370 0.040781 0.641231 51.000000
0.140355 0.007756 0.643733 51.000000
0.113835 0.194396 0.645734 50.000000
0.105329 -0.237928 0.645234 53.000000
0.102827 0.123343 0.644733 51.000000
0.062797 0.070303 0.645234 50.000000
0.054291 0.122342 0.645234 50.000000
0.015762 0.142357 0.645734 50.000000
0.008256 -0.062297 0.645734 50.000000
-0.014761 0.111333 0.642732 50.000000
-0.078809 -0.159870 0.645234 50.000000
-0.117338 0.064799 0.644233 52.000000
-0.258444 -0.236427 0.644233 50.000000
-0.259445 -0.137853 0.644733 50.000000
0.209407 0.223918 0.646235 50.000000
0.190893 0.232925 0.650238 50.000000
0.151364 0.111834 0.649737 51.000000
0.141356 0.081311 0.646735 51.000000
0.138854 -0.072304 0.649737 50.000000
0.123343 0.183888 0.646735 51.000000
0.117338 -0.141856 0.648737 53.000000
0.118839 -0.072304 0.649237 50.000000
0.100325 -0.015762 0.646735 51.000000
0.068301 -0.083312 0.646235 50.000000
0.053790 0.110833 0.650238 50.000000
0.047786 -0.096322 0.648236 50.000000
0.042282 0.058294 0.649237 50.000000
0.024268 0.120340 0.650238 50.000000
0.013760 0.089317 0.648236 50.000000
-0.012259 -0.064298 0.648236 50.000000
-0.018764 -0.195397 0.650738 50.000000
-0.020265 -0.008757 0.649737 50.000000
-0.033275 -0.077308 0.650738 50.000000
-0.040781 -0.010258 0.650738 52.000000
-0.055792 -0.112334 0.648737 50.000000
-0.130848 0.019264 0.648236 52.000000
-0.138854 0.051789 0.647235 52.000000
-0.170378 0.050288 0.647736 52.000000
-0.220415 0.089817 0.648737 50.000000
-0.239430 0.120340 0.649737 50.000000
-0.237928 0.141856 0.648737 50.000000
-0.250938 -0.151364 0.649737 50.000000
-0.255942 0.033275 0.647736 50.000000
-0.257943 0.151364 0.647235 50.000000
-0.261446 -0.358019 0.650738 50.000000
-0.264448 0.065799 0.647736 50.000000
-0.263448 0.086815 0.650238 50.000000
-0.269952 -0.227421 0.649737 50.000000
-0.269452 0.140355 0.647235 50.000000
0.160370 0.068802 0.653240 51.000000
0.140355 0.036778 0.654241 51.000000
0.129347 -0.028772 0.652740 51.000000
0.119340 -0.029772 0.655241 51.000000
0.119840 -0.006255 0.651739 51.000000
0.110333 0.003753 0.653740 51.000000
0.102827 0.151364 0.654241 51.000000
0.089317 -0.029772 0.654241 51.000000
0.090818 0.046285 0.655742 51.000000
0.091819 0.068802 0.651238 51.000000
0.092820 0.140856 0.655742 51.000000
0.080310 0.013760 0.655241 51.000000
0.083312 0.140856 0.655742 51.000000
0.068301 -0.075307 0.654241 50.000000
0.017263 -0.076808 0.654241 50.000000
-0.015762 -0.338004 0.654741 53.000000
-0.032775 -0.055291 0.652239 50.000000
-0.034276 0.149362 0.652239 50.000000
-0.045784 0.097323 0.651238 52.000000
-0.046285 -0.114836 0.655241 50.000000
-0.058794 0.032775 0.651238 52.000000
-0.087315 -0.275457 0.651739 50.000000
-0.092319 -0.187891 0.652239 50.000000
-0.118339 0.082812 0.655241 52.000000
-0.190893 0.079309 0.653740 52.000000
-0.229922 0.119840 0.653240 50.000000
-0.263448 -0.035777 0.652740 50.000000
-0.267951 0.190893 0.653740 50.000000
0.138854 -0.052790 0.657743 51.000000
0.129847 0.002252 0.658744 51.000000
0.128847 -0.052289 0.656743 51.000000
0.116337 -0.182387 0.658744 53.000000
0.116337 -0.169877 0.658744 53.000000
0.118839 -0.041781 0.657743 51.000000
0.111834 0.119340 0.659244 51.000000
0.104829 -0.231924 0.658744 53.000000
0.098824 -0.041781 0.657743 51.000000
0.090818 -0.362022 0.656743 53.000000
0.082812 0.129347 0.659745 51.000000
0.069802 -0.009257 0.657743 51.000000
0.063297 0.129347 0.658244 50.000000
0.056793 -0.100325 0.658244 50.000000
0.047786 -0.065299 0.656242 50.000000
0.042282 0.086315 0.660746 50.000000
0.026270 -0.090318 0.660746 50.000000
0.014761 -0.125344 0.659244 50.000000
0.003753 0.117838 0.657743 50.000000
-0.017763 0.074306 0.660245 50.000000
-0.025269 0.147361 0.660746 50.000000
-0.056793 -0.289967 0.658744 50.000000
-0.066300 -0.093320 0.657743 50.000000
-0.142857 0.015762 0.656743 52.000000
-0.211909 0.097823 0.660245 50.000000
-0.249937 -0.346510 0.657243 50.000000
-0.263948 0.105829 0.657743 50.000000
0.179385 -0.020265 0.661746 51.000000
0.177883 -0.159370 0.663247 53.000000
0.149862 0.022267 0.665249 51.000000
0.149862 0.044784 0.661746 51.000000
0.147861 -0.124343 0.664248 53.000000
0.129347 -0.021266 0.663247 51.000000
0.129347 -0.009757 0.661746 51.000000
0.101826 0.128346 0.664248 51.000000
0.080811 0.054291 0.663748 51.000000
0.042282 -0.210408 0.662747 50.000000
0.032775 -0.186390 0.663247 50.000000
0.025769 -0.103328 0.663247 50.000000
-0.010758 -0.225419 0.662747 50.000000
-0.025269 -0.291469 0.665749 50.000000
-0.046785 -0.291969 0.664248 50.000000
-0.114836 -0.018264 0.663247 52.000000
-0.255942 -0.050288 0.662747 50.000000
-0.261446 -0.337003 0.662247 50.000000
-0.262947 -0.004754 0.661746 50.000000
-0.262447 0.005754 0.663247 50.000000
-0.263448 0.136853 0.663247 50.000000
-0.268451 -0.182887 0.663247 50.000000
0.218414 -0.312484 0.666750 50.000000
0.152364 0.298974 0.666750 50.000000
0.116838 -0.126845 0.668752 53.000000
0.112334 0.168376 0.669252 51.000000
0.106830 -0.103828 0.669752 50.000000
0.070303 0.052289 0.669752 51.000000
0.041281 0.073805 0.668251 50.000000
0.038779 -0.002752 0.669752 50.000000
0.016763 -0.048286 0.669752 50.000000
0.017763 -0.025269 0.667751 50.000000
0.009257 -0.238929 0.666750 50.000000
0.012259 0.104829 0.668752 50.000000
-0.004754 -0.082812 0.667751 50.000000
-0.008256 0.103828 0.669252 50.000000
-0.012760 -0.025769 0.666750 50.000000
-0.037778 0.103828 0.666250 50.000000
-0.054791 -0.231424 0.670253 50.000000
-0.070303 0.059294 0.669252 52.000000
-0.072805 -0.350013 0.669252 50.000000
-0.079810 -0.121841 0.667751 50.000000
-0.114836 -0.007756 0.666250 52.000000
-0.133850 -0.136853 0.667751 50.000000
-0.228922 -0.337003 0.669752 50.000000
-0.243933 0.321991 0.667250 50.000000
-0.254941 -0.259945 0.668251 50.000000
-0.253940 -0.247436 0.669752 50.000000
-0.254441 -0.017763 0.668251 50.000000
-0.261946 -0.221916 0.667250 50.000000
-0.262447 0.167376 0.668251 50.000000
-0.261946 0.177883 0.668251 50.000000
0.170378 0.115337 0.674256 51.000000
0.160370 0.136352 0.675256 51.000000
0.158869 -0.023768 0.671253 51.000000
0.148862 -0.025269 0.674256 51.000000
0.140355 0.104829 0.674256 51.000000
0.105829 -0.140856 0.673755 53.000000
0.051789 0.124844 0.675757 50.000000
0.053790 0.187391 0.672254 50.000000
0.044283 -0.130348 0.673255 50.000000
0.028271 -0.004754 0.673755 50.000000
0.018264 -0.254941 0.674256 53.000000
-0.023768 -0.029272 0.674756 50.000000
-0.104829 -0.161871 0.674756 50.000000
-0.114336 -0.301977 0.674756 50.000000
-0.164874 0.063798 0.675757 52.000000
-0.260946 0.058294 0.674256 50.000000
-0.265449 -0.238429 0.674756 50.000000
-0.261446 -0.078309 0.674756 50.000000
-0.262447 0.187391 0.671754 50.000000
-0.261446 0.207906 0.673255 50.000000
0.178384 -0.094821 0.678259 50.000000
0.150863 0.165874 0.679760 51.000000
0.124844 -0.216913 0.680260 53.000000
0.117838 -0.071304 0.676257 50.000000
0.107831 -0.038279 0.678259 51.000000
0.097823 -0.038279 0.677758 51.000000
0.061796 0.144859 0.678759 50.000000
0.047786 -0.308982 0.680761 53.000000
0.043282 -0.155367 0.676257 50.000000
0.034276 -0.108832 0.677758 50.000000
0.035777 -0.063297 0.680260 50.000000
0.033775 -0.121341 0.679760 50.000000
0.030773 0.092319 0.676758 50.000000
0.015261 -0.310483 0.680761 53.000000
0.013760 -0.109832 0.678759 50.000000
-0.002252 0.014761 0.679760 50.000000
-0.009757 0.090318 0.679760 50.000000
-0.050288 0.078809 0.677758 52.000000
-0.057793 -0.272955 0.676758 50.000000
-0.061796 0.056793 0.677758 52.000000
-0.093820 -0.150863 0.678259 50.000000
-0.125844 -0.151864 0.676758 50.000000
-0.155867 0.041781 0.677258 52.000000
-0.236928 -0.398049 0.678759 50.000000
-0.265449 0.154866 0.676758 50.000000
-0.262947 0.216913 0.680260 50.000000
-0.270953 0.088817 0.679760 50.000000
0.170378 0.174881 0.684764 51.000000
0.167376 -0.156868 0.684263 53.000000
0.155367 -0.306980 0.681761 53.000000
0.147861 -0.074306 0.684764 50.000000
0.121841 0.195897 0.682262 51.000000
0.097323 -0.062797 0.682762 50.000000
0.091819 -0.270453 0.685264 53.000000
0.082312 0.184889 0.684263 51.000000
0.074306 -0.134351 0.685264 50.000000
0.029272 0.068301 0.685764 50.000000
0.033775 0.215412 0.681761 50.000000
0.012259 -0.124343 0.684764 50.000000
-0.008757 -0.124844 0.684764 50.000000
-0.011759 0.046285 0.682262 50.000000
-0.029272 -0.125344 0.682762 50.000000
-0.039780 -0.125344 0.681761 50.000000
-0.038279 -0.101326 0.681261 50.000000
-0.053290 -0.175382 0.684263 50.000000
-0.058294 -0.068802 0.685264 50.000000
-0.086315 -0.012259 0.682762 52.000000
-0.101326 0.107331 0.683763 52.000000
-0.116838 -0.165874 0.681761 50.000000
-0.166875 0.050288 0.683763 52.000000
-0.245434 -0.252439 0.682262 50.000000
-0.247436 0.142857 0.685764 50.000000
-0.251939 0.066800 0.684764 50.000000
-0.261446 0.078309 0.681261 50.000000
-0.265449 0.194896 0.685264 50.000000
0.168376 -0.076307 0.690268 50.000000
0.156868 -0.169877 0.686765 53.000000
0.158869 -0.018764 0.688767 51.000000
0.141856 0.264949 0.690768 50.000000
0.138854 0.014761 0.686765 51.000000
0.125844 -0.146360 0.687265 53.000000
0.114336 -0.209407 0.690768 53.000000
0.083313 -0.184889 0.690268 53.000000
0.034276 -0.089817 0.689267 50.000000
0.003753 -0.314486 0.687265 53.000000
-0.000751 0.077808 0.686265 50.000000
-0.015762 -0.275457 0.686765 50.000000
-0.020766 0.087816 0.686765 50.000000
-0.020265 0.108832 0.689267 50.000000
-0.026270 -0.264448 0.689767 50.000000
-0.039780 -0.115337 0.686765 50.000000
-0.048787 -0.080310 0.686765 50.000000
-0.063297 -0.333000 0.689767 50.000000
-0.069302 -0.059795 0.690768 50.000000
-0.081811 -0.279960 0.687265 50.000000
-0.095822 0.019765 0.686765 52.000000
-0.116838 0.028772 0.690768 52.000000
-0.129347 -0.015762 0.686765 52.000000
-0.161371 -0.017763 0.687766 50.000000
-0.203903 -0.399550 0.688266 50.000000
-0.243433 0.054791 0.689767 50.000000
-0.248436 -0.023768 0.687265 50.000000
-0.255442 -0.218914 0.690768 50.000000
-0.255442 -0.105829 0.686265 50.000000
-0.255942 0.174381 0.686265 50.000000
-0.257443 -0.119340 0.689267 50.000000
0.159870 0.089317 0.693270 51.000000
0.114836 -0.173880 0.694771 53.000000
0.095322 -0.114336 0.695271 50.000000
0.093820 -0.162372 0.695772 53.000000
0.084313 -0.126345 0.694771 50.000000
0.083313 -0.173880 0.693270 53.000000
0.076808 -0.021266 0.693270 51.000000
0.067801 -0.328496 0.693770 53.000000
0.049287 -0.237928 0.694771 53.000000
0.051789 -0.173880 0.691769 50.000000
0.049287 0.087816 0.693770 50.000000
0.042282 -0.150863 0.693270 50.000000
0.029772 0.098324 0.692770 50.000000
0.024268 -0.068802 0.694771 50.000000
0.007255 -0.225919 0.692269 50.000000
-0.010258 -0.140856 0.693770 50.000000
-0.012259 0.064799 0.692770 50.000000
-0.018764 -0.317988 0.692269 50.000000
-0.025269 -0.239930 0.691769 50.000000
-0.022267 -0.177383 0.692770 50.000000
-0.030273 -0.331999 0.691769 50.000000
-0.029772 -0.318989 0.693270 50.000000
-0.028271 -0.292469 0.692770 50.000000
-0.043282 0.063297 0.694771 52.000000
-0.042282 0.075306 0.691269 52.000000
-0.047285 -0.241431 0.692269 50.000000
-0.147361 0.058794 0.694771 52.000000
-0.189392 0.067801 0.694771 52.000000
-0.255442 0.224919 0.695772 50.000000
-0.257443 0.193395 0.695772 50.000000
-0.265449 0.063798 0.692770 50.000000
0.199900 0.160871 0.700776 51.000000
0.167876 -0.068301 0.699274 50.000000
0.147861 -0.055792 0.696773 50.000000
0.117838 -0.011759 0.699775 51.000000
0.105329 -0.127346 0.698274 53.000000
0.085314 -0.091318 0.696773 50.000000
0.075306 -0.081311 0.699274 50.000000
0.078809 0.075807 0.698774 51.000000
0.062797 -0.140856 0.700275 50.000000
0.031273 -0.141356 0.699775 50.000000
0.007255 -0.215412 0.696773 50.000000
-0.010758 -0.374531 0.696272 53.000000
-0.044283 0.040781 0.696272 52.000000
-0.053790 0.062297 0.697773 52.000000
-0.109832 -0.018264 0.696773 52.000000
-0.116337 -0.275457 0.699775 50.000000
-0.150863 0.013260 0.698274 52.000000
-0.173380 0.000250 0.699274 50.000000
-0.193895 0.010758 0.697273 50.000000
-0.250938 -0.272955 0.697273 50.000000
-0.249937 -0.004754 0.699274 50.000000
-0.254941 -0.074306 0.696773 50.000000
-0.252940 -0.039780 0.699775 50.000000
-0.251439 0.118339 0.697273 50.000000
-0.253940 0.276457 0.697773 50.000000
-0.257443 -0.098324 0.697273 50.000000
-0.258444 0.028772 0.699274 50.000000
-0.264949 -0.411058 0.696272 50.000000
-0.264949 -0.184388 0.696272 50.000000
-0.262447 -0.147861 0.699274 50.000000
0.219415 0.170378 0.703277 51.000000
0.209407 0.160370 0.702777 51.000000
0.199900 0.211409 0.705279 50.000000
0.146860 -0.128847 0.702777 53.000000
0.146860 -0.116337 0.702277 53.000000
0.126345 -0.093320 0.702777 50.000000
0.107831 -0.001751 0.701776 51.000000
0.088817 0.074306 0.704779 51.000000
0.082812 -0.166375 0.703778 50.000000
0.076307 -0.035777 0.701776 51.000000
0.065299 -0.048787 0.705779 50.000000
0.066800 0.007756 0.705779 51.000000
0.049287 -0.228922 0.702777 53.000000
0.052289 -0.130848 0.704779 50.000000
0.024268 -0.048286 0.701276 50.000000
0.020766 -0.131349 0.702777 50.000000
0.000751 -0.119340 0.701276 50.000000
-0.004754 -0.232424 0.705279 50.000000
-0.005754 -0.004754 0.704278 50.000000
-0.016763 -0.256943 0.701776 50.000000
-0.022267 -0.146360 0.705779 50.000000
-0.021766 -0.134351 0.705779 50.000000
-0.032274 0.114836 0.704779 50.000000
-0.045784 -0.195397 0.703277 50.000000
-0.052289 -0.110833 0.703277 50.000000
-0.100325 -0.008757 0.704278 52.000000
-0.244934 -0.074806 0.701276 50.000000
-0.249937 -0.370028 0.701776 50.000000
-0.248436 -0.344008 0.705779 50.000000
-0.248937 0.191894 0.704278 50.000000
-0.252439 -0.018264 0.704779 50.000000
-0.261946 -0.136352 0.701276 50.000000
-0.267951 0.222917 0.701276 50.000000
0.189392 0.041781 0.706780 51.000000
0.170378 0.180385 0.706280 51.000000
0.155867 -0.205404 0.710283 53.000000
0.156367 -0.155867 0.710283 53.000000
0.146860 -0.095822 0.709282 50.000000
0.050288 -0.193395 0.707781 50.000000
0.035777 -0.284463 0.708782 53.000000
0.031273 0.220415 0.706780 50.000000
0.023768 -0.028772 0.710283 50.000000
0.012259 -0.074806 0.708782 50.000000
0.008256 -0.170378 0.707781 50.000000
0.007255 0.082812 0.708281 50.000000
-0.000751 -0.133850 0.707280 50.000000
-0.013260 0.071804 0.706280 50.000000
-0.032274 -0.123843 0.708782 50.000000
-0.055291 -0.160370 0.706280 50.000000
-0.068301 -0.187391 0.710783 50.000000
-0.067801 0.024769 0.709782 52.000000
-0.077308 -0.162372 0.708281 50.000000
-0.087315 0.046285 0.709282 52.000000
-0.101326 -0.201401 0.708281 50.000000
-0.118839 -0.292970 0.708782 50.000000
-0.235427 -0.210908 0.706280 50.000000
-0.255442 -0.175882 0.708281 50.000000
-0.260445 0.210908 0.710283 50.000000
-0.261946 -0.239930 0.708281 50.000000
-0.263948 -0.009257 0.709282 50.000000
-0.263448 0.002252 0.710783 50.000000
-0.264949 0.315987 0.706780 50.000000
-0.269952 -0.320991 0.708782 50.000000
-0.267451 0.274456 0.707781 50.000000
-0.266450 0.304979 0.709782 50.000000
0.199900 0.167876 0.715787 51.000000
0.179885 0.158369 0.711284 51.000000
0.177883 -0.132349 0.711784 53.000000
0.146360 -0.109832 0.714786 53.000000
0.136853 -0.051288 0.714786 50.000000
0.110333 -0.337003 0.711284 53.000000
0.088817 -0.324493 0.712785 53.000000
0.080310 0.188892 0.712284 51.000000
0.078309 -0.312985 0.715787 53.000000
0.051288 -0.146360 0.712785 50.000000
0.041781 -0.111834 0.715286 50.000000
0.037278 -0.246935 0.713285 53.000000
0.007255 0.102327 0.715286 50.000000
-0.003252 -0.173380 0.714286 50.000000
-0.035777 0.057293 0.715286 52.000000
-0.034276 0.090318 0.715286 50.000000
-0.033775 0.101826 0.712785 50.000000
-0.041781 -0.089817 0.712284 50.000000
-0.051288 -0.264949 0.714786 50.000000
-0.098324 0.045284 0.711284 52.000000
-0.164373 0.007756 0.712284 52.000000
-0.175382 0.213410 0.715787 50.000000
-0.186890 0.005754 0.714786 50.000000
-0.250438 -0.228421 0.713285 50.000000
-0.252940 0.001751 0.714286 50.000000
-0.253940 0.146360 0.713285 50.000000
-0.256442 0.304979 0.712785 50.000000
-0.263948 0.156868 0.712785 50.000000
0.091819 -0.208907 0.716788 53.000000
0.092319 -0.185389 0.719290 53.000000
0.084814 -0.064298 0.716788 50.000000
0.059795 -0.197898 0.717288 50.000000
0.053790 -0.064799 0.716287 50.000000
0.028271 -0.185389 0.716287 50.000000
0.028271 0.144358 0.719290 50.000000
0.006755 -0.186890 0.717288 50.000000
-0.028271 -0.238929 0.716287 50.000000
-0.039780 -0.252439 0.717288 50.000000
-0.085814 -0.094821 0.719290 50.000000
-0.096322 0.109332 0.718289 52.000000
-0.208907 0.014761 0.718789 50.000000
-0.219415 0.025269 0.718789 50.000000
-0.224418 -0.188892 0.716287 50.000000
-0.240931 0.034776 0.720791 50.000000
-0.250438 0.230923 0.719790 50.000000
-0.258944 -0.309983 0.716287 50.000000
-0.258944 0.089817 0.719790 50.000000
-0.257443 0.324493 0.720290 50.000000
-0.261946 -0.338004 0.718289 50.000000
-0.265949 -0.258444 0.719290 50.000000
-0.267451 -0.024268 0.719790 50.000000
-0.269952 0.089317 0.718789 50.000000
0.186390 -0.397048 0.721291 50.000000
0.160871 0.279960 0.721291 50.000000
0.136853 -0.041781 0.721291 51.000000
0.114336 -0.125344 0.723793 53.000000
0.111334 -0.275957 0.722792 53.000000
0.113835 -0.162372 0.724794 53.000000
0.069302 -0.226420 0.725294 53.000000
0.059795 -0.188892 0.725294 50.000000
0.061796 -0.137853 0.721291 50.000000
0.025769 0.067801 0.724293 50.000000
0.023768 -0.291469 0.722792 53.000000
-0.017763 -0.241431 0.723292 50.000000
-0.025269 -0.166375 0.724293 50.000000
-0.037778 0.032775 0.723292 52.000000
-0.050788 -0.242432 0.721791 50.000000
-0.046785 -0.166875 0.723292 50.000000
-0.065799 0.108832 0.723292 52.000000
-0.068301 -0.167376 0.721791 50.000000
-0.069302 0.031774 0.723292 52.000000
-0.067801 0.075807 0.724794 52.000000
-0.144358 -0.148361 0.724293 50.000000
-0.234426 -0.407556 0.722292 50.000000
-0.242932 0.021766 0.725294 50.000000
-0.255442 -0.132850 0.725294 50.000000
-0.264448 0.032274 0.723793 50.000000
-0.270453 0.282462 0.721291 50.000000
0.178384 0.001251 0.728296 51.000000
0.169877 0.195897 0.728797 51.000000
0.166375 -0.188892 0.730298 53.000000
0.147361 -0.032274 0.726295 51.000000
0.142857 -0.331999 0.728296 53.000000
0.101326 -0.227421 0.729797 53.000000
0.090818 -0.225919 0.726295 53.000000
0.084814 -0.045284 0.728296 50.000000
0.036277 0.087816 0.729797 50.000000
0.023267 -0.000751 0.729297 50.000000
-0.011759 -0.093820 0.726295 50.000000
-0.018764 -0.001751 0.728296 50.000000
-0.023768 -0.119340 0.728797 50.000000
-0.033775 -0.096322 0.730798 50.000000
-0.054291 -0.297473 0.726795 50.000000
-0.067300 -0.132850 0.727295 50.000000
-0.076808 -0.098324 0.730298 50.000000
-0.076307 0.128847 0.728296 52.000000
-0.095321 -0.050288 0.726295 50.000000
-0.113335 0.016763 0.729297 52.000000
-0.190393 -0.009757 0.727295 50.000000
-0.188892 0.013260 0.726795 50.000000
-0.250438 -0.314986 0.728797 50.000000
-0.255442 -0.248436 0.728296 50.000000
-0.251939 -0.209907 0.729797 50.000000
-0.254941 -0.121341 0.727295 50.000000
-0.256943 0.153865 0.728296 50.000000
-0.261446 -0.303478 0.730798 50.000000
-0.262947 0.249937 0.728296 50.000000
-0.266450 0.195897 0.730798 50.000000
0.177883 -0.093820 0.734801 50.000000
0.166375 -0.202902 0.733300 53.000000
0.168877 0.077308 0.733300 51.000000
0.157368 -0.057793 0.733800 50.000000
0.146860 -0.057793 0.732800 50.000000
0.140856 0.298474 0.732299 50.000000
0.090818 -0.204403 0.734801 53.000000
0.075306 0.021266 0.734301 51.000000
0.044283 -0.308481 0.731299 53.000000
0.023267 -0.270953 0.734301 53.000000
-0.026770 -0.181886 0.731299 50.000000
-0.027270 0.063297 0.734301 50.000000
-0.035276 -0.121341 0.732800 50.000000
-0.037278 0.074306 0.733300 52.000000
-0.045284 -0.314986 0.735802 50.000000
-0.047786 0.073805 0.733300 52.000000
-0.059795 -0.371028 0.735802 50.000000
-0.081811 -0.184889 0.731799 50.000000
-0.117338 -0.042282 0.732800 50.000000
-0.125844 -0.176883 0.735301 50.000000
-0.132349 -0.103328 0.735802 50.000000
-0.144859 0.047285 0.735301 52.000000
-0.149862 -0.043783 0.731299 50.000000
-0.166375 0.046285 0.734301 52.000000
-0.189392 0.033275 0.735802 52.000000
-0.187891 0.056292 0.734301 52.000000
-0.252439 0.064799 0.731299 50.000000
-0.254441 0.217913 0.731799 50.000000
-0.257943 -0.374531 0.735802 50.000000
0.177383 -0.131849 0.740806 53.000000
0.155367 -0.181386 0.740305 53.000000
0.028271 0.223918 0.740305 50.000000
-0.008757 0.017263 0.740305 50.000000
-0.022267 -0.063297 0.737303 50.000000
-0.037778 -0.161371 0.740305 50.000000
-0.054291 -0.064298 0.736803 50.000000
-0.070803 0.049287 0.739304 52.000000
-0.109832 -0.265949 0.736302 50.000000
-0.108331 -0.240430 0.737803 50.000000
-0.109332 0.135852 0.739304 52.000000
-0.150363 -0.192895 0.740305 50.000000
-0.163373 -0.218914 0.738804 50.000000
-0.178384 0.055291 0.740806 52.000000
-0.249437 -0.028772 0.736803 50.000000
-0.250938 0.118839 0.738304 50.000000
-0.253940 0.269452 0.739805 50.000000
-0.257443 0.027771 0.739805 50.000000
-0.266950 -0.227421 0.737803 50.000000
0.166375 -0.157368 0.742807 53.000000
0.155867 -0.145359 0.743808 53.000000
0.113835 -0.121841 0.744308 53.000000
0.084313 -0.015261 0.741806 51.000000
0.082312 -0.097823 0.743307 50.000000
0.060295 -0.133850 0.741806 50.000000
0.030273 -0.074306 0.741306 50.000000
0.026270 -0.172880 0.744308 50.000000
0.020265 -0.051288 0.741306 50.000000
-0.020766 -0.018264 0.742307 50.000000
-0.030773 -0.226420 0.745809 50.000000
-0.034276 -0.304478 0.743307 50.000000
-0.040280 -0.212409 0.741306 50.000000
-0.038779 0.060295 0.742307 52.000000
-0.050788 0.037278 0.744809 52.000000
-0.058794 0.092820 0.742807 52.000000
-0.068802 0.113835 0.745809 52.000000
-0.081311 0.059294 0.741806 52.000000
-0.094821 0.012259 0.745309 52.000000
-0.093320 0.046285 0.745309 52.000000
-0.119840 -0.057293 0.742307 50.000000
-0.125844 -0.155367 0.743307 50.000000
-0.125344 0.034276 0.742807 52.000000
-0.157868 -0.132850 0.744308 50.000000
-0.239430 -0.293470 0.743307 50.000000
-0.239930 0.129347 0.743307 50.000000
-0.260445 -0.268451 0.742307 50.000000
-0.260445 0.161371 0.742807 50.000000
-0.258944 0.193395 0.745309 50.000000
-0.270953 0.171379 0.742807 50.000000
-0.267951 0.225419 0.743808 50.000000
0.209407 0.116838 0.749312 51.000000
0.197398 -0.399049 0.750313 50.000000
0.164874 -0.275457 0.750313 53.000000
0.137353 0.040280 0.746810 51.000000
0.138854 0.170378 0.750313 51.000000
0.100826 -0.211409 0.750313 53.000000
0.102827 -0.122842 0.746810 53.000000
0.040781 -0.064298 0.746810 50.000000
0.031273 -0.018764 0.748311 50.000000
0.009257 -0.317988 0.747311 53.000000
0.007255 -0.359520 0.747811 53.000000
-0.017763 0.102827 0.750813 50.000000
-0.044784 -0.280460 0.747811 50.000000
-0.071303 0.079309 0.750313 52.000000
-0.082312 0.046785 0.746310 52.000000
-0.092820 0.067801 0.749312 52.000000
-0.103327 -0.311984 0.749812 50.000000
-0.105329 -0.168877 0.749812 50.000000
-0.104829 -0.156868 0.750313 50.000000
-0.105329 0.022767 0.747811 52.000000
-0.103327 0.056793 0.746310 52.000000
-0.206405 -0.017263 0.746810 50.000000
-0.214911 0.017263 0.746810 50.000000
-0.216913 -0.419565 0.748311 50.000000
-0.239930 -0.407556 0.748311 50.000000
-0.243933 0.083813 0.746810 50.000000
-0.248436 -0.128346 0.746810 50.000000
-0.255442 0.299475 0.750813 50.000000
-0.256442 -0.080811 0.748311 50.000000
-0.265949 0.288967 0.747311 50.000000
-0.268952 0.058294 0.750813 50.000000
0.156367 -0.089317 0.754316 50.000000
0.108331 -0.345009 0.752815 53.000000
0.101826 -0.163373 0.755316 53.000000
0.102827 -0.113835 0.754816 53.000000
0.068802 -0.187391 0.751814 50.000000
0.068802 -0.175382 0.753315 50.000000
0.039279 -0.090318 0.752314 50.000000
0.037278 -0.151364 0.752815 50.000000
-0.008256 -0.203403 0.753815 50.000000
-0.028271 0.112835 0.754316 50.000000
-0.060295 -0.142857 0.752815 50.000000
-0.060796 0.079309 0.752815 52.000000
-0.068802 -0.297973 0.753315 50.000000
-0.100826 0.143358 0.754316 52.000000
-0.101826 -0.096322 0.753315 50.000000
-0.119340 -0.025769 0.752815 52.000000
-0.141356 -0.015762 0.754316 50.000000
-0.167876 -0.088316 0.753815 50.000000
-0.170378 0.051789 0.754316 52.000000
-0.203903 0.038779 0.752815 50.000000
-0.223418 -0.352014 0.753315 50.000000
-0.250938 0.001251 0.753315 50.000000
-0.251939 -0.397548 0.754316 50.000000
-0.255942 -0.058794 0.754316 50.000000
-0.259445 -0.233425 0.752815 50.000000
-0.257943 0.245934 0.751314 50.000000
-0.269452 0.255442 0.754816 50.000000
0.176883 -0.189392 0.759319 53.000000
0.167876 0.025769 0.757318 51.000000
0.077308 -0.254441 0.758319 53.000000
0.071304 -0.079810 0.758819 50.000000
0.063297 0.012760 0.758819 50.000000
0.011258 -0.244433 0.760821 50.000000
-0.063297 0.033275 0.756317 52.000000
-0.072304 0.087816 0.760821 52.000000
-0.100826 -0.073305 0.756317 50.000000
-0.117338 0.030773 0.756317 52.000000
-0.187391 -0.031774 0.759319 50.000000
-0.227921 0.024769 0.756818 50.000000
-0.232424 -0.312985 0.756317 50.000000
-0.238929 0.024268 0.756317 50.000000
-0.242932 0.147361 0.759319 50.000000
-0.247936 0.068301 0.760320 50.000000
-0.253440 0.157868 0.758319 50.000000
-0.269452 0.276457 0.758319 50.000000
0.187891 -0.165874 0.763322 53.000000
0.157368 0.024769 0.761321 51.000000
0.146360 -0.022267 0.764323 51.000000
0.135852 -0.021766 0.762822 51.000000
0.122842 -0.154366 0.764323 53.000000
0.096823 0.156367 0.762322 51.000000
0.080310 -0.141856 0.762322 50.000000
0.049787 -0.069802 0.761321 50.000000
0.034776 -0.205904 0.762322 50.000000
0.032775 -0.245934 0.765824 53.000000
-0.008757 -0.183388 0.765824 50.000000
-0.019765 0.088316 0.764323 50.000000
-0.064799 0.019765 0.762822 52.000000
-0.081811 0.130848 0.763823 52.000000
-0.117838 -0.161871 0.761321 50.000000
-0.143858 -0.203903 0.765824 50.000000
-0.148862 -0.115337 0.763823 50.000000
-0.241931 -0.000751 0.761321 50.000000
-0.250438 -0.109332 0.761321 50.000000
-0.250438 0.033775 0.761321 50.000000
-0.264949 0.008256 0.765324 50.000000
0.154366 -0.219415 0.769827 53.000000
0.143858 -0.192394 0.766325 53.000000
0.099825 -0.207406 0.770328 53.000000
0.103828 -0.012760 0.769827 51.000000
0.051789 0.009257 0.770328 50.000000
0.044283 -0.234926 0.770828 53.000000
0.004253 -0.386040 0.770328 53.000000
-0.008256 -0.170878 0.766325 50.000000
-0.022267 -0.224418 0.770828 50.000000
-0.030273 0.097823 0.768827 50.000000
-0.029272 0.120340 0.766825 50.000000
-0.063798 -0.174381 0.768326 50.000000
-0.068802 -0.052790 0.769327 50.000000
-0.129847 -0.153365 0.769327 50.000000
-0.128847 -0.139855 0.767326 50.000000
-0.128346 -0.128847 0.770828 50.000000
-0.141356 0.015261 0.766825 52.000000
-0.146860 -0.068301 0.768326 50.000000
-0.152364 0.025769 0.767326 52.000000
-0.161871 -0.130348 0.768827 50.000000
-0.208907 0.010758 0.768827 50.000000
-0.233425 -0.014261 0.769327 50.000000
-0.259945 -0.075307 0.766325 50.000000
-0.259945 0.098824 0.770828 50.000000
-0.256943 0.143858 0.770828 50.000000
-0.260445 0.275457 0.766325 50.000000
-0.266450 -0.004253 0.768326 50.000000
0.209407 0.154366 0.771829 51.000000
0.208907 -0.061296 0.774831 50.000000
0.169377 0.239430 0.774331 50.000000
0.162872 -0.427571 0.775832 50.000000
0.102827 -0.060295 0.771829 50.000000
0.069302 -0.120841 0.771328 50.000000
0.050288 -0.038279 0.772830 50.000000
0.045284 -0.184889 0.773830 50.000000
-0.000250 -0.223918 0.772329 50.000000
-0.007756 -0.136853 0.773830 50.000000
-0.020766 -0.186890 0.772830 50.000000
-0.016262 -0.075807 0.773830 50.000000
-0.052790 -0.376032 0.772830 50.000000
-0.064298 -0.364023 0.775832 50.000000
-0.085314 0.072805 0.772329 52.000000
-0.119840 -0.154866 0.774831 50.000000
-0.118839 -0.142857 0.775832 50.000000
-0.124343 -0.231424 0.773330 50.000000
-0.142857 -0.167876 0.772329 50.000000
-0.197898 0.032775 0.775332 50.000000
-0.245934 -0.017263 0.774831 50.000000
-0.243433 0.199400 0.772830 50.000000
-0.259945 -0.322492 0.771328 50.000000
-0.270453 -0.177883 0.772329 50.000000
0.169877 0.311484 0.780335 50.000000
0.121341 -0.222917 0.776833 53.000000
-0.011258 0.062297 0.778834 50.000000
-0.021766 -0.201401 0.776833 50.000000
-0.029272 -0.125844 0.776332 50.000000
-0.077808 -0.204403 0.777833 50.000000
-0.085814 -0.325995 0.780335 50.000000
-0.085314 0.082812 0.776332 52.000000
-0.136853 -0.234426 0.778834 50.000000
-0.155367 -0.329998 0.777833 50.000000
-0.183888 -0.086315 0.779334 50.000000
-0.234926 -0.423568 0.779334 50.000000
-0.250438 -0.066300 0.778334 50.000000
-0.251439 -0.078309 0.776833 50.000000
-0.253440 0.262447 0.780836 50.000000
-0.257443 -0.284463 0.777333 50.000000
-0.261946 -0.204403 0.776332 50.000000
-0.267451 -0.129847 0.779334 50.000000
0.176382 -0.186890 0.783337 53.000000
0.159370 0.300475 0.783337 50.000000
0.132850 -0.162372 0.784839 53.000000
0.119840 -0.290968 0.781336 53.000000
0.121841 -0.175382 0.784839 53.000000
0.104829 0.073805 0.784338 51.000000
0.069302 -0.101326 0.783337 50.000000
0.054291 -0.239430 0.781336 53.000000
0.055291 -0.201401 0.783838 50.000000
0.050288 -0.349012 0.784338 53.000000
-0.029272 -0.338504 0.784338 50.000000
-0.034776 0.025769 0.783838 52.000000
-0.041281 -0.129347 0.783337 50.000000
-0.054791 -0.180385 0.783337 50.000000
-0.063798 0.115337 0.784338 52.000000
-0.063297 0.126345 0.784338 52.000000
-0.091819 -0.034776 0.783337 50.000000
-0.108832 0.068802 0.784338 52.000000
-0.130348 -0.121841 0.784338 50.000000
-0.143358 0.033275 0.782337 52.000000
-0.150363 -0.251439 0.784338 50.000000
-0.187391 -0.421566 0.784839 50.000000
-0.232424 -0.257443 0.783337 50.000000
-0.254441 -0.104829 0.782337 50.000000
-0.262947 -0.195397 0.784839 50.000000
-0.264949 0.282962 0.784839 50.000000
-0.266450 0.229422 0.782337 50.000000
0.153365 -0.267951 0.789842 53.000000
0.065299 -0.230423 0.790343 53.000000
0.067801 -0.140355 0.789342 50.000000
0.061296 -0.351514 0.789842 53.000000
0.026270 -0.067801 0.787841 50.000000
0.010758 -0.203903 0.786340 50.000000
-0.032274 -0.396547 0.786840 50.000000
-0.054291 0.103327 0.788341 52.000000
-0.077808 -0.182387 0.786340 50.000000
-0.099825 0.045284 0.787841 52.000000
-0.128346 -0.252439 0.789842 50.000000
-0.139855 -0.252940 0.789342 50.000000
-0.157868 -0.004754 0.789842 50.000000
-0.172880 -0.065299 0.790343 50.000000
-0.226420 -0.020265 0.788341 50.000000
-0.241931 -0.080811 0.786340 50.000000
-0.259945 0.172880 0.789842 50.000000
-0.256943 0.228421 0.787841 50.000000
-0.263448 -0.057793 0.786340 50.000000
-0.268451 0.036277 0.789342 50.000000
0.129347 -0.352014 0.793845 53.000000
0.120841 -0.204403 0.793345 53.000000
0.105829 0.170378 0.795847 51.000000
0.100826 -0.104829 0.794346 50.000000
-0.024769 -0.221916 0.794346 50.000000
-0.043282 0.124844 0.792344 52.000000
-0.078809 0.043783 0.794346 52.000000
-0.135852 -0.188391 0.792344 50.000000
-0.146360 -0.164874 0.794846 50.000000
-0.185389 -0.067300 0.793845 50.000000
-0.215412 -0.008757 0.793345 50.000000
-0.220916 0.314986 0.793845 50.000000
-0.238929 -0.011258 0.795847 50.000000
-0.249437 -0.418064 0.793345 50.000000
-0.255442 -0.224418 0.793345 50.000000
-0.262947 -0.173380 0.794846 50.000000
0.154866 -0.117838 0.797848 53.000000
0.158869 0.255942 0.799850 50.000000
0.117838 -0.354516 0.798349 53.000000
0.048286 -0.384538 0.797848 53.000000
0.036778 -0.385039 0.797848 53.000000
0.010258 -0.183888 0.798849 50.000000
-0.040781 -0.305479 0.799850 50.000000
-0.050288 -0.265949 0.800851 50.000000
-0.055792 -0.374031 0.796347 50.000000
-0.088817 0.087816 0.799850 52.000000
-0.126345 -0.202902 0.796848 50.000000
-0.144859 -0.140355 0.797848 50.000000
-0.156868 0.039780 0.798349 52.000000
-0.169877 -0.326495 0.796848 50.000000
-0.215412 0.012760 0.799349 50.000000
-0.249437 -0.406055 0.798849 50.000000
-0.250938 0.182387 0.800851 50.000000
-0.249437 0.204904 0.798849 50.000000
-0.254941 0.103327 0.798849 50.000000
-0.269452 -0.228421 0.800350 50.000000
-0.269452 0.248436 0.796848 50.000000
0.187391 -0.157368 0.803353 53.000000
0.158369 0.243933 0.805354 50.000000
0.091319 -0.035777 0.802852 50.000000
0.088817 -0.144859 0.801851 50.000000
0.044283 -0.146860 0.803353 50.000000
-0.048286 -0.225919 0.801351 50.000000
-0.098324 0.131849 0.801851 52.000000
-0.161871 -0.206905 0.801351 50.000000
-0.183388 -0.331499 0.804854 50.000000
-0.202902 0.046785 0.805354 50.000000
-0.237428 0.034276 0.802352 50.000000
-0.247436 0.269952 0.802852 50.000000
-0.251939 -0.295472 0.803353 50.000000
-0.265449 -0.038779 0.801351 50.000000
-0.268952 0.301976 0.803353 50.000000
0.153865 -0.185389 0.809357 53.000000
0.107331 -0.303978 0.807356 53.000000
0.070803 0.032274 0.807856 50.000000
-0.045784 0.098324 0.807356 52.000000
-0.067801 0.097323 0.809357 52.000000
-0.078309 -0.140355 0.807856 50.000000
-0.078309 -0.128346 0.809357 50.000000
-0.159870 -0.158369 0.809357 50.000000
-0.223918 -0.239930 0.806355 50.000000
-0.236928 0.056292 0.806355 50.000000
-0.243433 -0.454091 0.806355 50.000000
-0.261946 0.213910 0.806355 50.000000
-0.266450 -0.029272 0.808857 50.000000
-0.268451 0.111834 0.809357 50.000000
0.186390 -0.305479 0.811859 53.000000
0.164874 -0.198899 0.811358 53.000000
0.131349 -0.200901 0.815862 53.000000
0.131849 -0.186890 0.811859 53.000000
0.082812 0.111333 0.811358 51.000000
0.083312 0.154366 0.815862 51.000000
0.017763 -0.242432 0.814861 50.000000
-0.015261 0.063798 0.812860 50.000000
-0.124844 -0.133350 0.815862 50.000000
-0.123342 -0.119840 0.812860 50.000000
-0.242432 -0.165374 0.811859 50.000000
-0.251439 0.245934 0.814861 50.000000
-0.265449 0.189892 0.815862 50.000000
-0.261946 0.267451 0.815362 50.000000
0.198399 -0.150363 0.816863 53.000000
0.176883 -0.088817 0.818364 53.000000
0.141856 -0.240931 0.817863 53.000000
0.131849 -0.162872 0.816863 53.000000
0.121341 -0.150363 0.816362 53.000000
0.109332 -0.177383 0.820365 53.000000
0.093820 -0.352014 0.819865 53.000000
-0.003753 -0.204904 0.817363 50.000000
-0.022767 -0.369527 0.817863 50.000000
-0.065799 -0.081811 0.818864 50.000000
-0.084313 -0.415562 0.816863 50.000000
-0.103828 -0.159370 0.820365 50.000000
-0.147361 -0.294471 0.819865 50.000000
-0.152364 -0.013260 0.817863 50.000000
-0.172379 0.032775 0.819364 52.000000
-0.228922 -0.272454 0.817363 50.000000
-0.239430 0.278459 0.818864 50.000000
-0.263448 -0.387541 0.816362 50.000000
-0.262947 -0.106330 0.818864 50.000000
-0.270453 -0.196397 0.817863 50.000000
-0.266450 -0.144859 0.819364 50.000000
-0.267951 0.155366 0.817363 50.000000
0.175882 -0.192394 0.825869 53.000000
0.158369 0.272454 0.825869 50.000000
0.126845 -0.439580 0.822867 50.000000
0.120841 -0.165374 0.821866 53.000000
0.095322 -0.284463 0.823868 53.000000
0.082812 -0.325995 0.823368 53.000000
-0.050788 -0.223418 0.824869 50.000000
-0.093820 0.047285 0.821866 52.000000
-0.115337 -0.335001 0.823368 50.000000
-0.123342 -0.097823 0.821366 50.000000
-0.130348 -0.200901 0.823368 50.000000
-0.228922 0.299975 0.824869 50.000000
-0.237428 0.109832 0.823368 50.000000
-0.249437 -0.210908 0.825869 50.000000
-0.252439 -0.118839 0.821366 50.000000
-0.258944 -0.320490 0.825369 50.000000
0.187891 -0.044283 0.829372 50.000000
0.168877 0.325494 0.827871 50.000000
0.033275 -0.415061 0.826870 53.000000
-0.060796 0.069802 0.827871 52.000000
-0.074306 -0.225919 0.828371 50.000000
-0.139855 0.042782 0.830373 52.000000
-0.167876 -0.385039 0.829372 50.000000
-0.199900 -0.477108 0.829372 50.000000
-0.214411 -0.056292 0.827871 50.000000
-0.222417 0.210908 0.830873 50.000000
-0.248937 -0.046285 0.828872 50.000000
-0.254941 -0.266450 0.828872 50.000000
-0.259945 0.141856 0.829372 50.000000
-0.261946 -0.071304 0.826370 50.000000
-0.263948 0.072304 0.829372 50.000000
-0.262947 0.084313 0.827871 50.000000
-0.266450 -0.254441 0.830873 50.000000
-0.268952 0.197898 0.830373 50.000000
0.168376 0.270953 0.835377 50.000000
0.153865 -0.145359 0.835877 53.000000
0.141356 -0.234426 0.832875 53.000000
0.130348 -0.235927 0.835377 53.000000
0.106330 -0.302977 0.833875 53.000000
0.072805 -0.262947 0.834376 53.000000
0.001251 -0.024769 0.835877 50.000000
-0.060796 0.079810 0.834376 52.000000
-0.117838 -0.164874 0.832374 50.000000
-0.128847 -0.153365 0.833875 50.000000
-0.223418 -0.452089 0.834876 50.000000
-0.253440 0.308481 0.835377 50.000000
-0.256442 0.220415 0.832374 50.000000
-0.263948 -0.215912 0.835377 50.000000
0.164874 -0.146360 0.839380 53.000000
0.095322 -0.264949 0.839380 53.000000
0.069802 -0.361521 0.837878 53.000000
0.070303 -0.335001 0.840881 53.000000
0.073805 -0.210908 0.836878 53.000000
0.046285 -0.361521 0.836377 53.000000
0.047786 -0.320991 0.839880 53.000000
-0.063297 -0.426570 0.839380 50.000000
-0.083813 -0.165374 0.837378 50.000000
-0.096322 -0.179885 0.839880 50.000000
-0.160871 -0.105329 0.836377 50.000000
-0.175882 -0.145859 0.839880 50.000000
-0.197898 -0.280460 0.840881 50.000000
-0.198399 0.038279 0.836377 50.000000
-0.259945 -0.299475 0.840380 50.000000
-0.257943 -0.283463 0.836377 50.000000
-0.265449 -0.230423 0.837378 50.000000
-0.262447 -0.050288 0.836878 50.000000
0.153365 -0.174881 0.845884 53.000000
0.147361 0.280961 0.841881 50.000000
0.117338 -0.307481 0.843883 53.000000
0.047786 -0.308982 0.843383 53.000000
0.026270 -0.267951 0.842882 53.000000
0.026770 -0.253940 0.841381 53.000000
-0.094821 -0.343007 0.841881 50.000000
-0.139855 -0.119840 0.844884 50.000000
-0.193395 -0.213910 0.844383 50.000000
-0.193895 -0.059294 0.841381 50.000000
-0.234926 0.034276 0.844884 50.000000
-0.236928 -0.001251 0.842382 50.000000
-0.242932 -0.088316 0.842882 50.000000
-0.247936 -0.429072 0.843383 50.000000
-0.253940 -0.076307 0.842882 50.000000
-0.258444 -0.401551 0.845384 50.000000
0.208406 -0.410058 0.850388 50.000000
0.187391 -0.124343 0.847886 53.000000
0.163373 -0.308481 0.846385 53.000000
0.128346 -0.323993 0.849387 53.000000
0.032775 -0.063798 0.846885 50.000000
0.012259 -0.312484 0.848386 53.000000
0.001251 -0.297973 0.846385 53.000000
-0.024268 -0.342007 0.848386 50.000000
-0.161371 -0.254441 0.850888 50.000000
-0.176883 -0.136352 0.848887 50.000000
-0.197898 -0.099825 0.848887 50.000000
-0.207406 -0.074806 0.846885 50.000000
-0.230423 -0.063798 0.847886 50.000000
-0.244934 -0.246435 0.848386 50.000000
-0.241931 -0.206905 0.849887 50.000000
-0.246435 0.284964 0.848887 50.000000
-0.258444 0.283963 0.850388 50.000000
-0.262447 -0.016763 0.847886 50.000000
-0.266950 0.113335 0.850888 50.000000
0.164373 -0.190393 0.852389 53.000000
0.084313 -0.205904 0.855892 53.000000
0.029272 -0.153365 0.851889 50.000000
-0.108832 0.072304 0.854891 52.000000
-0.123342 0.012760 0.855392 52.000000
-0.130348 0.095822 0.852890 52.000000
-0.183388 -0.217413 0.854391 50.000000
-0.214411 0.240430 0.851889 50.000000
-0.243933 -0.221916 0.853890 50.000000
-0.260946 0.249937 0.855392 50.000000
0.150863 -0.328997 0.859895 53.000000
0.084313 -0.194396 0.859895 50.000000
0.014761 0.132349 0.858394 50.000000
-0.001751 -0.056793 0.858394 50.000000
-0.014261 -0.360520 0.857893 53.000000
-0.130848 -0.311984 0.860395 50.000000
-0.145859 0.022267 0.859395 52.000000
-0.190893 -0.140856 0.858894 50.000000
-0.188892 -0.114836 0.857893 50.000000
-0.241431 -0.466100 0.856893 50.000000
-0.258944 -0.239430 0.860395 50.000000
-0.260946 -0.120340 0.859395 50.000000
-0.259445 0.075807 0.860896 50.000000
-0.261446 -0.266450 0.859895 50.000000
-0.265449 0.158369 0.856392 50.000000
0.189392 0.255442 0.861896 51.000000
0.168376 0.287966 0.864398 50.000000
0.137353 -0.462597 0.863898 50.000000
0.080811 -0.332499 0.865399 53.000000
0.081311 -0.318489 0.864899 53.000000
0.044784 -0.347511 0.865399 53.000000
-0.007255 0.142357 0.862897 50.000000
-0.086815 0.105329 0.865399 52.000000
-0.100325 -0.383538 0.864899 50.000000
-0.155867 0.079810 0.864899 52.000000
-0.167376 -0.129347 0.865399 50.000000
-0.180385 -0.317488 0.864398 50.000000
-0.184889 -0.208406 0.865399 50.000000
-0.186890 -0.235427 0.865399 50.000000
-0.243933 -0.198399 0.862397 50.000000
-0.242932 -0.185889 0.864398 50.000000
-0.241931 0.003753 0.865899 50.000000
-0.249437 -0.120340 0.861396 50.000000
-0.249937 0.293470 0.864398 50.000000
-0.255442 -0.324493 0.865899 50.000000
-0.251439 0.027771 0.864398 50.000000
-0.264949 -0.160370 0.862397 50.000000
-0.262947 0.027270 0.863398 50.000000
-0.264448 0.203403 0.862397 50.000000
0.178884 0.276457 0.866900 50.000000
0.172880 -0.479109 0.866400 50.000000
0.117338 -0.249937 0.866900 53.000000
0.102827 -0.390543 0.867401 53.000000
0.081311 -0.304979 0.866900 53.000000
0.078809 -0.392044 0.869402 53.000000
-0.035276 -0.282462 0.868401 50.000000
-0.070803 -0.283963 0.868401 50.000000
-0.082312 -0.271454 0.869902 50.000000
-0.099825 0.080310 0.870903 52.000000
-0.107330 0.161871 0.867901 52.000000
-0.114836 -0.415061 0.866900 50.000000
-0.152865 -0.261446 0.868401 50.000000
-0.179385 -0.118339 0.869402 50.000000
-0.223418 -0.380535 0.868902 50.000000
-0.232925 -0.199900 0.868401 50.000000
-0.237928 -0.255442 0.870903 50.000000
-0.258944 -0.355517 0.869902 50.000000
-0.267451 -0.175882 0.867901 50.000000
0.138854 -0.337003 0.875907 53.000000
0.030773 -0.395547 0.873405 53.000000
-0.002252 -0.324994 0.873905 53.000000
-0.027270 -0.087315 0.873905 50.000000
-0.065299 -0.399049 0.871404 50.000000
-0.097823 -0.328997 0.871904 50.000000
-0.103327 -0.219415 0.872404 50.000000
-0.145859 -0.319990 0.875407 50.000000
-0.149362 0.006255 0.873405 50.000000
-0.160871 -0.362022 0.871904 50.000000
-0.171879 -0.171879 0.875407 50.000000
-0.247936 -0.060796 0.873405 50.000000
0.045784 -0.297973 0.879410 53.000000
0.031774 -0.368026 0.876908 53.000000
-0.123843 -0.156367 0.876407 50.000000
-0.234926 -0.344008 0.880911 50.000000
-0.243933 -0.152865 0.880410 50.000000
-0.252439 0.324994 0.879410 50.000000
-0.260946 -0.219915 0.878909 50.000000
0.136853 -0.457093 0.881911 50.000000
0.024769 0.194896 0.883913 50.000000
-0.057293 -0.449087 0.881911 50.000000
-0.090318 0.088817 0.884413 52.000000
-0.165374 -0.228421 0.884413 50.000000
-0.172379 -0.326495 0.884914 50.000000
-0.196397 -0.162872 0.881911 50.000000
-0.219415 0.036778 0.881911 50.000000
-0.228421 -0.260445 0.884413 50.000000
-0.244934 -0.450088 0.884413 50.000000
-0.266950 0.045284 0.884413 50.000000
0.232925 -0.446585 0.889917 50.000000
0.189392 0.317488 0.886915 50.000000
0.150863 -0.300976 0.889417 53.000000
0.148361 -0.477108 0.890918 50.000000
0.066300 -0.372529 0.887916 53.000000
-0.007255 -0.117838 0.889917 50.000000
-0.020766 -0.435577 0.888917 50.000000
-0.017263 -0.362022 0.888917 53.000000
-0.030773 -0.131849 0.890918 50.000000
-0.044784 -0.435577 0.886915 50.000000
-0.182387 -0.285965 0.887916 50.000000
-0.252940 -0.091318 0.887416 50.000000
-0.259945 -0.321992 0.890918 50.000000
-0.266950 0.311984 0.890418 50.000000
0.232925 -0.494121 0.892920 50.000000
-0.030773 -0.392544 0.891419 50.000000
-0.185389 -0.140856 0.894921 50.000000
-0.207906 -0.289967 0.892419 50.000000
-0.237428 0.186390 0.893420 50.000000
-0.245434 0.032274 0.892419 50.000000
-0.267451 -0.107331 0.893420 50.000000
-0.268451 0.054791 0.894421 50.000000
-0.269452 0.265949 0.894421 50.000000
0.090818 -0.333000 0.896422 53.000000
0.078809 0.170378 0.896422 50.000000
0.039780 -0.424068 0.900425 53.000000
0.041781 -0.378034 0.897423 53.000000
-0.127846 0.048787 0.896422 52.000000
-0.133850 -0.062797 0.898924 50.000000
-0.225919 -0.338004 0.900926 50.000000
-0.240430 0.150363 0.898924 50.000000
-0.260946 -0.160871 0.899925 50.000000
0.186390 -0.210908 0.901927 53.000000
0.178384 0.248436 0.903928 51.000000
0.145359 0.236928 0.905929 51.000000
0.063798 -0.425069 0.903928 53.000000
0.054291 -0.350513 0.901426 53.000000
-0.080310 0.119840 0.903928 52.000000
-0.091819 0.119340 0.903428 52.000000
-0.113835 -0.512134 0.905429 50.000000
-0.175882 -0.156367 0.903428 50.000000
-0.211909 -0.146360 0.905429 50.000000
-0.230423 -0.384538 0.905429 50.000000
-0.256442 -0.084313 0.905429 50.000000
-0.257443 0.077308 0.904428 50.000000
-0.262947 0.206905 0.904428 50.000000
0.167376 0.269452 0.910433 51.000000
0.053290 -0.382537 0.906430 53.000000
-0.113835 -0.317988 0.906430 50.000000
-0.220415 -0.256442 0.908932 50.000000
-0.237928 0.027771 0.910933 50.000000
-0.244433 -0.387541 0.909432 50.000000
-0.247436 -0.123843 0.908431 50.000000
-0.247936 0.320991 0.910933 50.000000
-0.252439 -0.479109 0.908431 50.000000
-0.260946 -0.287966 0.909932 50.000000
-0.258444 -0.259445 0.908932 50.000000
-0.264949 -0.190893 0.907431 50.000000
0.178384 0.280460 0.911934 50.000000
0.156367 0.269452 0.911434 51.000000
0.065799 -0.355517 0.912434 53.000000
-0.123342 -0.454591 0.912935 50.000000
-0.141356 0.068301 0.912434 52.000000
-0.147861 -0.067300 0.911434 50.000000
-0.166875 0.030273 0.914436 50.000000
-0.210908 -0.432074 0.914936 50.000000
-0.245434 -0.529647 0.915437 50.000000
-0.261946 0.037778 0.913935 50.000000
0.175882 -0.087816 0.920440 53.000000
0.166875 0.245934 0.918439 51.000000
-0.005254 -0.303978 0.918939 53.000000
-0.053290 -0.291969 0.919440 50.000000
-0.175882 0.101326 0.918439 52.000000
-0.191894 0.015762 0.917938 50.000000
-0.205904 -0.203903 0.917938 50.000000
-0.250938 -0.304478 0.916938 50.000000
-0.246435 -0.248436 0.917938 50.000000
-0.251439 -0.153865 0.917938 50.000000
-0.252439 0.228421 0.916437 50.000000
-0.261946 -0.423067 0.917938 50.000000
-0.263948 -0.305479 0.916938 50.000000
-0.262447 0.048787 0.917938 50.000000
-0.261446 0.308481 0.916938 50.000000
-0.266950 -0.182887 0.920941 50.000000
0.065299 -0.347010 0.924443 53.000000
-0.131849 0.064799 0.925944 52.000000
-0.209407 -0.234426 0.923943 50.000000
-0.211909 -0.262447 0.925444 50.000000
-0.220916 -0.378034 0.925444 50.000000
-0.244934 -0.209407 0.923943 50.000000
-0.243433 -0.195397 0.922942 50.000000
-0.248436 -0.263948 0.921441 50.000000
-0.255942 -0.195897 0.921942 50.000000
-0.256943 -0.352514 0.925944 50.000000
-0.257443 0.156367 0.922942 50.000000
0.166875 0.232925 0.926445 51.000000
0.041281 -0.334001 0.926445 53.000000
-0.196397 -0.379034 0.930948 50.000000
-0.228421 0.036277 0.926445 50.000000
-0.253940 -0.458094 0.927946 50.000000
-0.256943 -0.340005 0.930948 50.000000
-0.262447 -0.412559 0.926945 50.000000
-0.264949 0.294971 0.928947 50.000000
-0.267451 -0.460595 0.929447 50.000000
-0.269452 0.189892 0.929947 50.000000
0.174881 -0.182887 0.931949 53.000000
0.113835 -0.307981 0.934451 53.000000
-0.172379 -0.208907 0.934951 50.000000
-0.185389 -0.394046 0.933450 50.000000
-0.220916 -0.197398 0.932950 50.000000
-0.229922 0.046285 0.935452 50.000000
-0.250938 -0.414561 0.932950 50.000000
-0.254441 -0.145859 0.932950 50.000000
-0.253440 0.045784 0.932950 50.000000
-0.270953 0.177383 0.933450 50.000000
0.161371 -0.324994 0.940956 53.000000
0.134351 -0.520140 0.939455 50.000000
0.137353 -0.323493 0.937953 53.000000
0.125844 -0.294471 0.936452 53.000000
0.003753 -0.341006 0.938454 53.000000
-0.078309 -0.272955 0.936452 50.000000
-0.204403 0.083312 0.937953 52.000000
-0.207406 -0.339505 0.939455 50.000000
-0.225919 -0.254441 0.936953 50.000000
-0.233425 -0.186390 0.936953 50.000000
-0.242432 0.056292 0.940956 50.000000
-0.255442 0.032274 0.936452 50.000000
-0.261946 -0.374031 0.940455 50.000000
0.187391 -0.019264 0.941957 50.000000
0.055291 -0.228922 0.942457 53.000000
-0.133350 -0.350513 0.942957 50.000000
-0.158869 -0.169877 0.941456 50.000000
-0.254941 -0.123843 0.944458 50.000000
-0.251439 0.116838 0.941957 50.000000
-0.268952 -0.138354 0.945459 50.000000
0.123343 -0.418064 0.950963 53.000000
0.075306 0.171379 0.946960 50.000000
-0.171379 -0.159370 0.947461 50.000000
-0.186890 -0.385539 0.946960 50.000000
-0.189392 0.200901 0.948962 50.000000
-0.207406 -0.136352 0.950963 50.000000
-0.219415 -0.302477 0.950963 50.000000
-0.249437 0.210408 0.950963 50.000000
-0.254941 0.078309 0.948461 50.000000
0.258944 -0.514136 0.955967 50.000000
0.066300 -0.247936 0.955967 53.000000
0.044283 -0.179885 0.954966 50.000000
0.023768 -0.062297 0.953465 50.000000
-0.087315 0.119840 0.952464 52.000000
-0.194896 0.091819 0.953465 52.000000
-0.197398 0.042782 0.953465 50.000000
-0.235427 -0.334501 0.955467 50.000000
-0.248436 0.002752 0.953965 50.000000
-0.252940 -0.394546 0.953465 50.000000
-0.259445 0.268451 0.952965 50.000000
0.028772 -0.277458 0.956968 53.000000
-0.041281 -0.473605 0.958969 50.000000
-0.115837 -0.445584 0.956467 50.000000
-0.140355 0.006255 0.959470 52.000000
-0.143357 -0.465599 0.960971 50.000000
-0.227921 0.185889 0.958469 50.000000
-0.248937 -0.336502 0.957468 50.000000
-0.247936 0.038779 0.959970 50.000000
-0.258944 0.051288 0.957969 50.000000
-0.269452 0.087315 0.959970 50.000000
0.196898 -0.533650 0.963973 50.000000
0.155367 0.318489 0.962972 50.000000
-0.038779 -0.414061 0.962472 50.000000
-0.138354 -0.376032 0.965974 50.000000
-0.184889 -0.320490 0.964974 50.000000
-0.216412 -0.236427 0.962472 50.000000
-0.248436 -0.461596 0.965974 50.000000
-0.247936 -0.143358 0.964473 50.000000
-0.252940 -0.369027 0.963473 50.000000
-0.251939 -0.355517 0.965974 50.000000
-0.030773 -0.494121 0.968977 50.000000
-0.041281 0.165374 0.967476 52.000000
-0.126845 0.066300 0.967976 52.000000
-0.154366 -0.009757 0.968977 50.000000
-0.241431 -0.384538 0.966475 50.000000
-0.242432 -0.226920 0.969477 50.000000
-0.247936 -0.131349 0.967976 50.000000
0.208907 -0.459595 0.972980 50.000000
0.186890 -0.106330 0.974981 53.000000
0.177383 0.282462 0.975482 51.000000
0.141356 0.045284 0.975482 51.000000
0.143858 0.305479 0.975982 50.000000
0.121341 -0.491619 0.972980 50.000000
-0.145359 -0.061296 0.971979 50.000000
-0.150863 0.100826 0.975982 52.000000
-0.179385 -0.398549 0.974981 50.000000
-0.217413 -0.213910 0.975982 50.000000
-0.220415 0.147361 0.973480 52.000000
-0.232925 -0.256442 0.974981 50.000000
-0.236427 -0.131849 0.972479 50.000000
-0.246435 -0.270953 0.972479 50.000000
-0.250938 -0.159870 0.971979 50.000000
-0.258944 -0.258444 0.974981 50.000000
-0.262947 0.300976 0.972479 50.000000
0.246935 -0.541656 0.976983 50.000000
0.198399 -0.121841 0.980986 53.000000
0.183888 -0.527145 0.980986 50.000000
0.176382 0.116838 0.980485 51.000000
0.146360 -0.494621 0.979985 50.000000
0.022767 -0.404553 0.979985 53.000000
-0.145859 -0.459595 0.979985 50.000000
-0.237928 -0.314986 0.977483 50.000000
-0.245934 0.145359 0.977483 50.000000
-0.247436 0.120340 0.979985 50.000000
-0.251939 -0.317488 0.980485 50.000000
-0.252940 0.020766 0.979985 50.000000
-0.252940 0.288466 0.980986 50.000000
0.199900 0.210908 0.984488 51.000000
0.158869 -0.513135 0.984488 50.000000
-0.071804 -0.277959 0.982487 50.000000
-0.156868 -0.001751 0.985990 50.000000
-0.220415 -0.406055 0.983488 50.000000
-0.238429 -0.303478 0.983488 50.000000
-0.241931 0.276457 0.984488 50.000000
-0.246435 -0.246435 0.982987 50.000000
-0.254941 0.251939 0.984989 50.000000
-0.253940 0.299475 0.985489 50.000000
-0.268952 -0.205904 0.981486 50.000000
0.221916 0.114336 0.989992 51.000000
0.183888 -0.515136 0.988491 50.000000
-0.006255 -0.487115 0.987491 50.000000
-0.155867 -0.403553 0.988992 50.000000
-0.220415 -0.393545 0.988992 50.000000
-0.225419 -0.455091 0.988491 50.000000
-0.250438 0.105829 0.989492 50.000000
-0.261946 0.118339 0.988491 50.000000
0.233925 0.101326 0.994496 51.000000
0.210908 0.255942 0.995497 51.000000
-0.128847 -0.373530 0.993495 50.000000
-0.186890 0.168877 0.992995 52.000000
-0.191394 0.070303 0.992995 52.000000
-0.203903 -0.151364 0.995497 50.000000
-0.208406 -0.395046 0.994996 50.000000
-0.233425 -0.208406 0.995997 50.000000
-0.234426 0.191894 0.991494 50.000000
-0.252940 -0.127346 0.993995 50.000000
-0.258944 -0.524143 0.992995 50.000000
-0.258444 0.214911 0.993495 50.000000
0.145359 -0.520140 0.996998 50.000000
0.135852 -0.336502 0.997999 53.000000
0.056793 -0.491118 1.000000 50.000000
-0.127846 -0.346010 0.998499 50.000000
-0.169877 -0.394046 0.998999 50.000000
-0.167376 -0.163873 0.997498 50.000000
-0.203403 0.093320 0.997999 52.000000
-0.207406 0.017763 0.999500 50.000000
-0.224919 0.166375 0.998999 52.000000
-0.244433 0.297973 0.998499 50.000000
-0.250938 -0.576182 0.998999 50.000000
