-0.449565 -0.224839 -0.098329 50.000000
0.225177 -0.235459 -0.145766 50.000000
0.533165 -0.064827 -0.108241 50.000000
-0.481426 0.094477 0.017786 52.000000
-0.007054 -0.197934 -0.135146 50.000000
-0.327078 0.068280 0.120449 52.000000
-0.521075 -0.266613 0.084341 51.000000
0.660608 0.467604 -0.172671 50.000000
0.467319 -0.321130 -0.079920 53.000000
0.618128 0.315379 0.006458 50.000000
0.684681 0.518581 -0.066468 50.000000
0.257746 -0.108016 -0.088417 50.000000
0.110478 -0.478310 0.064515 50.000000
-0.430449 0.506545 0.309490 50.000000
-0.164234 0.522121 0.097793 50.000000
-0.232911 0.037836 0.060268 52.000000
-0.392215 -0.044295 -0.031067 52.000000
-0.268312 -0.042878 0.015662 52.000000
-0.445317 0.154659 0.048231 52.000000
-0.265481 -0.018098 0.058851 52.000000
-0.130957 -0.140585 -0.094789 50.000000
0.007107 -0.420960 -0.026819 50.000000
-0.324246 -0.299889 -0.027527 51.000000
-0.484259 -0.243248 0.087172 51.000000
-0.620906 0.459107 0.048939 50.000000
-0.138037 0.501588 0.078676 50.000000
0.012771 -0.197934 -0.138686 50.000000
0.160747 0.058368 0.051771 50.000000
-0.036082 -0.412465 -0.017615 50.000000
0.242877 -0.403968 -0.063635 53.000000
-0.584797 -0.230503 0.015662 50.000000
0.563609 0.493800 -0.070008 50.000000
-0.500542 -0.207139 0.022743 50.000000
0.042508 -0.304845 -0.146474 50.000000
0.264826 -0.157577 -0.128773 50.000000
-0.176978 -0.109432 -0.064344 52.000000
0.519005 0.040668 -0.082044 50.000000
0.329964 -0.177402 -0.081337 50.000000
0.474400 -0.376355 -0.053724 53.000000
-0.516119 0.507252 -0.053016 50.000000
-0.599665 0.510085 -0.029651 50.000000
0.308723 -0.257408 -0.096205 50.000000
0.394393 0.487428 0.180631 50.000000
0.572814 -0.208555 -0.038855 53.000000
-0.393632 -0.226255 -0.019031 50.000000
-0.581257 0.403882 0.145230 50.000000
0.099858 -0.187314 -0.162758 50.000000
0.622376 -0.241124 -0.024695 53.000000
-0.189722 0.495924 -0.119569 50.000000
-0.118920 0.494508 -0.178335 50.000000
0.519005 -0.115804 -0.123109 50.000000
0.572814 0.235373 0.027698 50.000000
0.465195 -0.033674 -0.079920 50.000000
-0.341238 0.014472 0.033362 52.000000
-0.439653 -0.098104 -0.022570 52.000000
0.177739 -0.118637 -0.094081 50.000000
0.628747 -0.285729 -0.004870 53.000000
-0.077147 0.245993 0.276213 50.000000
-0.323538 -0.045711 -0.036023 52.000000
0.661317 0.494508 -0.056556 50.000000
-0.079980 0.506545 -0.045935 50.000000
-0.042454 0.530617 0.210368 50.000000
-0.413456 -0.414589 0.088588 51.000000
-0.491338 -0.319714 0.028407 51.000000
0.531041 -0.186606 -0.072132 53.000000
-0.273269 -0.457069 0.097084 51.000000
-0.008469 -0.288561 -0.107533 50.000000
-0.460893 0.508669 -0.032483 50.000000
-0.044579 0.514333 0.244352 50.000000
-0.072899 0.502296 -0.121693 50.000000
0.656360 -0.187314 -0.024695 53.000000
-0.348319 0.500881 -0.101161 50.000000
-0.525324 -0.243956 0.099916 51.000000
-0.106884 0.137666 0.223112 50.000000
0.180572 -0.382019 -0.074964 53.000000
-0.340530 -0.312633 -0.006286 51.000000
-0.183350 -0.423793 0.043275 51.000000
-0.318582 -0.434412 0.091420 51.000000
-0.256984 -0.042878 0.016370 52.000000
-0.052367 -0.230503 -0.069299 50.000000
0.356868 -0.037922 0.048939 50.000000
-0.316458 -0.041462 0.032655 52.000000
0.246418 0.503712 -0.021863 50.000000
0.645740 0.081733 0.056020 50.000000
0.591931 0.115718 -0.016906 50.000000
0.567150 -0.291393 -0.068592 53.000000
-0.869421 -0.238292 0.074427 50.000000
0.484312 0.061909 0.131777 50.000000
-0.144409 -0.363611 0.005042 51.000000
-0.322122 0.483180 -0.003454 50.000000
0.225885 0.515040 0.202579 50.000000
-0.145825 -0.180942 -0.058680 50.000000
-0.223707 -0.212803 -0.033899 50.000000
-0.130248 0.505129 -0.087708 50.000000
0.271906 -0.075447 -0.040979 50.000000
0.477940 -0.306261 -0.129482 53.000000
-0.121753 0.004559 0.067348 52.000000
-0.531695 0.510793 -0.082753 50.000000
0.554406 0.015179 -0.023987 50.000000
0.590515 -0.186606 -0.096205 53.000000
0.382358 -0.116512 -0.071424 50.000000
0.596887 0.217672 -0.012658 50.000000
0.470152 -0.290685 -0.065052 53.000000
0.480064 -0.411756 -0.029651 53.000000
0.703090 0.491676 -0.116029 50.000000
0.361825 -0.303429 -0.154970 53.000000
0.645740 0.500881 -0.070716 50.000000
0.050296 0.522829 -0.031067 50.000000
-0.017673 -0.188730 -0.129482 50.000000
-0.181226 0.518581 0.048231 50.000000
0.272614 0.508669 0.025574 50.000000
0.585558 0.184395 -0.004870 50.000000
-0.277516 -0.050666 0.064515 52.000000
-0.044579 -0.399011 -0.040979 51.000000
-0.552936 0.498756 -0.088417 50.000000
0.584142 0.495217 -0.033899 50.000000
0.097025 0.050580 0.081508 50.000000
-0.277516 0.504420 0.281877 50.000000
-0.639315 0.476808 0.058851 50.000000
-0.614533 0.499464 0.056020 50.000000
-0.739853 0.513624 -0.108241 50.000000
0.261286 0.514333 0.375336 50.000000
0.041092 -0.120761 -0.137978 50.000000
-0.375223 0.500172 -0.176211 50.000000
0.224469 -0.205723 -0.151430 50.000000
-0.392924 0.489552 0.041151 50.000000
0.739198 0.133418 0.155142 50.000000
-0.144409 -0.221299 -0.070008 50.000000
-0.488506 0.513624 0.320111 50.000000
-0.212379 -0.088191 -0.044519 52.000000
0.433335 -0.369983 -0.101869 53.000000
-0.838268 -0.128549 0.099916 50.000000
0.542369 -0.287145 -0.122402 53.000000
0.424838 -0.350867 -0.084877 53.000000
-0.152197 0.500881 -0.165591 50.000000
-0.157861 -0.376355 0.022743 51.000000
0.389437 0.505836 -0.033899 50.000000
-0.449565 0.024384 -0.000622 52.000000
-0.510455 0.101557 0.070180 52.000000
-0.589753 -0.292101 0.097793 50.000000
-0.246364 -0.323962 0.026991 51.000000
-0.194679 -0.344494 -0.082044 51.000000
-0.070067 0.244578 0.337811 50.000000
0.636535 -0.425917 0.048939 53.000000
-0.187598 0.513624 0.189835 50.000000
0.157915 -0.006061 -0.064344 50.000000
0.480772 -0.073323 -0.055140 50.000000
0.482188 0.032172 -0.050183 50.000000
0.255622 -0.148373 -0.115321 50.000000
0.581311 0.483888 -0.137978 50.000000
0.038968 0.499464 -0.025403 50.000000
-0.119629 -0.200058 -0.099036 50.000000
0.487144 0.299095 0.182755 50.000000
-0.557184 -0.348034 0.075136 50.000000
0.385897 -0.166781 -0.048767 50.000000
0.371029 -0.095979 -0.076380 50.000000
0.506968 0.100850 0.065223 50.000000
0.185527 0.500172 -0.157094 50.000000
0.563609 -0.156162 -0.071424 50.000000
-0.581965 0.358568 0.119033 50.000000
-0.918982 -0.141293 0.111953 50.000000
0.157207 -0.187314 -0.144350 50.000000
-0.239992 -0.233336 -0.063635 50.000000
0.206769 -0.226255 -0.127357 50.000000
0.649280 -0.198642 -0.009827 53.000000
-0.612409 0.503005 -0.132313 50.000000
-0.549396 0.280686 0.119742 50.000000
0.317927 -0.041462 -0.000622 50.000000
-0.762509 -0.089608 0.188419 50.000000
-0.132373 0.128463 0.239397 50.000000
0.688929 -0.222007 0.043275 53.000000
0.413510 -0.245371 -0.140810 50.000000
0.379525 -0.217051 -0.095496 50.000000
-0.203883 -0.319006 -0.026819 51.000000
0.041800 -0.149789 -0.157803 50.000000
0.109062 -0.235459 -0.163467 50.000000
-0.177686 -0.321130 0.009290 51.000000
-0.521783 0.188644 0.092128 52.000000
0.077201 0.017303 -0.028943 50.000000
-0.078563 -0.239707 -0.104701 50.000000
0.357576 -0.306969 -0.116029 53.000000
-0.780918 -0.249620 0.101333 50.000000
-0.304422 -0.182358 -0.015491 50.000000
0.138091 0.028631 -0.027527 50.000000
0.333504 -0.333166 -0.147890 53.000000
0.205352 -0.129256 -0.135146 50.000000
-0.323538 -0.118637 0.019203 50.000000
-0.161401 0.085273 0.288957 52.000000
0.060208 0.503712 0.020619 50.000000
-0.289553 0.497341 -0.165591 50.000000
0.409262 -0.106600 -0.099036 50.000000
-0.210255 0.026508 0.060268 52.000000
-0.063695 -0.457069 0.059559 51.000000
0.254206 0.512917 -0.065052 50.000000
0.451035 -0.156162 -0.097621 50.000000
0.595470 -0.338830 -0.130897 53.000000
0.374568 -0.060579 0.022034 50.000000
0.033304 -0.343786 -0.152139 50.000000
0.448203 0.048456 0.125406 50.000000
0.298811 -0.029426 0.018494 50.000000
0.196148 -0.109432 -0.122402 50.000000
-0.400712 0.498048 -0.120985 50.000000
0.540245 -0.341663 -0.094081 53.000000
-0.761802 -0.175986 0.058851 50.000000
-0.121753 -0.340954 -0.002038 51.000000
0.261286 0.030048 0.082924 50.000000
-0.759678 -0.282896 0.053187 50.000000
0.161455 0.501588 0.086464 50.000000
0.084989 0.496632 -0.192495 50.000000
0.405014 -0.246080 -0.129482 50.000000
0.516173 0.515749 -0.030359 50.000000
0.214557 0.003851 0.042567 50.000000
0.475107 0.287058 0.188419 50.000000
0.382358 -0.137044 -0.072132 50.000000
-0.176270 0.503005 -0.065760 50.000000
0.185527 -0.129256 -0.142934 50.000000
-0.518243 -0.173862 0.002210 50.000000
-0.281057 0.500172 0.018494 50.000000
0.014895 0.534157 0.310198 50.000000
0.620959 -0.319714 0.004334 53.000000
0.530333 -0.280065 -0.082044 53.000000
0.574230 0.398925 0.105581 50.000000
-0.053074 0.486720 -0.099036 50.000000
-0.140869 -0.003937 -0.033191 52.000000
0.582727 -0.227671 -0.085584 53.000000
-0.434697 -0.402552 0.077968 51.000000
-0.255568 0.500172 -0.119569 50.000000
-0.351859 -0.215635 -0.004163 50.000000
-0.308670 -0.401136 0.102749 51.000000
-0.319998 -0.394764 0.047523 51.000000
-0.410624 -0.183066 -0.039563 50.000000
0.198272 -0.077572 -0.074964 50.000000
-0.015549 -0.256700 -0.145058 50.000000
0.351204 0.518581 0.118325 50.000000
-0.780918 -0.222715 0.010706 50.000000
-0.493463 -0.129256 0.036902 50.000000
-0.175562 0.505836 0.297454 50.000000
0.319343 0.516457 0.155850 50.000000
-0.145825 0.154659 0.249309 50.000000
0.099149 -0.110848 -0.151430 50.000000
0.370321 -0.156869 -0.084877 50.000000
-0.341238 0.014472 0.033362 52.000000
-0.778794 0.515040 0.191959 50.000000
0.608923 0.408837 0.042567 50.000000
0.465195 0.533449 0.226652 50.000000
0.444663 0.349365 0.136734 50.000000
-0.305837 -0.052083 0.036195 52.000000
0.167119 -0.069075 -0.100453 50.000000
-0.640022 -0.307678 0.125406 50.000000
-0.490630 0.500172 0.225236 50.000000
0.568566 0.209884 0.015662 50.000000
0.137383 -0.253868 -0.171255 50.000000
0.735658 0.167403 0.139565 50.000000
0.300227 -0.464858 -0.019031 53.000000
0.510508 0.262985 0.121157 50.000000
0.168535 -0.346618 -0.116738 50.000000
0.676893 0.506545 -0.168422 50.000000
-0.239992 -0.352991 -0.010534 51.000000
0.632288 0.495217 -0.119569 50.000000
0.578478 -0.229088 -0.060096 53.000000
0.166411 -0.089608 -0.120278 50.000000
-0.526739 -0.173862 0.065223 50.000000
-0.348319 -0.311926 -0.020446 51.000000
0.535289 0.478224 -0.036731 50.000000
-0.666219 0.499464 -0.124526 50.000000
0.368904 -0.197227 -0.098329 50.000000
-0.316458 -0.074031 0.034071 52.000000
0.081449 -0.263780 -0.168422 50.000000
0.542369 -0.114388 -0.069299 50.000000
-0.853844 -0.153329 0.071596 50.000000
-0.364603 0.486012 -0.076380 50.000000
-0.130957 -0.251036 -0.092665 50.000000
-0.443901 -0.249620 -0.004870 51.000000
0.604675 -0.293517 -0.051600 53.000000
-0.256984 -0.308385 -0.032483 51.000000
0.546617 0.495924 -0.193911 50.000000
0.591931 -0.145541 -0.089125 50.000000
0.659901 -0.365735 0.012122 53.000000
0.352621 0.509376 -0.150015 50.000000
-0.419121 0.125630 0.092836 52.000000
0.649280 -0.198642 -0.009827 53.000000
-0.689583 -0.261656 0.150186 50.000000
-0.157154 -0.273692 -0.053016 51.000000
-0.145825 -0.140585 -0.062928 50.000000
0.150126 -0.350867 -0.079920 50.000000
-0.281764 0.505129 -0.040979 50.000000
0.258453 -0.376355 -0.116738 53.000000
-0.099804 -0.013850 -0.028235 52.000000
-0.227956 0.496632 0.051771 50.000000
-0.370975 -0.054915 -0.023279 52.000000
-0.629402 -0.355822 0.130361 50.000000
0.531749 -0.196518 -0.114614 53.000000
0.158623 -0.286437 -0.120985 50.000000
0.100566 -0.457778 0.005750 50.000000
-0.496294 -0.016682 0.039027 52.000000
0.361825 -0.166781 -0.074256 50.000000
0.419174 -0.106600 -0.099745 50.000000
0.199688 -0.309093 -0.084877 50.000000
-0.564264 0.233957 0.133901 50.000000
-0.009885 0.518581 0.061684 50.000000
0.004275 -0.168905 -0.159926 50.000000
-0.082104 -0.210679 -0.077796 50.000000
0.204645 0.488844 -0.187540 50.000000
0.537413 0.125630 -0.009827 50.000000
0.574230 -0.072615 -0.072840 50.000000
-0.239284 -0.139877 -0.011242 50.000000
-0.630110 -0.115804 0.173550 50.000000
-0.215211 -0.117928 0.038319 50.000000
0.128179 -0.310509 -0.181167 50.000000
-0.398588 -0.161826 -0.041688 50.000000
-0.504082 -0.242540 0.071596 51.000000
-0.036082 -0.004646 -0.035315 50.000000
-0.094140 -0.272984 -0.055140 51.000000
0.246418 -0.138461 -0.113197 50.000000
0.138091 -0.226255 -0.134437 50.000000
-0.286013 0.501588 -0.183999 50.000000
0.562902 0.068280 -0.037439 50.000000
0.258453 -0.376355 -0.116738 53.000000
-0.162109 -0.469106 0.046815 51.000000
0.353328 0.479640 -0.134437 50.000000
0.432626 -0.105892 -0.084877 50.000000
0.467319 -0.321130 -0.079920 53.000000
0.185527 -0.090315 -0.136561 50.000000
0.116142 0.503712 0.213908 50.000000
0.070829 -0.178110 -0.136561 50.000000
0.089945 -0.101644 -0.158510 50.000000
-0.480718 0.501588 -0.166298 50.000000
0.550157 0.220505 0.143106 50.000000
-0.657015 -0.066243 0.169302 50.000000
0.463779 -0.054206 -0.084168 50.000000
-0.323538 -0.096688 0.014955 52.000000
-0.285305 0.113594 0.206827 52.000000
-0.208131 0.014472 0.049647 52.000000
0.423422 -0.408924 -0.043811 53.000000
0.163580 0.517164 0.171426 50.000000
0.130302 -0.406092 -0.048767 50.000000
0.128886 -0.284313 -0.144350 50.000000
0.046756 0.525661 0.082217 50.000000
0.444663 0.433619 0.121157 50.000000
-0.036082 -0.130673 -0.147182 50.000000
-0.744809 -0.175986 0.083632 50.000000
-0.041039 -0.342370 -0.080628 51.000000
-0.039622 -0.451405 0.026283 50.000000
0.509801 0.471851 -0.154262 50.000000
-0.219459 -0.118637 -0.003454 50.000000
-0.176270 -0.253160 -0.065052 50.000000
-0.405668 -0.141293 -0.058680 50.000000
-0.406376 0.010223 -0.026111 52.000000
0.503428 -0.061995 -0.048767 50.000000
-0.566389 -0.327502 0.104873 50.000000
0.538829 -0.403968 -0.013367 53.000000
0.400765 -0.378479 -0.111073 53.000000
-0.037498 -0.140585 -0.127357 50.000000
-0.118212 -0.209970 -0.113197 50.000000
-0.407084 -0.151913 -0.053016 50.000000
0.176323 -0.254576 -0.151430 50.000000
-0.035374 0.518581 0.303118 50.000000
0.439706 0.435743 0.087172 50.000000
-0.220167 -0.459901 0.128237 51.000000
0.432626 -0.064827 -0.084877 50.000000
-0.737729 0.495217 -0.043811 50.000000
-0.525324 -0.196518 0.022743 50.000000
-0.654182 0.517873 -0.024695 50.000000
-0.017673 0.540530 0.201871 50.000000
-0.819151 -0.188730 0.091420 50.000000
0.117558 -0.079696 -0.111781 50.000000
-0.360354 -0.108724 -0.018323 50.000000
-0.254860 -0.096688 0.011414 52.000000
0.558654 0.415210 0.032655 50.000000
-0.233620 -0.150498 0.016370 50.000000
0.412802 -0.137044 -0.077089 50.000000
0.419882 0.542654 0.264885 50.000000
-0.119629 0.516457 0.123281 50.000000
-0.591169 0.497341 0.238688 50.000000
-0.067235 -0.179526 -0.121693 50.000000
0.325715 -0.246080 -0.120278 50.000000
-0.014133 0.493092 -0.045935 50.000000
-0.074315 0.311131 0.220279 50.000000
0.142338 0.512917 0.331439 50.000000
-0.812779 -0.301305 0.137441 50.000000
-0.171313 -0.445033 0.114077 51.000000
-0.616657 0.439283 0.120449 50.000000
0.261286 0.514333 0.375336 50.000000
-0.338407 0.491676 -0.189663 50.000000
0.152251 -0.432997 -0.011951 50.000000
-0.292385 0.044916 0.126821 52.000000
0.197564 0.502296 -0.121693 50.000000
0.458823 -0.032258 -0.057971 50.000000
-0.172730 0.132711 0.268425 50.000000
-0.703744 -0.211387 0.083632 50.000000
-0.422661 -0.066243 -0.041688 52.000000
-0.557184 -0.360071 0.074427 50.000000
-0.819151 -0.188730 0.091420 50.000000
0.405722 -0.054206 -0.057971 50.000000
0.362533 -0.442201 -0.027527 53.000000
0.428378 0.020843 0.076552 50.000000
-0.138037 -0.479726 0.117617 51.000000
-0.138037 0.501588 0.078676 50.000000
0.509801 -0.011017 -0.070008 50.000000
-0.026170 0.524245 0.366840 50.000000
-0.016966 -0.198642 -0.133022 50.000000
0.581311 0.021551 0.039027 50.000000
0.459531 0.318919 0.163638 50.000000
-0.539483 -0.208555 0.065932 50.000000
-0.405668 -0.108724 -0.019739 50.000000
0.148002 -0.068367 -0.086293 50.000000
0.235089 -0.177402 -0.135146 50.000000
-0.580549 -0.151913 0.110537 50.000000
0.636535 -0.425917 0.048939 53.000000
0.592639 -0.328210 -0.014782 53.000000
-0.159278 0.503005 0.158682 50.000000
0.012771 -0.197934 -0.138686 50.000000
0.050296 -0.370691 -0.089125 50.000000
-0.468681 -0.310509 0.074427 51.000000
0.250665 -0.390516 -0.087708 53.000000
0.566442 0.430786 -0.039563 50.000000
0.227301 -0.088191 -0.096912 50.000000
0.033304 -0.168198 -0.171255 50.000000
-0.141577 -0.458485 0.056020 51.000000
-0.154321 -0.190854 -0.072132 50.000000
0.061624 -0.305553 -0.131606 50.000000
0.320760 -0.117220 -0.072132 50.000000
0.710878 0.488844 -0.089832 50.000000
-0.203174 -0.234043 -0.028943 50.000000
0.449619 -0.011017 -0.050183 50.000000
-0.343362 -0.018098 0.043983 52.000000
-0.433280 0.059785 0.021326 52.000000
-0.217335 -0.335998 -0.073548 51.000000
-0.203174 -0.234043 -0.028943 50.000000
0.215264 -0.244664 -0.150722 50.000000
-0.220167 -0.285021 -0.053724 51.000000
-0.092723 0.498048 0.234440 50.000000
0.451743 0.074653 0.148062 50.000000
0.137383 -0.109432 -0.122402 50.000000
0.206769 -0.108724 -0.101869 50.000000
0.127470 -0.059871 -0.111073 50.000000
0.160747 -0.403260 -0.067884 50.000000
0.286775 -0.052083 0.002918 50.000000
-0.861632 -0.249620 0.058144 50.000000
0.471567 -0.176694 -0.101161 50.000000
0.539538 0.449903 -0.010534 50.000000
-0.011302 0.512917 0.332147 50.000000
0.261994 -0.331042 -0.069299 53.000000
0.591931 -0.145541 -0.089125 50.000000
-0.626570 -0.101644 0.240104 50.000000
-0.145825 0.502296 -0.130190 50.000000
-0.305129 0.511500 -0.096912 50.000000
0.213849 -0.398304 -0.031067 53.000000
-0.255568 -0.265904 -0.036731 51.000000
-0.142993 -0.055623 -0.012658 52.000000
-0.548688 0.527077 -0.148598 50.000000
0.157915 -0.246080 -0.133730 50.000000
0.286775 -0.108016 -0.103285 50.000000
-0.118920 0.090937 0.233733 50.000000
-0.475054 0.182980 0.148062 52.000000
-0.465850 0.502296 0.287541 50.000000
-0.177686 -0.129965 -0.060804 50.000000
-0.334866 0.496632 -0.110365 50.000000
0.625207 -0.353698 0.016370 53.000000
-0.344071 -0.257408 -0.035315 51.000000
-0.637898 -0.140585 0.087172 50.000000
-0.319998 -0.309093 -0.043811 51.000000
0.127470 -0.224131 -0.190371 50.000000
-0.571344 0.369189 0.166471 50.000000
-0.517535 -0.000397 0.105581 52.000000
-0.807115 0.514333 -0.049476 50.000000
0.590515 -0.113680 -0.054432 50.000000
-0.602497 0.431494 0.248600 50.000000
-0.235744 -0.202891 -0.028943 50.000000
0.519005 0.235373 0.165762 50.000000
0.431211 -0.447157 -0.003454 53.000000
-0.851720 -0.090315 0.157266 50.000000
0.186944 -0.236167 -0.125233 50.000000
0.683973 0.482472 -0.137978 50.000000
-0.811363 -0.164657 0.075136 50.000000
-0.446025 0.504420 0.204703 50.000000
0.583434 0.494508 -0.176211 50.000000
-0.727108 0.494508 -0.162050 50.000000
-0.342654 -0.029426 0.044691 52.000000
0.654236 -0.231919 0.005750 53.000000
-0.821275 -0.129256 0.094252 50.000000
-0.256276 -0.319006 -0.038147 51.000000
-0.361063 -0.030134 0.024159 52.000000
-0.266896 -0.161117 0.017079 50.000000
-0.123169 -0.272277 -0.072132 51.000000
0.194732 0.051997 0.087881 50.000000
0.438290 -0.052790 -0.053724 50.000000
0.223761 -0.253868 -0.167715 50.000000
0.080741 -0.412465 -0.081337 50.000000
-0.433989 -0.120052 -0.039563 50.000000
0.027640 -0.431581 -0.029651 50.000000
0.362533 -0.442201 -0.027527 53.000000
-0.063695 -0.386976 -0.055140 51.000000
-0.021214 -0.374231 -0.067176 50.000000
0.462363 -0.354407 -0.055140 53.000000
-0.077855 -0.269444 -0.110365 51.000000
0.264118 -0.405384 -0.055140 53.000000
-0.491338 -0.360779 0.106288 51.000000
0.254913 0.508669 0.099916 50.000000
-0.117505 -0.274401 -0.036731 51.000000
0.214557 -0.007477 0.039735 50.000000
-0.104052 -0.282896 -0.060096 51.000000
-0.221583 -0.316882 -0.049476 51.000000
-0.682504 0.498048 -0.013367 50.000000
-0.477178 0.512917 0.273382 50.000000
-0.268312 -0.042878 0.015662 52.000000
-0.671176 0.517164 0.094960 50.000000
-0.472930 -0.205723 -0.026111 50.000000
-0.123876 -0.059163 -0.080628 52.000000
0.291023 -0.329626 -0.082753 53.000000
0.267658 0.515040 0.283293 50.000000
0.318635 -0.277941 -0.099036 50.000000
-0.258400 0.017303 0.075844 52.000000
-0.080687 -0.150498 -0.091957 50.000000
-0.067235 -0.140585 -0.125233 50.000000
-0.751181 -0.116512 0.129653 50.000000
0.595470 -0.301305 -0.085584 53.000000
-0.290969 0.502296 -0.051600 50.000000
0.209600 -0.348743 -0.092665 53.000000
-0.363187 0.507252 0.185587 50.000000
-0.529572 -0.256700 0.112661 51.000000
0.011355 -0.298473 -0.110365 50.000000
-0.775962 0.505836 -0.146474 50.000000
0.460948 0.054828 0.068763 50.000000
0.159331 -0.376355 -0.118154 50.000000
-0.090599 -0.002521 -0.017615 52.000000
-0.553644 -0.377771 0.140274 51.000000
-0.651351 0.498048 -0.160634 50.000000
0.080033 -0.178110 -0.136561 50.000000
0.250665 -0.390516 -0.087708 53.000000
-0.516119 -0.352991 0.145230 51.000000
-0.029710 0.517164 0.211784 50.000000
-0.050243 -0.059871 -0.102577 52.000000
-0.147949 0.040668 0.092128 52.000000
0.084989 0.496632 -0.192495 50.000000
-0.123169 0.156075 0.260637 50.000000
-0.332742 -0.447865 0.099916 51.000000
-0.363187 0.507252 0.185587 50.000000
0.588391 -0.294933 -0.028943 53.000000
0.230133 -0.339539 -0.083460 53.000000
-0.889953 -0.103768 0.112661 50.000000
-0.319998 -0.291393 0.003626 51.000000
-0.017673 -0.100936 -0.135854 50.000000
-0.178394 -0.284313 -0.053724 51.000000
-0.123876 0.144747 0.272673 50.000000
-0.547980 -0.281481 0.128945 51.000000
0.383065 -0.279356 -0.076380 50.000000
-0.152197 0.515749 0.199747 50.000000
0.492808 0.304051 0.145230 50.000000
-0.491338 -0.129965 -0.006994 50.000000
-0.542316 0.283518 0.136734 50.000000
-0.601789 0.507960 0.224528 50.000000
0.465903 -0.275817 -0.133022 53.000000
-0.851720 -0.066243 0.124697 50.000000
-0.632234 -0.209970 0.073720 50.000000
-0.122460 -0.140585 -0.083460 50.000000
-0.272560 0.521413 -0.096912 50.000000
0.216681 -0.197227 -0.118861 50.000000
-0.121753 -0.090315 -0.094081 52.000000
0.070121 0.487428 0.084341 50.000000
-0.159985 -0.150498 -0.037439 50.000000
0.389437 -0.247495 -0.100453 50.000000
0.185527 0.500172 -0.157094 50.000000
-0.058739 0.510085 0.110537 50.000000
-0.095556 -0.189438 -0.136561 50.000000
-0.018382 0.510793 -0.158510 50.000000
-0.705160 -0.163950 0.087881 50.000000
-0.206007 -0.087484 -0.020446 52.000000
-0.283181 -0.332458 -0.014782 51.000000
0.174199 -0.467690 0.003626 50.000000
0.081449 -0.365735 -0.128773 50.000000
-0.116088 -0.468397 0.125406 51.000000
-0.513287 0.260154 0.090712 50.000000
-0.729941 -0.212095 0.113369 50.000000
-0.019797 -0.110140 -0.103285 50.000000
0.385897 -0.147665 -0.116029 50.000000
0.168535 -0.355115 -0.127357 50.000000
0.475816 -0.012434 -0.079213 50.000000
0.164287 0.512917 0.198331 50.000000
0.157207 -0.226255 -0.135146 50.000000
0.601135 0.507252 -0.111073 50.000000
-0.055907 0.377685 0.285417 50.000000
0.458823 -0.032258 -0.057971 50.000000
-0.359647 0.084565 0.153726 52.000000
-0.189014 -0.375647 0.009998 51.000000
-0.031834 -0.384143 -0.070716 50.000000
0.090654 -0.346618 -0.119569 50.000000
-0.311501 0.515040 -0.120985 50.000000
-0.367435 0.022967 -0.001330 52.000000
0.531041 0.212008 0.171426 50.000000
0.637952 -0.122885 0.034779 50.000000
0.652113 -0.286437 -0.006286 53.000000
0.306599 -0.073323 -0.007702 50.000000
0.473691 -0.186606 -0.089125 50.000000
0.654236 -0.231919 0.005750 53.000000
-0.036082 0.508669 0.316570 50.000000
0.729994 0.507960 -0.112489 50.000000
0.506968 0.100850 0.065223 50.000000
0.077201 -0.003229 -0.023987 50.000000
0.147295 -0.078987 -0.095496 50.000000
-0.472222 -0.162533 -0.028943 50.000000
-0.646394 0.517873 0.104164 50.000000
-0.116796 -0.219175 -0.123109 50.000000
-0.385136 -0.108724 -0.011242 50.000000
-0.312918 -0.246080 -0.025403 50.000000
0.432626 -0.105892 -0.084877 50.000000
-0.117505 0.510793 -0.103993 50.000000
0.310139 -0.018805 0.020619 50.000000
0.197564 0.502296 -0.121693 50.000000
0.506261 -0.227671 -0.089832 53.000000
-0.663387 -0.328918 0.080092 50.000000
-0.198926 0.037128 0.057435 52.000000
-0.809239 -0.164657 0.132485 50.000000
-0.352566 0.098726 0.174259 52.000000
-0.429033 0.135542 0.080800 52.000000
-0.227956 -0.331042 -0.014075 51.000000
-0.363187 0.085981 0.065932 52.000000
-0.461602 -0.195102 0.013538 50.000000
0.058793 -0.059163 -0.094789 50.000000
0.337752 -0.207139 -0.102577 50.000000
0.092778 0.502296 0.127529 50.000000
0.580603 0.147579 -0.022570 50.000000
-0.311501 -0.129256 0.014955 50.000000
0.594055 0.476099 -0.128773 50.000000
0.602551 -0.134921 -0.051600 50.000000
-0.121753 -0.120052 -0.088417 50.000000
0.192608 0.024384 0.035487 50.000000
0.325008 0.508669 0.093545 50.000000
0.606091 0.194308 -0.016906 50.000000
-0.538067 0.292722 0.121865 50.000000
-0.570637 0.371312 0.122573 50.000000
-0.470806 0.515040 -0.125233 50.000000
-0.689583 -0.261656 0.150186 50.000000
-0.041746 -0.059163 -0.084168 52.000000
-0.037498 -0.110848 -0.130897 52.000000
0.052420 -0.324670 -0.141518 50.000000
0.676893 -0.323254 0.035487 53.000000
0.099858 -0.187314 -0.162758 50.000000
0.128179 -0.025178 -0.043103 50.000000
0.667689 -0.221299 0.012830 53.000000
-0.484966 0.050580 0.034779 52.000000
-0.120336 0.307591 0.322235 50.000000
-0.914734 -0.227671 0.104164 50.000000
0.224469 -0.340246 -0.174086 53.000000
-0.271852 0.092353 0.135317 52.000000
-0.336282 -0.161117 -0.021863 50.000000
0.419882 -0.333166 -0.051600 53.000000
-0.018382 -0.071199 -0.129482 50.000000
-0.290261 -0.171738 0.023450 50.000000
-0.476470 0.478932 -0.011242 50.000000
-0.789415 -0.091024 0.150186 50.000000
-0.099096 -0.076863 -0.024695 52.000000
-0.073607 0.501588 0.010706 50.000000
-0.382303 -0.386976 0.063099 51.000000
-0.067235 -0.140585 -0.125233 50.000000
0.579187 0.049164 -0.015491 50.000000
-0.311501 0.515040 -0.120985 50.000000
0.591222 -0.091024 -0.008410 50.000000
0.510508 0.286351 0.177090 50.000000
0.419882 -0.333166 -0.051600 53.000000
0.146587 -0.149081 -0.151430 50.000000
0.266242 -0.216343 -0.119569 50.000000
-0.084935 -0.208555 -0.139394 50.000000
-0.179102 -0.140585 -0.050892 50.000000
0.519005 -0.248912 -0.082044 53.000000
-0.237868 -0.108724 -0.021155 52.000000
0.469443 0.486720 -0.201699 50.000000
0.090654 -0.369983 -0.093372 50.000000
-0.574177 0.364233 0.093545 50.000000
-0.442485 0.108638 0.047523 52.000000
-0.369559 -0.330334 0.063808 51.000000
0.214557 -0.167490 -0.146474 50.000000
0.551574 0.486720 -0.121693 50.000000
0.099858 -0.158286 -0.145766 50.000000
0.591222 -0.391932 0.060975 53.000000
-0.007054 -0.197934 -0.135146 50.000000
0.467319 -0.399720 -0.036023 53.000000
-0.599665 0.510085 -0.029651 50.000000
0.487144 0.299095 0.182755 50.000000
-0.140161 -0.130673 -0.104701 50.000000
0.206769 -0.265904 -0.126649 50.000000
0.262702 -0.064827 -0.031067 50.000000
-0.162109 -0.297057 -0.019031 51.000000
0.378817 -0.347327 -0.113197 53.000000
0.305183 -0.176694 -0.119569 50.000000
-0.364603 -0.141293 -0.044519 50.000000
0.812124 0.512209 -0.053016 50.000000
0.599010 0.156783 -0.040979 50.000000
-0.626570 -0.197934 0.058851 50.000000
0.299519 -0.040047 0.023450 50.000000
-0.426909 -0.365027 0.052480 51.000000
0.186236 -0.157577 -0.135854 50.000000
-0.690292 0.526369 0.031947 50.000000
-0.113256 -0.200766 -0.069299 50.000000
-0.306546 0.502296 -0.087708 50.000000
0.385897 -0.147665 -0.116029 50.000000
0.110478 -0.452113 -0.027527 50.000000
-0.041746 -0.069075 -0.083460 52.000000
0.031180 0.515040 0.208244 50.000000
-0.072899 0.177316 0.242936 50.000000
0.601843 0.243162 0.001501 50.000000
0.020559 -0.339539 -0.099036 50.000000
-0.802159 -0.226963 0.148062 50.000000
-0.455937 0.493800 -0.000622 50.000000
0.540245 -0.175986 -0.123109 53.000000
-0.123876 -0.059163 -0.080628 52.000000
-0.048827 0.488844 -0.156386 50.000000
-0.327078 -0.452113 0.128945 51.000000
-0.080687 -0.100228 -0.094789 52.000000
0.663441 -0.222007 0.039027 53.000000
-0.323538 -0.045711 -0.036023 52.000000
-0.248488 -0.246080 -0.017615 50.000000
0.119682 -0.333875 -0.142226 50.000000
0.070829 -0.139877 -0.146474 50.000000
0.329964 -0.147665 -0.080628 50.000000
0.405722 -0.028718 0.009290 50.000000
-0.273269 -0.161117 -0.006994 50.000000
0.446079 -0.226255 -0.125233 50.000000
0.264118 0.524245 0.225943 50.000000
-0.148657 -0.015974 -0.050892 52.000000
0.052420 -0.294933 -0.148598 50.000000
-0.105468 -0.159701 -0.050183 50.000000
-0.094848 -0.047835 -0.062220 52.000000
0.034011 0.490968 -0.176919 50.000000
-0.292385 0.508669 0.292498 50.000000
0.175615 -0.309093 -0.193204 50.000000
-0.220875 -0.449281 0.132485 51.000000
0.067997 -0.452113 0.039735 50.000000
-0.361063 -0.161826 -0.012658 50.000000
0.127470 0.528493 0.167178 50.000000
0.610339 0.509376 -0.072840 50.000000
0.703090 0.491676 -0.116029 50.000000
-0.021214 -0.374231 -0.067176 50.000000
0.774599 0.497341 -0.047352 50.000000
-0.099096 -0.076863 -0.024695 52.000000
-0.560724 -0.117928 0.052480 50.000000
0.349080 -0.297765 -0.101161 50.000000
0.467319 -0.321130 -0.079920 53.000000
-0.031126 -0.291393 -0.074256 50.000000
0.021975 -0.168905 -0.141518 50.000000
0.307307 -0.197227 -0.106117 50.000000
0.551574 -0.166074 -0.077796 50.000000
-0.268312 -0.064118 0.019910 52.000000
-0.430449 0.502296 -0.006286 50.000000
0.599010 -0.013141 0.019203 50.000000
0.587682 0.048456 -0.027527 50.000000
-0.289553 0.497341 -0.165591 50.000000
0.402890 -0.085360 -0.072840 50.000000
-0.365311 -0.064827 -0.002746 52.000000
0.118974 -0.255992 -0.137978 50.000000
-0.149366 -0.480434 0.119033 51.000000
-0.669051 0.519997 -0.022570 50.000000
0.109062 -0.285021 -0.144350 50.000000
0.220221 -0.035090 -0.049476 50.000000
-0.453105 -0.215635 -0.050892 50.000000
0.365365 -0.038630 0.029115 50.000000
-0.294509 0.486012 -0.026819 50.000000
0.071536 -0.215635 -0.172671 50.000000
0.019852 0.483180 -0.072840 50.000000
0.372445 -0.238292 -0.077796 50.000000
-0.353983 0.000311 -0.006994 52.000000
0.342708 -0.116512 -0.060804 50.000000
0.460239 0.511500 0.202579 50.000000
0.576354 0.295555 0.033362 50.000000
-0.177686 0.015887 0.066639 52.000000
-0.316458 0.502296 0.017079 50.000000
0.687514 -0.289269 0.032655 53.000000
-0.339114 -0.464149 0.127529 51.000000
0.417758 -0.394056 -0.072840 53.000000
0.072245 0.491676 -0.048059 50.000000
-0.421245 0.120674 0.056020 52.000000
-0.218751 -0.428041 -0.013367 51.000000
0.271198 -0.360071 -0.082753 53.000000
0.581311 0.483888 -0.137978 50.000000
0.240045 -0.076155 -0.057971 50.000000
0.140923 -0.406092 -0.051600 50.000000
0.625207 0.155367 0.015662 50.000000
0.282526 0.525661 0.147354 50.000000
-0.189722 0.493800 -0.188247 50.000000
-0.424076 -0.076863 -0.036023 52.000000
0.506968 -0.238292 -0.088417 53.000000
-0.242824 -0.054206 0.000794 52.000000
-0.225831 0.471851 -0.091957 50.000000
-0.223707 -0.377771 0.018494 51.000000
-0.905530 -0.038630 0.171426 50.000000
-0.160694 -0.285729 -0.031067 51.000000
-0.293801 -0.192978 -0.013367 50.000000
0.185527 -0.100228 -0.137978 50.000000
-0.739145 -0.272277 0.102040 50.000000
0.728579 0.473268 -0.026819 50.000000
0.177739 -0.047835 -0.082753 50.000000
-0.190431 -0.275108 -0.043103 51.000000
-0.700204 -0.091024 0.174966 50.000000
-0.364603 0.486012 -0.076380 50.000000
-0.218043 0.499464 0.063808 50.000000
-0.080687 -0.090315 -0.094081 52.000000
0.558654 -0.145541 -0.048059 50.000000
-0.383720 -0.215635 -0.013367 50.000000
-0.157861 -0.222007 -0.047352 50.000000
0.475816 -0.125716 -0.079920 50.000000
-0.155737 0.489552 0.041859 50.000000
-0.672591 -0.297057 0.140982 50.000000
0.631580 -0.389808 0.034071 53.000000
-0.746225 0.510085 0.185587 50.000000
0.260578 -0.076155 -0.051600 50.000000
-0.024046 -0.016682 -0.055140 50.000000
-0.304422 -0.182358 -0.015491 50.000000
-0.482842 0.515749 -0.125233 50.000000
-0.426201 -0.331042 0.052480 51.000000
0.021975 -0.227671 -0.128773 50.000000
0.774599 0.497341 -0.047352 50.000000
-0.463017 -0.377771 0.051771 51.000000
-0.116088 -0.346618 -0.050892 51.000000
-0.285305 -0.427333 0.043983 51.000000
-0.610286 -0.093148 0.116909 50.000000
0.719374 0.117134 0.133901 50.000000
0.586267 -0.197227 -0.070716 53.000000
-0.559308 0.267234 0.111245 50.000000
-0.057322 0.526369 0.081508 50.000000
0.756899 0.524245 -0.109657 50.000000
0.147295 0.510793 -0.030359 50.000000
-0.416288 0.020136 -0.033191 52.000000
0.029056 -0.385559 -0.054432 50.000000
-0.480718 -0.326085 0.115493 51.000000
0.413510 -0.126425 -0.074964 50.000000
0.531041 0.260154 0.163638 50.000000
0.287483 -0.256700 -0.106825 50.000000
-0.079980 0.039252 0.086464 52.000000
0.613879 0.210592 0.007874 50.000000
0.582727 0.018011 0.000086 50.000000
-0.189722 -0.117928 0.014246 50.000000
0.402181 -0.429457 -0.045228 53.000000
-0.326370 0.034296 0.014955 52.000000
0.390853 -0.348743 -0.102577 53.000000
-0.561432 -0.244664 0.092836 50.000000
0.582727 -0.251036 -0.045935 53.000000
0.147295 -0.263780 -0.161343 50.000000
0.327132 -0.236876 -0.108241 50.000000
-0.522491 -0.207846 0.052480 50.000000
-0.799327 -0.225547 0.109828 50.000000
0.177739 -0.047835 -0.082753 50.000000
0.077201 -0.013141 -0.018323 50.000000
-0.346902 -0.204306 -0.025403 50.000000
0.019852 0.039252 0.082924 50.000000
0.348372 -0.217051 -0.097621 50.000000
0.138798 -0.316882 -0.108949 50.000000
0.322175 -0.400428 -0.092665 53.000000
-0.406376 0.090229 0.004334 52.000000
-0.008469 -0.100936 -0.125233 50.000000
-0.297341 0.505836 -0.076380 50.000000
0.276154 -0.148373 -0.111781 50.000000
0.624500 -0.156162 -0.014075 50.000000
-0.366727 -0.053499 0.002918 52.000000
0.579894 -0.015265 -0.008410 50.000000
-0.171313 -0.445033 0.114077 51.000000
0.139507 0.073237 0.081508 50.000000
-0.752597 -0.297057 0.099916 50.000000
-0.713656 -0.079696 0.139565 50.000000
0.494224 -0.319006 -0.103285 53.000000
-0.050243 0.498048 0.153726 50.000000
-0.798619 -0.176694 0.048231 50.000000
0.225177 -0.313342 -0.151430 50.000000
-0.701620 -0.127840 0.144522 50.000000
0.184820 -0.196518 -0.163467 50.000000
-0.008469 0.020843 0.009998 50.000000
-0.526739 -0.184482 -0.007702 50.000000
-0.018382 -0.149789 -0.121693 50.000000
-0.487090 0.147579 0.066639 52.000000
0.686097 0.506545 -0.138686 50.000000
0.519713 -0.104476 -0.074256 50.000000
-0.440361 -0.410340 0.142398 51.000000
0.099149 -0.139877 -0.147890 50.000000
-0.547980 -0.348743 0.086464 51.000000
0.127470 -0.158286 -0.145766 50.000000
-0.111841 -0.384143 0.002918 51.000000
-0.698080 -0.140585 0.136734 50.000000
-0.333450 0.054121 0.096376 52.000000
-0.194679 -0.340246 -0.021155 51.000000
0.373153 0.519288 0.199039 50.000000
-0.116088 -0.468397 0.125406 51.000000
-0.578425 0.498756 0.151602 50.000000
0.269782 -0.107308 -0.067176 50.000000
0.099858 -0.224839 -0.179751 50.000000
0.367489 0.493800 -0.029651 50.000000
-0.439653 -0.098104 -0.022570 52.000000
-0.041039 -0.321838 -0.080628 51.000000
0.104813 0.505836 0.063808 50.000000
0.642908 -0.316173 -0.040979 53.000000
0.346248 -0.335290 -0.128773 53.000000
-0.484259 -0.243248 0.087172 51.000000
-0.077855 -0.179526 -0.113905 50.000000
0.517589 -0.246080 -0.134437 53.000000
-0.044579 -0.399011 -0.040979 51.000000
0.624500 -0.231212 -0.015491 53.000000
-0.416288 0.050580 0.046107 52.000000
0.664857 0.514333 0.041151 50.000000
0.339876 -0.357947 -0.104701 53.000000
0.555114 0.490968 -0.002746 50.000000
-0.193262 -0.035798 -0.036023 52.000000
0.410678 0.493800 -0.037439 50.000000
-0.367435 -0.402552 0.098500 51.000000
0.060208 -0.382728 -0.070716 50.000000
-0.121753 0.512209 0.036902 50.000000
0.051712 -0.246080 -0.150015 50.000000
-0.375932 -0.040754 0.038319 52.000000
0.591222 0.038544 -0.014075 50.000000
0.185527 -0.090315 -0.136561 50.000000
-0.094140 0.524245 -0.130190 50.000000
0.595470 0.314671 0.009290 50.000000
0.761855 0.507252 0.112661 50.000000
0.573522 -0.166074 -0.035315 50.000000
-0.381596 -0.280065 -0.021863 51.000000
0.254206 -0.245371 -0.145058 50.000000
-0.381596 0.072529 0.047523 52.000000
0.271198 -0.360071 -0.082753 53.000000
-0.499835 0.090229 0.077260 52.000000
0.012064 -0.130673 -0.142226 50.000000
-0.560724 -0.117928 0.052480 50.000000
0.620252 0.035004 0.053895 50.000000
-0.201759 -0.160410 -0.038147 50.000000
0.371029 -0.086067 -0.080628 50.000000
-0.503375 -0.357239 0.063808 51.000000
-0.143701 0.175192 0.225236 50.000000
-0.385136 -0.172445 -0.008410 50.000000
0.400765 0.503712 -0.110365 50.000000
0.140923 -0.406092 -0.051600 50.000000
-0.087059 -0.288561 -0.120985 51.000000
-0.718613 -0.152622 0.119033 50.000000
0.473691 -0.282189 -0.044519 53.000000
0.008523 -0.447865 -0.061512 50.000000
-0.519660 0.516457 0.225943 50.000000
-0.235744 -0.202891 -0.028943 50.000000
0.545909 0.487428 0.068056 50.000000
0.219513 -0.476894 0.057435 53.000000
-0.254152 -0.171738 0.008582 50.000000
-0.376639 0.491676 -0.026819 50.000000
0.531749 -0.389099 -0.041688 53.000000
-0.300173 -0.108016 0.014955 52.000000
0.446787 -0.074031 -0.064344 50.000000
0.196856 0.517164 -0.145058 50.000000
-0.538067 0.292722 0.121865 50.000000
-0.522491 -0.207846 0.052480 50.000000
0.141631 0.504420 0.259221 50.000000
-0.159278 -0.358655 -0.043811 51.000000
0.383065 -0.304138 -0.147890 53.000000
-0.070067 -0.260240 -0.089832 51.000000
0.495640 -0.146249 -0.084877 50.000000
0.421298 -0.328210 -0.104701 53.000000
-0.531695 0.477516 -0.032483 50.000000
-0.741977 0.507960 -0.163467 50.000000
-0.141577 -0.458485 0.056020 51.000000
0.215973 -0.206430 -0.131606 50.000000
0.370321 -0.137044 -0.084168 50.000000
-0.079980 0.039252 0.086464 52.000000
-0.123169 -0.272277 -0.072132 51.000000
-0.259108 -0.085360 0.029823 52.000000
-0.496294 -0.162533 -0.027527 50.000000
-0.749057 -0.238292 0.158682 50.000000
-0.577008 -0.174569 0.028407 50.000000
-0.206007 -0.330334 -0.016199 51.000000
0.663441 0.524953 -0.181167 50.000000
-0.067943 0.520705 0.220988 50.000000
0.058793 -0.049959 -0.099745 50.000000
-0.230080 -0.407508 -0.006994 51.000000
0.050296 -0.071199 -0.133022 50.000000
-0.092723 -0.129965 -0.077796 50.000000
0.616712 0.161031 -0.016906 50.000000
0.031180 -0.081819 -0.137270 50.000000
0.070829 -0.255992 -0.137270 50.000000
0.592639 0.267234 0.009290 50.000000
-0.180518 0.080317 0.247185 52.000000
-0.349735 -0.019514 0.023450 52.000000
-0.830480 -0.116512 0.113369 50.000000
-0.041039 -0.009601 0.027698 50.000000
-0.198926 0.037128 0.057435 52.000000
0.051004 -0.139877 -0.133022 50.000000
-0.414873 0.105805 0.034071 52.000000
-0.175562 -0.033674 -0.012658 52.000000
0.150835 -0.384852 -0.053724 50.000000
0.081449 -0.272984 -0.171255 50.000000
-0.089183 -0.249620 -0.099036 50.000000
0.327132 0.475392 -0.175503 50.000000
0.179156 -0.035090 -0.043811 50.000000
0.359700 -0.106600 -0.084168 50.000000
-0.572761 0.506545 0.046815 50.000000
0.434751 0.389014 0.145230 50.000000
-0.279640 0.497341 -0.162758 50.000000
-0.506915 -0.229088 0.004334 50.000000
0.002151 -0.248204 -0.118154 50.000000
0.358285 -0.386976 -0.123818 53.000000
0.206769 -0.138461 -0.113905 50.000000
0.562902 0.372021 0.008582 50.000000
0.059500 -0.449990 -0.044519 50.000000
-0.537360 -0.207846 0.022743 50.000000
-0.029710 0.517164 0.211784 50.000000
-0.001390 -0.405384 -0.065760 50.000000
0.218805 -0.066951 -0.074964 50.000000
0.382358 -0.319714 -0.086293 53.000000
-0.812779 -0.262364 0.106997 50.000000
-0.227956 -0.087484 -0.019031 52.000000
0.404305 -0.095272 -0.064344 50.000000
0.534581 -0.333166 -0.071424 53.000000
-0.288845 -0.140585 -0.036731 50.000000
0.345540 -0.364319 -0.139394 53.000000
-0.048827 0.512917 -0.026111 50.000000
-0.320706 -0.192978 -0.038855 50.000000
0.205352 -0.177402 -0.143642 50.000000
0.581311 0.021551 0.039027 50.000000
0.666981 -0.144125 0.053895 50.000000
-0.259816 0.510085 -0.156386 50.000000
-0.584797 -0.210679 0.122573 50.000000
-0.784458 -0.287853 0.138858 50.000000
-0.115380 -0.179526 -0.134437 50.000000
-0.397172 -0.129965 -0.006994 50.000000
-0.203883 0.522829 -0.176211 50.000000
-0.467266 -0.108016 -0.008410 50.000000
-0.165649 0.500881 0.112661 50.000000
-0.494170 -0.334582 0.077260 51.000000
-0.029002 -0.268737 -0.103285 50.000000
0.519713 0.476808 0.001501 50.000000
-0.021214 -0.374231 -0.067176 50.000000
0.000735 -0.080403 -0.116029 50.000000
0.550157 0.170943 -0.007702 50.000000
-0.077147 0.342992 0.249309 50.000000
-0.680379 -0.128549 0.126113 50.000000
0.208893 -0.367151 -0.109657 53.000000
-0.022630 -0.396888 -0.052307 50.000000
0.433335 0.001727 -0.021863 50.000000
0.089945 -0.149789 -0.153554 50.000000
-0.239992 0.511500 -0.150015 50.000000
-0.290261 -0.039338 0.068056 52.000000
0.104813 0.504420 0.096376 50.000000
0.418466 -0.356531 -0.123818 53.000000
0.080741 -0.377771 -0.111781 50.000000
-0.330618 -0.129965 -0.001330 50.000000
-0.078563 -0.463442 0.095669 51.000000
-0.263357 -0.118637 -0.001330 50.000000
0.352621 -0.127132 -0.062928 50.000000
-0.395755 0.502296 -0.141518 50.000000
-0.305129 0.511500 -0.096912 50.000000
-0.191846 -0.064118 0.024867 52.000000
-0.009885 -0.309802 -0.093372 50.000000
0.260578 0.493800 -0.117445 50.000000
0.827701 0.527785 -0.050183 50.000000
0.649280 0.507252 -0.015491 50.000000
0.414926 -0.146957 -0.124526 50.000000
0.524669 0.489552 -0.141518 50.000000
-0.770298 -0.091731 0.139565 50.000000
-0.746933 -0.234752 0.056728 50.000000
0.019852 0.039252 0.082924 50.000000
-0.020506 0.517873 0.257804 50.000000
-0.339114 -0.464149 0.127529 51.000000
0.416342 -0.374940 -0.140810 53.000000
-0.133081 0.153951 0.245061 50.000000
-0.332742 0.493092 -0.012658 50.000000
0.033304 -0.168198 -0.171255 50.000000
0.327132 0.475392 -0.175503 50.000000
-0.346195 -0.396888 0.058851 51.000000
0.407138 -0.206430 -0.114614 50.000000
-0.266188 0.502296 -0.178335 50.000000
-0.294509 -0.063411 0.036902 52.000000
-0.006345 -0.178818 -0.145766 50.000000
-0.197510 -0.299181 -0.000622 51.000000
0.519005 -0.248912 -0.082044 53.000000
0.265534 -0.255992 -0.128066 50.000000
-0.505499 0.110762 0.053187 52.000000
-0.385843 -0.086776 -0.008410 52.000000
0.761855 0.507252 0.112661 50.000000
0.595470 -0.301305 -0.085584 53.000000
0.339168 -0.166781 -0.087001 50.000000
0.588391 -0.059163 -0.019031 50.000000
0.616712 -0.270153 -0.087001 53.000000
0.424838 -0.350867 -0.084877 53.000000
0.100566 -0.316173 -0.122402 50.000000
-0.227247 0.506545 0.205411 50.000000
-0.256984 -0.042878 0.016370 52.000000
0.189068 -0.035798 -0.055140 50.000000
-0.481426 0.094477 0.017786 52.000000
-0.213795 0.039252 0.077968 52.000000
0.078617 -0.467690 0.067348 50.000000
-0.432573 -0.321130 0.075844 51.000000
0.216681 -0.078987 -0.108949 50.000000
-0.002805 0.522121 -0.067176 50.000000
-0.231496 0.495217 -0.128066 50.000000
0.030472 -0.299181 -0.095496 50.000000
0.020559 -0.381311 -0.088417 50.000000
0.216681 -0.226963 -0.121693 50.000000
-0.133081 -0.373523 0.000794 51.000000
0.521837 -0.166074 -0.110365 50.000000
-0.603914 -0.197934 0.068763 50.000000
0.450327 -0.086067 -0.101869 50.000000
0.550866 -0.115097 -0.078504 50.000000
0.624500 -0.156162 -0.014075 50.000000
0.061624 -0.197227 -0.146474 50.000000
-0.017673 0.019427 -0.005578 50.000000
0.078617 -0.068367 -0.082044 50.000000
-0.242115 0.093062 0.243645 52.000000
-0.332034 -0.324670 0.005750 51.000000
-0.261940 -0.411048 0.104164 51.000000
0.549450 -0.217759 -0.089125 53.000000
0.513341 -0.095272 -0.101161 50.000000
-0.091308 -0.169614 -0.083460 50.000000
-0.061571 -0.079696 -0.087708 52.000000
0.020559 -0.339539 -0.099036 50.000000
-0.384427 -0.119344 -0.011951 50.000000
0.475816 -0.012434 -0.079213 50.000000
-0.561432 -0.244664 0.092836 50.000000
0.042508 0.036420 0.057435 50.000000
-0.329910 0.014472 0.032655 52.000000
-0.114672 -0.021638 0.012830 52.000000
0.598303 -0.156162 -0.067176 50.000000
-0.273976 -0.182358 -0.001330 50.000000
-0.269728 -0.384143 -0.027527 51.000000
0.510508 0.262985 0.121157 50.000000
-0.334866 -0.171738 -0.026819 50.000000
-0.145825 -0.140585 -0.062928 50.000000
0.475107 0.287058 0.188419 50.000000
-0.402836 -0.260949 0.014246 51.000000
0.225177 -0.293517 -0.147890 50.000000
0.278986 -0.018098 0.035487 50.000000
0.494932 -0.002521 -0.090541 50.000000
0.257038 -0.207139 -0.105409 50.000000
-0.253444 -0.203599 0.005042 50.000000
-0.117505 -0.445033 0.045399 51.000000
0.598303 -0.260240 -0.071424 53.000000
-0.518243 -0.173862 0.002210 50.000000
0.577063 0.497341 -0.062928 50.000000
-0.505499 0.156783 0.046107 52.000000
0.051712 -0.178110 -0.159218 50.000000
0.502012 -0.206430 -0.107533 53.000000
0.118266 -0.168198 -0.156386 50.000000
-0.050243 -0.331042 -0.089125 51.000000
-0.452398 -0.284313 0.020619 51.000000
0.745571 0.528493 0.188419 50.000000
-0.776670 -0.153329 0.092836 50.000000
0.588391 0.398925 0.012122 50.000000
0.472276 0.499464 -0.134437 50.000000
0.421298 -0.318297 -0.101161 53.000000
0.729994 0.507960 -0.112489 50.000000
0.549450 -0.052790 -0.086293 50.000000
-0.256984 -0.064118 0.017079 52.000000
-0.007761 -0.158993 -0.126649 50.000000
0.459531 0.318919 0.163638 50.000000
-0.063695 -0.386976 -0.055140 51.000000
-0.373099 -0.226255 -0.009827 50.000000
0.471567 0.511500 0.116909 50.000000
-0.033958 0.505836 -0.078504 50.000000
0.426962 0.422291 0.086464 50.000000
0.213140 0.510085 -0.035315 50.000000
-0.350442 0.519997 -0.148598 50.000000
0.223761 -0.253868 -0.167715 50.000000
-0.421245 0.521413 -0.095496 50.000000
0.197564 -0.037214 -0.083460 50.000000
-0.338407 0.491676 -0.189663 50.000000
-0.666219 -0.222007 0.058144 50.000000
-0.804283 -0.141293 0.088588 50.000000
0.287483 -0.266613 -0.110365 50.000000
0.181280 0.000311 0.003626 50.000000
0.780263 0.513624 0.086464 50.000000
0.424838 -0.350867 -0.084877 53.000000
0.156499 -0.110140 -0.149306 50.000000
0.032596 -0.236167 -0.148598 50.000000
-0.121753 -0.340954 -0.002038 51.000000
-0.017673 0.008808 -0.005578 50.000000
0.166411 -0.205723 -0.161343 50.000000
0.679725 0.511500 -0.120985 50.000000
-0.473638 0.028631 0.040443 52.000000
0.573522 0.208468 0.139565 50.000000
-0.013426 -0.037214 -0.058680 50.000000
-0.441069 0.495217 -0.139394 50.000000
-0.273976 -0.182358 -0.001330 50.000000
-0.220167 -0.438661 0.060268 51.000000
0.622376 0.114302 -0.032483 50.000000
0.157915 -0.006061 -0.064344 50.000000
-0.059447 0.475392 0.296038 50.000000
0.620959 -0.294933 -0.033899 53.000000
0.500596 -0.256700 -0.116029 53.000000
-0.291677 -0.009601 0.017079 52.000000
0.596179 0.227585 -0.016906 50.000000
-0.426201 0.510793 0.020619 50.000000
-0.105468 -0.159701 -0.050183 50.000000
0.624500 0.093769 -0.023279 50.000000
0.659901 0.238914 0.085048 50.000000
0.337752 -0.287145 -0.111073 50.000000
0.089945 -0.101644 -0.158510 50.000000
0.012064 -0.178818 -0.137270 50.000000
0.548741 0.435743 -0.017615 50.000000
-0.545856 -0.391223 0.155142 51.000000
0.294563 0.451319 0.036902 50.000000
0.593346 0.515040 -0.186831 50.000000
0.524669 0.489552 -0.141518 50.000000
-0.249196 0.514333 0.103457 50.000000
0.417050 -0.032258 -0.051600 50.000000
0.561486 -0.425917 -0.018323 53.000000
-0.257692 0.099434 0.191251 52.000000
0.496348 0.104390 0.192667 50.000000
-0.539483 0.540530 -0.107533 50.000000
0.494224 0.032879 -0.047352 50.000000
0.361116 -0.127132 -0.077796 50.000000
0.552281 0.519997 -0.129482 50.000000
0.400765 0.013055 0.120449 50.000000
0.195440 -0.149081 -0.141518 50.000000
0.061624 -0.285729 -0.131606 50.000000
0.024099 0.008808 -0.002038 50.000000
0.649280 0.484596 -0.007702 50.000000
-0.300173 0.095893 0.158682 52.000000
0.422714 0.523537 0.291790 50.000000
-0.319289 -0.161117 0.001501 50.000000
0.233673 -0.010310 0.001501 50.000000
-0.312210 -0.214219 -0.030359 50.000000
0.800088 0.522829 -0.016906 50.000000
-0.568513 -0.020222 0.145230 52.000000
-0.177686 0.501588 0.112661 50.000000
0.177739 -0.217759 -0.103993 50.000000
-0.227956 0.496632 0.051771 50.000000
-0.011302 -0.069783 -0.091957 50.000000
0.206769 0.493800 -0.143642 50.000000
0.449619 -0.063411 -0.048059 50.000000
0.458823 -0.086067 -0.111073 50.000000
-0.230080 -0.407508 -0.006994 51.000000
-0.640022 -0.307678 0.125406 50.000000
0.569982 -0.134921 -0.046643 50.000000
-0.116796 -0.219175 -0.123109 50.000000
0.502012 -0.196518 -0.105409 53.000000
-0.086352 -0.120761 -0.131606 50.000000
-0.183350 0.527785 0.151602 50.000000
-0.090599 -0.240416 -0.091957 50.000000
0.264826 -0.426624 -0.053016 53.000000
-0.002805 -0.345203 -0.045935 50.000000
-0.169898 0.105805 0.252140 50.000000
0.376693 -0.027302 0.032655 50.000000
0.247834 -0.267320 -0.102577 50.000000
0.747695 0.493092 -0.162758 50.000000
0.449619 -0.236876 -0.108241 50.000000
-0.118920 0.162448 0.224528 50.000000
0.265534 -0.187314 -0.117445 50.000000
-0.273269 -0.392640 0.042567 51.000000
-0.247072 -0.224131 -0.025403 50.000000
0.070829 -0.111556 -0.169839 50.000000
-0.826231 -0.036506 0.228776 50.000000
-0.716489 -0.116512 0.114077 50.000000
-0.872253 -0.052083 0.166471 50.000000
0.119682 -0.365027 -0.131606 50.000000
-0.180518 -0.171030 -0.041688 50.000000
0.070829 -0.348034 -0.104701 50.000000
-0.439653 -0.052790 0.014246 52.000000
-0.553644 -0.377771 0.140274 51.000000
0.618835 0.073944 -0.000622 50.000000
0.014187 -0.001813 -0.009118 50.000000
0.331379 0.476099 -0.141518 50.000000
0.270490 0.017303 0.064515 50.000000
-0.885705 -0.065535 0.133194 50.000000
-0.015549 -0.025178 -0.031775 50.000000
0.235797 -0.246080 -0.128773 50.000000
0.042508 -0.246080 -0.153554 50.000000
-0.135205 0.039252 0.082217 52.000000
-0.091308 0.396802 0.254265 50.000000
-0.368144 0.499464 0.038319 50.000000
-0.254860 -0.213511 -0.042395 50.000000
-0.700204 -0.091024 0.174966 50.000000
0.127470 -0.158286 -0.145766 50.000000
-0.678964 0.512917 0.079384 50.000000
0.376693 0.509376 0.345599 50.000000
-0.530279 -0.233336 0.114785 50.000000
0.613879 -0.176694 -0.011951 53.000000
0.448911 -0.137044 -0.108241 50.000000
-0.131665 -0.110140 -0.094789 52.000000
0.461655 0.369189 0.164346 50.000000
-0.321414 -0.006770 0.049647 52.000000
0.303059 -0.235459 -0.142934 50.000000
0.320760 -0.028718 0.024159 50.000000
0.597595 0.430786 -0.007702 50.000000
-0.138037 -0.479726 0.117617 51.000000
-0.301589 -0.039338 0.069472 52.000000
-0.503375 -0.357239 0.063808 51.000000
0.521837 -0.175986 -0.113197 53.000000
-0.297341 -0.182358 0.004334 50.000000
-0.223707 0.512209 0.180631 50.000000
0.033304 -0.343786 -0.152139 50.000000
0.213140 -0.406800 -0.043811 53.000000
0.159331 -0.034382 -0.025403 50.000000
0.088529 -0.018805 -0.091957 50.000000
0.219513 -0.045711 -0.054432 50.000000
0.118266 -0.034382 -0.025403 50.000000
0.533873 -0.343078 -0.075672 53.000000
0.207476 0.500172 0.078676 50.000000
-0.380179 -0.268737 -0.028235 51.000000
0.531041 0.453443 0.003626 50.000000
0.349788 -0.177402 -0.085584 50.000000
0.577063 0.497341 -0.062928 50.000000
0.233673 -0.148373 -0.152846 50.000000
-0.295217 0.007391 0.087881 52.000000
0.286775 -0.147665 -0.103993 50.000000
-0.058739 0.007391 -0.021863 52.000000
-0.237160 -0.309093 -0.023987 51.000000
0.006399 -0.047126 -0.053016 50.000000
-0.094140 0.524245 -0.130190 50.000000
-0.880041 -0.052790 0.150894 50.000000
0.683265 0.536282 -0.157094 50.000000
-0.255568 -0.234043 -0.037439 50.000000
-0.024046 -0.016682 -0.055140 50.000000
0.443247 0.501588 0.174966 50.000000
0.058793 -0.049959 -0.099745 50.000000
-0.266896 -0.107308 0.014246 52.000000
-0.181226 -0.191563 -0.033191 50.000000
-0.045994 0.511500 -0.063635 50.000000
-0.133788 -0.023053 -0.004870 52.000000
-0.082104 0.467604 0.269841 50.000000
-0.440361 0.510085 0.179923 50.000000
-0.602497 0.503005 -0.090541 50.000000
0.539538 0.149703 0.160098 50.000000
0.453159 -0.146957 -0.087001 50.000000
-0.561432 -0.244664 0.092836 50.000000
0.300935 -0.127132 -0.062220 50.000000
-0.055907 -0.198642 -0.137978 50.000000
-0.327786 0.481056 -0.084168 50.000000
-0.455229 0.480348 -0.041688 50.000000
-0.105468 0.486012 -0.104701 50.000000
-0.715780 -0.272277 0.111953 50.000000
0.038260 0.518581 -0.006994 50.000000
-0.410624 -0.374231 0.036195 51.000000
0.283235 0.500172 -0.101869 50.000000
-0.175562 -0.293517 -0.070008 51.000000
-0.602497 0.509376 0.182047 50.000000
0.582018 -0.176694 -0.045228 53.000000
-0.157154 0.027924 0.079384 52.000000
-0.568513 -0.163241 0.076552 50.000000
-0.174854 -0.425917 0.059559 51.000000
0.090654 -0.357239 -0.115321 50.000000
-0.219459 -0.378479 -0.065052 51.000000
0.109062 -0.120052 -0.123818 50.000000
-0.499835 0.124923 0.073012 52.000000
0.329964 -0.268028 -0.089832 50.000000
0.601135 0.507252 -0.111073 50.000000
-0.814903 -0.189438 0.143814 50.000000
0.224469 -0.215635 -0.147890 50.000000
0.191900 0.495217 -0.006286 50.000000
0.622376 -0.219883 -0.024695 53.000000
-0.148657 0.501588 0.286126 50.000000
0.522545 -0.156162 -0.061512 50.000000
0.220221 -0.319714 -0.077796 50.000000
-0.775962 0.494508 -0.142934 50.000000
-0.632234 -0.258116 0.108413 50.000000
-0.206714 -0.045002 -0.020446 52.000000
0.020559 -0.381311 -0.088417 50.000000
-0.059447 -0.159701 -0.103285 50.000000
0.038968 -0.384852 -0.059388 50.000000
0.239337 0.500881 -0.127357 50.000000
-0.598250 -0.151913 0.086464 50.000000
0.149419 -0.339539 -0.089125 50.000000
0.601135 0.507252 -0.111073 50.000000
-0.341947 -0.277941 -0.044519 51.000000
-0.077855 -0.179526 -0.113905 50.000000
-0.840392 -0.334582 0.070180 50.000000
0.431918 0.427955 0.196915 50.000000
0.662732 -0.294225 -0.049476 53.000000
-0.441777 0.010931 -0.024695 52.000000
-0.230080 -0.353698 -0.005578 51.000000
0.235797 0.495217 -0.173379 50.000000
0.237213 -0.088191 -0.099036 50.000000
-0.181226 -0.348743 -0.036731 51.000000
-0.283889 0.029340 0.085756 52.000000
-0.600374 0.512917 -0.135854 50.000000
0.259870 -0.458485 0.009998 53.000000
-0.039622 -0.299889 -0.093372 51.000000
-0.657015 -0.066243 0.169302 50.000000
0.109062 -0.187314 -0.168422 50.000000
-0.138037 -0.336706 -0.043103 51.000000
-0.761802 -0.175986 0.058851 50.000000
-0.366019 0.010931 -0.005578 52.000000
0.107646 0.018719 -0.016906 50.000000
-0.593293 -0.247495 0.147354 50.000000
0.326424 -0.416005 -0.059388 53.000000
0.075077 0.491676 -0.204532 50.000000
0.634412 0.058368 0.058144 50.000000
-0.030418 0.498756 -0.129482 50.000000
-0.477178 0.037128 0.010706 52.000000
0.317220 -0.418129 -0.044519 53.000000
-0.199635 -0.452113 -0.063635 51.000000
0.180572 -0.382019 -0.074964 53.000000
-0.843932 -0.213511 0.082217 50.000000
-0.482842 0.515749 -0.125233 50.000000
-0.057322 0.526369 0.081508 50.000000
0.156499 -0.253868 -0.162758 50.000000
0.212433 0.498048 -0.036023 50.000000
-0.517535 0.232541 0.069472 50.000000
0.570690 0.300511 0.007166 50.000000
-0.190431 0.522829 0.305242 50.000000
0.467319 0.497341 -0.038147 50.000000
-0.920398 -0.128549 0.113369 50.000000
0.385897 -0.423793 -0.009827 53.000000
0.458823 -0.086067 -0.111073 50.000000
-0.007761 -0.247495 -0.125233 50.000000
-0.200343 -0.418129 0.078676 51.000000
-0.323538 -0.118637 0.019203 50.000000
-0.434697 0.490968 -0.077796 50.000000
-0.494878 0.168112 0.049647 52.000000
-0.533112 0.187936 0.087881 52.000000
0.563609 0.495217 -0.168422 50.000000
-0.640730 0.525661 0.046107 50.000000
0.461655 0.369189 0.164346 50.000000
-0.450273 0.515040 0.334271 50.000000
0.045340 -0.433705 0.065932 50.000000
-0.249196 -0.341663 -0.019031 51.000000
0.109062 -0.110140 -0.117445 50.000000
-0.092723 0.498048 0.234440 50.000000
-0.304422 -0.182358 -0.015491 50.000000
0.517589 -0.397596 -0.058680 53.000000
0.292439 0.481763 0.133901 50.000000
-0.326370 0.494508 0.069472 50.000000
-0.361771 0.013763 0.022743 52.000000
0.081449 0.518581 0.100624 50.000000
-0.084935 0.501588 0.009290 50.000000
-0.059447 0.499464 0.285417 50.000000
-0.341238 -0.064827 -0.006994 52.000000
0.309432 -0.117220 -0.077796 50.000000
-0.575593 -0.258116 0.133194 50.000000
0.318635 -0.061995 0.005042 50.000000
0.458115 0.502296 -0.091957 50.000000
0.147295 0.510793 -0.030359 50.000000
0.629456 -0.357947 -0.052307 53.000000
-0.066527 0.335204 0.272673 50.000000
-0.290261 -0.039338 0.068056 52.000000
-0.024046 -0.236167 -0.162758 50.000000
0.198272 -0.047126 -0.077089 50.000000
-0.450273 -0.141293 -0.025403 50.000000
0.254913 0.508669 0.099916 50.000000
-0.293801 -0.171738 -0.012658 50.000000
-0.096972 -0.209263 -0.121693 50.000000
0.032596 -0.207139 -0.147182 50.000000
0.662025 -0.231212 -0.008410 53.000000
-0.228663 -0.374231 -0.012658 51.000000
-0.892785 -0.128549 0.119742 50.000000
-0.203883 -0.042171 0.029115 52.000000
-0.112548 -0.150498 -0.077796 50.000000
0.487852 -0.001813 -0.074256 50.000000
0.487852 -0.304138 -0.029651 53.000000
0.322175 -0.400428 -0.092665 53.000000
-0.575593 -0.258116 0.133194 50.000000
0.318635 -0.147665 -0.089832 50.000000
0.244294 -0.312633 -0.157094 50.000000
-0.329910 -0.290685 -0.003454 51.000000
-0.513287 -0.387683 0.134610 51.000000
0.490684 -0.186606 -0.109657 53.000000
0.243585 0.510793 -0.070008 50.000000
0.099858 -0.224839 -0.179751 50.000000
-0.088475 0.507960 0.180631 50.000000
0.051712 -0.178110 -0.159218 50.000000
0.348372 -0.156869 -0.097621 50.000000
0.356868 -0.186606 -0.109657 50.000000
-0.244948 -0.075447 0.013538 52.000000
0.142338 -0.455654 -0.006286 50.000000
0.371029 -0.086067 -0.080628 50.000000
0.521837 0.129878 0.196207 50.000000
0.258453 0.514333 0.327899 50.000000
-0.020506 -0.008893 0.036902 50.000000
-0.501251 0.497341 0.213200 50.000000
0.218097 0.496632 0.068763 50.000000
0.282526 -0.300597 -0.063635 50.000000
-0.089892 0.099434 0.308074 50.000000
-0.190431 -0.160410 -0.043811 50.000000
-0.121753 0.004559 0.067348 52.000000
-0.017673 -0.188730 -0.129482 50.000000
-0.227956 0.030048 0.097793 52.000000
0.118974 -0.283605 -0.159926 50.000000
-0.358939 -0.392640 0.017079 51.000000
0.373153 -0.360779 -0.087001 53.000000
-0.678964 0.512917 0.079384 50.000000
-0.418412 -0.008185 0.019203 52.000000
-0.617366 0.503005 0.024159 50.000000
-0.075731 0.301927 0.238688 50.000000
-0.126000 -0.335998 -0.052307 51.000000
-0.309377 -0.411048 -0.000622 51.000000
0.601135 0.332372 -0.016906 50.000000
0.201105 0.514333 0.200455 50.000000
-0.637190 -0.222007 0.086464 50.000000
-0.295217 -0.445033 0.088588 51.000000
-0.048119 -0.130673 -0.115321 50.000000
0.208893 -0.036506 -0.067884 50.000000
0.333504 -0.362903 -0.153554 53.000000
-0.705868 0.495924 0.198331 50.000000
-0.266188 -0.006770 0.058851 52.000000
-0.792246 0.503005 0.048939 50.000000
0.825577 0.537697 -0.095496 50.000000
-0.046703 -0.004646 -0.038147 52.000000
-0.202467 -0.096688 0.023450 52.000000
-0.761802 -0.325378 0.150894 50.000000
-0.659139 0.492384 -0.105409 50.000000
-0.499835 0.090229 0.077260 52.000000
0.230133 -0.369275 -0.094789 53.000000
0.381649 -0.207846 -0.079920 50.000000
-0.086352 0.252366 0.240812 50.000000
-0.400004 -0.055623 -0.043103 52.000000
0.505552 -0.002521 -0.089832 50.000000
-0.455937 0.493800 -0.000622 50.000000
0.714418 0.144747 0.157974 50.000000
-0.877917 -0.153329 0.150894 50.000000
0.117558 -0.129965 -0.142226 50.000000
0.289607 -0.368567 -0.101869 53.000000
-0.652058 -0.336706 0.194083 50.000000
0.715834 0.104390 0.124697 50.000000
0.153667 0.507252 0.266301 50.000000
0.060208 -0.382728 -0.070716 50.000000
0.601135 0.483180 0.041151 50.000000
0.072953 0.498048 -0.063635 50.000000
0.242170 -0.392640 -0.071424 53.000000
-0.851720 -0.066243 0.124697 50.000000
0.266950 0.522829 0.266301 50.000000
0.264826 -0.333166 -0.145058 53.000000
0.520420 -0.146249 -0.117445 50.000000
0.358285 -0.447865 -0.059388 53.000000
0.159331 0.008099 -0.021863 50.000000
-0.602497 0.503005 -0.090541 50.000000
-0.157861 -0.476186 0.092836 51.000000
0.099149 -0.090315 -0.125942 50.000000
0.008523 -0.438661 -0.052307 50.000000
0.254206 -0.264488 -0.147182 50.000000
-0.461602 -0.151913 -0.024695 50.000000
-0.181934 -0.077572 -0.033899 52.000000
-0.737021 -0.176694 0.130361 50.000000
-0.348319 -0.311926 -0.020446 51.000000
-0.050951 -0.110140 -0.092665 52.000000
0.488560 0.068989 0.092128 50.000000
-0.571344 0.369189 0.166471 50.000000
-0.568513 0.503005 -0.079920 50.000000
-0.050243 0.498048 0.153726 50.000000
-0.709408 -0.188023 0.131070 50.000000
0.265534 -0.187314 -0.117445 50.000000
0.158623 -0.024470 -0.037439 50.000000
0.418466 -0.196518 -0.107533 50.000000
0.436875 -0.236167 -0.121693 50.000000
-0.077855 0.513624 0.198331 50.000000
0.382358 -0.137044 -0.072132 50.000000
-0.557184 -0.129256 0.080092 50.000000
0.494224 -0.319006 -0.103285 53.000000
0.069412 -0.421669 -0.020446 50.000000
0.625207 -0.328210 -0.023279 53.000000
-0.449565 -0.224839 -0.098329 50.000000
-0.716489 -0.247495 0.081508 50.000000
-0.432573 0.508669 -0.133022 50.000000
0.561486 0.003143 -0.038147 50.000000
-0.079980 0.017303 0.089296 52.000000
0.411386 -0.369275 -0.106825 53.000000
0.543077 -0.074739 -0.110365 50.000000
-0.038915 -0.229088 -0.102577 50.000000
-0.230080 0.490260 -0.002746 50.000000
-0.129541 0.506545 -0.177627 50.000000
0.233673 -0.417420 -0.045935 53.000000
-0.830480 -0.103768 0.113369 50.000000
0.043924 0.515040 0.207536 50.000000
-0.372391 -0.334582 -0.016199 51.000000
-0.627278 -0.186606 0.060268 50.000000
0.000027 0.492384 -0.113197 50.000000
-0.315041 -0.171738 -0.016906 50.000000
0.481480 0.304759 0.152310 50.000000
0.562902 0.435034 0.101333 50.000000
-0.440361 -0.118637 0.019910 50.000000
0.117558 -0.129965 -0.142226 50.000000
0.413510 -0.126425 -0.074964 50.000000
0.419882 -0.257408 -0.104701 50.000000
0.429794 -0.186606 -0.103285 50.000000
-0.207423 -0.129256 -0.007702 50.000000
0.237921 -0.108016 -0.084168 50.000000
0.081449 0.515040 0.126821 50.000000
0.400058 -0.257408 -0.100453 50.000000
-0.484966 0.050580 0.034779 52.000000
-0.362479 -0.193687 -0.005578 50.000000
-0.368144 -0.248912 0.014955 50.000000
-0.507623 0.508669 -0.119569 50.000000
-0.095556 -0.150498 -0.050892 50.000000
0.136674 -0.091024 -0.151430 50.000000
0.440415 -0.156162 -0.099745 50.000000
-0.533819 -0.267320 0.086464 51.000000
-0.515411 0.510085 0.117617 50.000000
-0.661263 -0.210679 0.079384 50.000000
0.008523 -0.396180 -0.057264 50.000000
-0.557892 0.334496 0.133194 50.000000
0.092069 0.534157 0.267009 50.000000
-0.463017 -0.297765 0.056020 51.000000
0.409262 -0.436537 -0.070008 53.000000
-0.442485 -0.355115 0.067348 51.000000
-0.275393 0.507960 -0.134437 50.000000
0.490684 -0.246788 -0.113197 53.000000
-0.605329 -0.358655 0.174966 50.000000
-0.130957 -0.251036 -0.092665 50.000000
0.469443 0.042084 0.052480 50.000000
0.551574 0.168819 0.048939 50.000000
0.166411 -0.080403 -0.135854 50.000000
0.118266 -0.178110 -0.112489 50.000000
-0.244948 -0.075447 0.013538 52.000000
-0.181226 -0.191563 -0.033191 50.000000
0.459531 -0.000397 -0.054432 50.000000
0.607507 0.228293 -0.016906 50.000000
0.267658 -0.167490 -0.098329 50.000000
0.011355 -0.298473 -0.110365 50.000000
0.464487 0.510085 0.075136 50.000000
-0.399296 0.070405 0.024867 52.000000
-0.325662 -0.151205 -0.019739 50.000000
0.271906 -0.075447 -0.040979 50.000000
-0.627278 -0.209263 0.027698 50.000000
0.572814 -0.251036 -0.040271 53.000000
-0.727108 0.505129 -0.006994 50.000000
0.038260 0.518581 -0.006994 50.000000
0.492808 -0.308385 -0.108949 53.000000
-0.209547 0.510793 0.358343 50.000000
0.034720 0.019427 -0.004870 50.000000
0.158623 -0.286437 -0.120985 50.000000
-0.042454 0.517873 0.214615 50.000000
-0.490630 0.500172 0.225236 50.000000
0.087113 0.000311 0.018494 50.000000
0.581311 -0.175986 -0.090541 53.000000
0.266242 -0.148373 -0.108949 50.000000
0.322884 -0.095979 -0.050183 50.000000
0.278986 -0.006770 0.039027 50.000000
0.487144 0.299095 0.182755 50.000000
0.068705 -0.455654 -0.009827 50.000000
-0.353983 0.509376 -0.177627 50.000000
0.711586 0.529909 0.116201 50.000000
-0.046703 0.475392 0.296746 50.000000
-0.208131 -0.097396 -0.005578 52.000000
0.084281 0.498756 -0.157094 50.000000
0.462363 0.011639 -0.040979 50.000000
-0.098387 0.518581 -0.082044 50.000000
-0.080687 -0.100228 -0.094789 52.000000
0.579187 -0.083943 -0.096205 50.000000
-0.354690 -0.362195 0.050355 51.000000
-0.277516 -0.075447 0.009290 52.000000
0.070121 -0.129965 -0.140810 50.000000
-0.248488 -0.246080 -0.017615 50.000000
-0.194679 -0.192270 -0.019031 50.000000
0.298103 -0.147665 -0.089832 50.000000
-0.421245 0.032879 -0.018323 52.000000
0.586267 0.373437 0.007166 50.000000
-0.584797 -0.235459 0.160098 50.000000
-0.280349 -0.326794 -0.075672 51.000000
0.543077 0.522121 -0.120985 50.000000
-0.552936 -0.032966 0.138149 52.000000
-0.490630 0.498756 0.174966 50.000000
-0.036082 -0.130673 -0.147182 50.000000
-0.279640 0.530617 0.366840 50.000000
-0.174854 0.489552 -0.069299 50.000000
-0.258400 -0.117928 0.027698 50.000000
-0.151489 -0.302014 -0.094789 51.000000
-0.280349 -0.341663 -0.026819 51.000000
-0.042454 0.517873 0.214615 50.000000
0.577063 -0.374940 -0.080628 53.000000
-0.422661 -0.066243 -0.041688 52.000000
-0.418412 -0.405384 0.106997 51.000000
-0.526739 -0.106600 0.063808 50.000000
-0.123876 -0.059163 -0.080628 52.000000
-0.179810 -0.442201 0.093545 51.000000
-0.213087 -0.286437 -0.037439 51.000000
0.250665 0.030755 0.092836 50.000000
-0.599665 0.510085 -0.029651 50.000000
-0.317874 -0.224131 -0.050892 50.000000
-0.411333 0.529909 0.161514 50.000000
0.448911 0.349365 0.242936 50.000000
-0.474346 -0.251036 0.016370 51.000000
0.282526 -0.432289 -0.086293 53.000000
0.051712 -0.246080 -0.150015 50.000000
0.036136 -0.461318 0.026283 50.000000
0.382358 -0.187314 -0.072840 50.000000
0.538121 0.526369 -0.142934 50.000000
0.409262 -0.106600 -0.099036 50.000000
0.080033 -0.207846 -0.117445 50.000000
0.204645 0.026508 0.057435 50.000000
0.041800 -0.217051 -0.135854 50.000000
0.570690 -0.176694 -0.045935 53.000000
0.722206 0.513624 0.022034 50.000000
0.444663 -0.085360 -0.075672 50.000000
0.155791 -0.205015 -0.187540 50.000000
-0.802867 -0.321838 0.083632 50.000000
-0.315041 -0.030842 0.024867 52.000000
0.156499 -0.158286 -0.152846 50.000000
-0.312210 -0.129965 -0.032483 50.000000
0.518297 0.497341 -0.012658 50.000000
0.089945 -0.168198 -0.141518 50.000000
0.514756 0.505129 -0.192495 50.000000
0.441830 -0.338830 -0.107533 53.000000
0.671229 -0.210679 0.023450 53.000000
-0.280349 -0.117928 0.026283 50.000000
0.406429 -0.285729 -0.127357 53.000000
-0.128124 0.477516 0.347723 50.000000
-0.142285 -0.013850 -0.024695 52.000000
0.283942 -0.430872 0.049647 53.000000
-0.077147 -0.219175 -0.122402 50.000000
-0.185474 -0.309093 -0.006994 51.000000
0.726454 0.507252 0.082217 50.000000
-0.255568 -0.234043 -0.037439 50.000000
0.540953 -0.331750 -0.089125 53.000000
0.220221 -0.035090 -0.049476 50.000000
-0.123169 0.156075 0.260637 50.000000
0.566442 -0.435829 0.051771 53.000000
0.361825 -0.303429 -0.154970 53.000000
0.196148 -0.167490 -0.125942 50.000000
0.257746 0.505129 -0.020446 50.000000
0.506968 0.100850 0.065223 50.000000
-0.407792 -0.417420 0.114077 51.000000
-0.589045 -0.220591 0.061684 50.000000
0.448911 -0.137044 -0.108241 50.000000
0.051004 -0.357239 -0.116029 50.000000
-0.263357 -0.343786 -0.003454 51.000000
0.065165 0.011639 0.024867 50.000000
0.417758 -0.236876 -0.115321 50.000000
-0.000681 0.517873 -0.108949 50.000000
-0.225831 0.503712 -0.035315 50.000000
0.473691 -0.054206 -0.087001 50.000000
0.636535 -0.425917 0.048939 53.000000
0.480772 0.010223 -0.057264 50.000000
-0.101928 0.306883 0.259221 50.000000
0.051004 -0.357239 -0.116029 50.000000
0.159331 -0.368567 -0.098329 50.000000
-0.191846 -0.223424 -0.033899 50.000000
0.030472 -0.391932 -0.085584 50.000000
-0.424785 -0.205723 0.008582 50.000000
-0.681088 -0.258824 0.095669 50.000000
-0.156445 0.229001 0.320818 50.000000
0.099149 -0.061995 -0.139394 50.000000
-0.327786 -0.344494 -0.014075 51.000000
0.547326 -0.103768 -0.047352 50.000000
-0.346195 0.493092 -0.156386 50.000000
0.460239 -0.196518 -0.105409 50.000000
0.587682 0.048456 -0.027527 50.000000
0.362533 -0.012434 0.091420 50.000000
-0.033958 0.505836 -0.078504 50.000000
0.004275 -0.226255 -0.159218 50.000000
-0.054491 0.013763 -0.062928 52.000000
0.397934 -0.027302 0.029115 50.000000
0.474400 -0.350158 -0.100453 53.000000
0.780263 0.513624 0.086464 50.000000
0.540953 -0.331750 -0.089125 53.000000
-0.375932 0.498048 -0.079920 50.000000
0.472983 -0.227671 -0.096205 53.000000
-0.116088 -0.431581 0.031238 51.000000
-0.172730 -0.382728 -0.022570 51.000000
-0.157154 0.140499 0.240104 50.000000
0.100566 -0.417420 -0.045935 50.000000
0.127470 -0.100228 -0.134437 50.000000
0.711586 0.529909 0.116201 50.000000
-0.072899 -0.048542 -0.077796 52.000000
0.080741 -0.197227 -0.161343 50.000000
0.059500 -0.438661 -0.048059 50.000000
0.185527 -0.100228 -0.137978 50.000000
-0.447441 -0.260949 0.007166 51.000000
-0.523199 -0.268737 0.131070 51.000000
-0.167774 0.027924 0.077260 52.000000
0.288190 -0.187314 -0.089832 50.000000
-0.474346 -0.338830 0.134610 51.000000
-0.443193 0.085981 0.052480 52.000000
0.517589 0.484596 -0.012658 50.000000
-0.824107 -0.090315 0.161514 50.000000
-0.210255 0.026508 0.060268 52.000000
0.531041 0.173067 0.235857 50.000000
0.074369 0.054121 0.116909 50.000000
0.247834 -0.098104 -0.084877 50.000000
-0.293801 -0.353698 -0.016199 51.000000
-0.078563 -0.239707 -0.104701 50.000000
-0.083519 -0.109432 -0.067884 52.000000
0.285359 -0.352991 -0.145766 53.000000
0.070829 -0.348034 -0.104701 50.000000
0.028347 0.504420 0.305242 50.000000
-0.820567 -0.298473 0.091420 50.000000
0.295271 -0.265904 -0.127357 50.000000
-0.299465 -0.129256 0.009998 50.000000
-0.353275 -0.256700 -0.043103 51.000000
-0.443193 0.085981 0.052480 52.000000
0.713002 0.506545 0.127529 50.000000
-0.775254 -0.116512 0.119033 50.000000
-0.053783 -0.028010 -0.070008 52.000000
0.744155 0.514333 0.188419 50.000000
-0.694540 0.476808 0.134610 50.000000
0.185527 -0.253868 -0.164883 50.000000
-0.460893 0.146163 0.063099 52.000000
-0.316458 -0.074031 0.034071 52.000000
0.780263 0.513624 0.086464 50.000000
-0.353275 0.025800 0.034071 52.000000
-0.640730 0.525661 0.046107 50.000000
0.194732 0.519997 0.349848 50.000000
0.581311 0.300511 0.002918 50.000000
-0.048827 -0.269444 -0.101161 51.000000
0.334212 0.500881 0.187711 50.000000
-0.601789 0.507960 0.224528 50.000000
-0.237160 0.029340 0.085048 52.000000
0.090654 -0.394056 -0.065760 50.000000
0.019852 -0.020929 -0.116029 50.000000
-0.625862 -0.128549 0.125406 50.000000
0.410678 -0.015974 0.038319 50.000000
-0.473638 0.508669 -0.073548 50.000000
0.299519 -0.167490 -0.081337 50.000000
0.413510 -0.245371 -0.140810 50.000000
0.173492 -0.423793 0.001501 50.000000
-0.560724 0.495217 -0.063635 50.000000
-0.111841 0.504420 0.168595 50.000000
0.053836 0.517873 0.302410 50.000000
0.264826 -0.157577 -0.128773 50.000000
-0.293093 0.001727 0.023450 52.000000
0.552990 0.174483 0.160807 50.000000
-0.612409 0.507960 0.127529 50.000000
-0.115380 0.504420 -0.020446 50.000000
0.128179 -0.310509 -0.181167 50.000000
0.023392 0.493092 0.099916 50.000000
0.299519 -0.167490 -0.081337 50.000000
0.052420 -0.314757 -0.145058 50.000000
0.030472 -0.278649 -0.102577 50.000000
0.444663 -0.227671 -0.079213 50.000000
0.225885 -0.118637 -0.113905 50.000000
-0.017673 0.540530 0.201871 50.000000
0.080741 -0.412465 -0.081337 50.000000
-0.155030 -0.241831 -0.068592 50.000000
0.309432 -0.117220 -0.077796 50.000000
-0.199635 -0.452113 -0.063635 51.000000
-0.778086 -0.050666 0.221696 50.000000
0.471567 0.000311 -0.048059 50.000000
-0.083519 0.222629 0.215324 50.000000
0.592639 -0.317590 -0.015491 53.000000
0.109770 -0.315466 -0.126649 50.000000
-0.029002 -0.268737 -0.103285 50.000000
0.011355 -0.091024 -0.134437 50.000000
0.043216 -0.187314 -0.176919 50.000000
0.471567 -0.020929 -0.048059 50.000000
0.236506 -0.275817 -0.122402 50.000000
0.056668 0.538406 0.157266 50.000000
0.651404 0.180148 0.022034 50.000000
0.474400 -0.376355 -0.053724 53.000000
0.281819 -0.391223 -0.082044 53.000000
0.120390 -0.397596 -0.034607 50.000000
0.232257 -0.032966 -0.021863 50.000000
-0.244239 0.501588 0.323651 50.000000
-0.880041 -0.052790 0.150894 50.000000
-0.220875 -0.408924 0.002918 51.000000
-0.106884 0.115010 0.232316 50.000000
0.446079 0.531325 0.183463 50.000000
-0.138745 0.512917 0.193375 50.000000
-0.903406 -0.178110 0.141689 50.000000
0.703797 0.543361 0.036902 50.000000
0.612464 0.060492 -0.021155 50.000000
0.151543 -0.406800 -0.044519 50.000000
-0.506206 0.116426 0.093545 52.000000
0.358992 -0.236876 -0.100453 50.000000
0.080741 -0.187314 -0.178335 50.000000
-0.030418 -0.069783 -0.099745 50.000000
0.527501 -0.125716 -0.087001 50.000000
0.261994 -0.331042 -0.069299 53.000000
0.242170 -0.043586 -0.022570 50.000000
-0.273269 -0.074031 0.042567 52.000000
-0.207423 0.517164 0.241521 50.000000
0.405722 0.503005 -0.145058 50.000000
-0.044579 0.393261 0.293205 50.000000
-0.085644 -0.284313 -0.039563 51.000000
-0.303006 -0.353698 -0.023987 51.000000
0.264826 -0.333166 -0.145058 53.000000
0.434042 0.399633 0.138149 50.000000
-0.884289 -0.177402 0.133901 50.000000
0.640076 0.513624 -0.138686 50.000000
0.289607 -0.368567 -0.101869 53.000000
0.588391 -0.294933 -0.028943 53.000000
-0.511871 -0.162533 0.056728 50.000000
-0.094848 0.114302 0.229484 50.000000
-0.247780 0.068989 0.137441 52.000000
0.009231 -0.019514 -0.100453 50.000000
0.410678 -0.318297 -0.103993 53.000000
0.606799 0.084565 -0.001330 50.000000
0.544493 -0.185898 -0.105409 53.000000
-0.126000 -0.345910 -0.054432 51.000000
0.166411 -0.149081 -0.140102 50.000000
-0.014842 -0.236167 -0.159218 50.000000
0.540953 -0.156162 -0.075672 50.000000
-0.077855 0.493800 -0.176919 50.000000
-0.815611 -0.091731 0.111953 50.000000
0.191900 0.536989 0.272673 50.000000
-0.261940 -0.246788 -0.004870 50.000000
-0.672591 0.510085 0.026991 50.000000
-0.385136 -0.008185 0.025574 52.000000
0.509801 0.117842 0.197623 50.000000
0.204645 -0.253868 -0.169131 50.000000
-0.114672 -0.211387 -0.059388 50.000000
0.487144 -0.105184 -0.076380 50.000000
0.601135 0.483180 0.041151 50.000000
0.540245 0.209177 0.153726 50.000000
-0.304422 -0.257408 -0.016199 51.000000
-0.398588 -0.401136 0.079384 51.000000
-0.097680 -0.229088 -0.113905 50.000000
-0.869421 -0.238292 0.074427 50.000000
-0.565680 0.246702 0.136025 50.000000
0.259870 -0.458485 0.009998 53.000000
-0.319998 -0.291393 0.003626 51.000000
-0.624446 -0.127840 0.158682 50.000000
-0.829063 0.502296 0.034071 50.000000
0.128179 -0.273692 -0.164883 50.000000
-0.308670 -0.323254 0.002918 51.000000
0.502012 0.063325 -0.061512 50.000000
-0.544440 -0.256700 0.118325 51.000000
0.763271 0.497341 -0.082044 50.000000
0.336336 -0.296349 -0.120278 50.000000
-0.194679 -0.234752 -0.014782 50.000000
-0.160694 0.502296 -0.098329 50.000000
-0.111132 0.512209 -0.162050 50.000000
-0.137329 -0.200058 -0.118154 50.000000
-0.380887 0.034296 0.005042 52.000000
-0.420537 -0.085360 0.031947 52.000000
0.304475 -0.435121 -0.067884 53.000000
-0.484966 0.505129 -0.191079 50.000000
0.546617 -0.354407 -0.070008 53.000000
0.305183 -0.176694 -0.119569 50.000000
-0.746225 -0.324670 0.148770 50.000000
-0.091308 -0.159701 -0.088417 50.000000
0.071536 -0.226255 -0.159218 50.000000
-0.077147 0.245993 0.276213 50.000000
0.331379 -0.197934 -0.074256 50.000000
0.424838 0.488136 -0.019031 50.000000
-0.021214 0.512209 0.284001 50.000000
0.579894 0.168819 -0.026819 50.000000
-0.684628 -0.323962 0.170719 50.000000
-0.059447 -0.417420 0.012830 51.000000
0.742031 0.498756 0.007874 50.000000
0.622376 0.231125 -0.006994 50.000000
0.275446 -0.176694 -0.122402 50.000000
0.276862 0.490260 0.082217 50.000000
-0.023338 0.497341 -0.068592 50.000000
-0.666927 0.529909 -0.030359 50.000000
0.368197 -0.246788 -0.107533 50.000000
-0.545148 -0.276525 0.045399 50.000000
-0.336282 -0.381311 0.019203 51.000000
0.423422 0.509376 0.041151 50.000000
0.535289 0.478224 -0.036731 50.000000
0.451035 -0.357947 -0.116029 53.000000
0.587682 0.241038 -0.006994 50.000000
0.019852 0.039252 0.082924 50.000000
0.166411 -0.186606 -0.154262 50.000000
0.669813 -0.177402 0.020619 53.000000
-0.272560 0.521413 -0.096912 50.000000
-0.135205 -0.069075 -0.070716 52.000000
0.621667 -0.287145 0.012122 53.000000
0.536705 0.508669 0.017786 50.000000
0.582018 0.277854 0.059559 50.000000
0.774599 0.497341 -0.047352 50.000000
0.460948 -0.236876 -0.106117 53.000000
-0.842516 -0.271568 0.019203 50.000000
0.081449 -0.304138 -0.146474 50.000000
0.225177 -0.441493 -0.026819 53.000000
0.298811 -0.441493 -0.028943 53.000000
-0.108300 -0.077572 -0.036731 52.000000
0.019852 -0.020929 -0.116029 50.000000
-0.036082 -0.004646 -0.035315 50.000000
-0.441069 0.003143 0.014246 52.000000
0.531041 0.260154 0.163638 50.000000
-0.212379 -0.225547 0.025574 50.000000
0.127470 -0.110140 -0.133730 50.000000
-0.614533 0.499464 0.056020 50.000000
-0.279640 -0.245371 -0.027527 50.000000
0.081449 -0.304138 -0.146474 50.000000
-0.683919 0.505129 -0.113905 50.000000
0.493516 -0.328918 -0.110365 53.000000
-0.243532 -0.017389 0.062392 52.000000
-0.526031 0.207053 0.061684 52.000000
0.431918 -0.292101 -0.040979 53.000000
0.431211 -0.447157 -0.003454 53.000000
0.374568 -0.363611 -0.146474 53.000000
-0.272560 -0.095979 0.041859 52.000000
0.325008 -0.445741 -0.072132 53.000000
0.563609 0.243869 0.203287 50.000000
-0.592586 0.438574 0.172843 50.000000
0.613171 -0.080403 -0.011242 50.000000
0.120390 -0.448573 -0.051600 50.000000
0.080033 -0.101644 -0.162758 50.000000
0.393686 -0.381311 -0.089125 53.000000
0.032596 -0.217051 -0.155679 50.000000
0.225885 -0.128549 -0.113905 50.000000
-0.138037 0.501588 0.078676 50.000000
-0.786582 0.513624 0.136734 50.000000
-0.626570 -0.101644 0.240104 50.000000
-0.035374 -0.401844 -0.019031 50.000000
-0.087059 -0.288561 -0.120985 51.000000
-0.094140 0.483180 -0.111781 50.000000
0.550866 -0.156162 -0.079213 50.000000
-0.577008 -0.174569 0.028407 50.000000
-0.580549 -0.151913 0.110537 50.000000
-0.692416 0.500881 -0.090541 50.000000
0.627331 -0.251036 -0.049476 53.000000
-0.696664 0.476099 0.179214 50.000000
-0.364603 -0.193687 -0.042395 50.000000
0.014187 -0.188023 -0.162050 50.000000
0.049588 -0.396180 -0.053016 50.000000
-0.022630 -0.417420 -0.055140 50.000000
-0.380887 -0.064118 0.014246 52.000000
-0.078563 0.199972 0.302410 50.000000
0.654944 0.517164 0.051771 50.000000
-0.224415 -0.108724 -0.033899 52.000000
0.518297 0.462647 -0.004163 50.000000
0.478648 0.489552 -0.096205 50.000000
-0.067235 0.445655 0.240812 50.000000
0.012771 -0.197934 -0.138686 50.000000
-0.780210 -0.272277 0.067348 50.000000
0.031180 -0.129965 -0.123818 50.000000
0.342000 -0.279356 -0.076380 50.000000
0.138798 0.054828 0.022034 50.000000
0.244294 0.505129 -0.052307 50.000000
0.625207 0.155367 0.015662 50.000000
0.033304 -0.343786 -0.152139 50.000000
-0.359647 0.050580 0.058144 52.000000
0.215264 -0.421669 -0.012658 53.000000
0.041092 -0.359363 -0.099745 50.000000
0.118266 -0.034382 -0.025403 50.000000
0.194732 0.051997 0.087881 50.000000
0.195440 -0.254576 -0.157094 50.000000
0.488560 0.056952 -0.021863 50.000000
0.349080 -0.277941 -0.099036 50.000000
-0.506915 0.221213 0.078676 50.000000
-0.233620 -0.160410 -0.039563 50.000000
0.128179 -0.246080 -0.135854 50.000000
-0.072191 -0.333166 -0.070008 51.000000
0.569982 -0.386976 0.024867 53.000000
0.303059 -0.459194 0.014955 53.000000
-0.544440 0.501588 0.040443 50.000000
0.507677 -0.032258 -0.078504 50.000000
-0.297341 -0.095272 0.053895 52.000000
-0.358231 -0.129965 -0.024695 50.000000
-0.784458 -0.052790 0.170010 50.000000
0.328548 -0.073323 -0.000622 50.000000
-0.254860 -0.096688 0.011414 52.000000
-0.330618 -0.097396 -0.001330 52.000000
-0.324954 0.498756 0.123989 50.000000
0.509801 0.117842 0.197623 50.000000
0.273322 -0.196518 -0.140810 50.000000
0.540953 -0.331750 -0.089125 53.000000
-0.121044 -0.169614 -0.093372 50.000000
0.500596 0.088105 0.153726 50.000000
-0.558600 -0.328210 0.119033 51.000000
-0.457353 -0.023053 -0.045935 52.000000
-0.152197 0.054828 0.123281 52.000000
0.649280 0.507252 -0.015491 50.000000
0.137383 -0.234752 -0.163467 50.000000
-0.101220 -0.394764 0.001501 51.000000
0.246418 0.503712 -0.021863 50.000000
0.213140 -0.406800 -0.043811 53.000000
0.474400 0.306883 0.109121 50.000000
-0.811363 -0.164657 0.075136 50.000000
0.749111 0.516457 -0.055847 50.000000
0.497056 0.517873 0.053187 50.000000
0.054544 0.011639 0.022743 50.000000
0.683265 0.512917 0.111953 50.000000
0.395101 0.502296 -0.145766 50.000000
0.139507 0.046332 0.040443 50.000000
0.192608 0.024384 0.035487 50.000000
-0.508331 -0.378479 0.160807 51.000000
0.230133 -0.339539 -0.083460 53.000000
-0.493463 0.144747 0.048231 52.000000
-0.151489 0.209884 0.281877 50.000000
