-0.596887 0.217672 -0.012658 50.000000
0.403544 0.497341 0.381000 50.000000
-0.521837 -0.105892 -0.111073 50.000000
-0.114725 0.495216 -0.072840 50.000000
0.007054 -0.439369 0.023450 51.000000
-0.222345 -0.021638 -0.007702 50.000000
0.170606 0.094477 0.260637 52.000000
-0.521837 -0.176694 -0.065052 53.000000
-0.293147 0.507252 -0.116738 50.000000
0.855260 -0.079696 0.102749 50.000000
-0.620959 0.141206 0.000086 50.000000
0.472222 0.481763 -0.186123 50.000000
-0.274030 -0.384143 -0.057264 53.000000
0.169898 0.051288 0.089296 52.000000
-0.528209 -0.136337 -0.127357 50.000000
0.369559 0.493800 0.099209 50.000000
-0.230133 -0.369275 -0.094789 53.000000
0.403544 0.497341 0.381000 50.000000
0.019090 -0.269444 -0.099745 51.000000
0.210255 -0.140585 -0.050892 52.000000
-0.089945 -0.101644 -0.158510 50.000000
0.264772 -0.318297 -0.049476 51.000000
0.002805 0.522121 -0.067176 50.000000
0.003513 0.507252 0.182755 50.000000
0.473638 0.013763 0.002918 52.000000
0.240700 0.003143 0.043275 52.000000
0.110424 -0.190146 -0.092665 50.000000
0.022630 -0.396888 -0.052307 51.000000
-0.023392 0.493092 0.099916 50.000000
0.814195 -0.201475 0.111245 50.000000
-0.520420 -0.011017 -0.071424 50.000000
-0.547326 -0.103768 -0.047352 50.000000
0.029710 -0.319714 -0.095496 51.000000
0.056615 -0.248204 -0.128066 51.000000
0.172730 -0.382728 -0.022570 51.000000
0.096263 0.522121 0.267009 50.000000
-0.041799 -0.276525 -0.134437 50.000000
-0.092778 0.513624 0.123989 50.000000
-0.326423 0.492384 -0.096912 50.000000
-0.369613 -0.348034 -0.108241 53.000000
0.493463 -0.129256 0.036902 52.000000
0.225832 0.503712 -0.035315 50.000000
-0.163579 0.517164 0.171426 50.000000
0.190431 -0.399011 0.018494 51.000000
-0.247125 -0.197227 -0.102577 50.000000
0.786582 0.510793 -0.094789 50.000000
-0.500597 0.020136 -0.066468 50.000000
-0.354745 -0.028010 0.031947 50.000000
0.770298 -0.091731 0.139565 50.000000
-0.574938 0.183688 -0.003454 50.000000
0.050243 0.498048 0.153726 50.000000
0.683919 0.505129 -0.113905 50.000000
-0.214557 0.003851 0.042567 50.000000
-0.302351 -0.411756 -0.085584 53.000000
-0.295271 -0.425917 -0.058680 53.000000
-0.192608 0.024384 0.035487 50.000000
-0.120390 -0.409632 -0.025403 50.000000
-0.253498 -0.166781 -0.149306 50.000000
-0.765395 0.498756 0.084341 50.000000
-0.169243 -0.055623 -0.033899 50.000000
-0.198272 -0.336706 -0.111781 50.000000
0.176270 0.514333 0.194083 50.000000
-0.221637 -0.372815 -0.064344 53.000000
-0.205352 0.503712 -0.179043 50.000000
-0.564318 -0.114388 -0.069299 50.000000
0.315041 -0.030842 0.024867 52.000000
-0.435459 -0.350867 -0.087708 53.000000
0.421952 0.081733 0.019910 52.000000
0.880040 -0.115804 0.123989 50.000000
-0.427671 0.505129 -0.077796 50.000000
-0.099857 -0.224839 -0.179751 50.000000
-0.117558 -0.129965 -0.142226 50.000000
-0.286066 -0.062703 -0.000622 50.000000
-0.664149 0.158907 0.027698 50.000000
-0.079324 0.524245 0.279753 50.000000
-0.642200 -0.389099 0.029115 53.000000
-0.424838 -0.350867 -0.084877 53.000000
0.654183 -0.078987 0.162930 50.000000
-0.146586 -0.149081 -0.151430 50.000000
-0.297395 0.476099 -0.169839 50.000000
0.444610 -0.040046 0.031238 52.000000
0.581965 -0.340246 0.111245 51.000000
-0.577770 0.175191 0.010706 50.000000
0.400004 -0.151913 0.004334 52.000000
0.294509 0.500172 0.091420 50.000000
0.746225 0.510085 0.185587 50.000000
-0.394393 0.487428 0.180631 50.000000
-0.264826 -0.426624 -0.053016 53.000000
0.119629 -0.056330 -0.028235 52.000000
-0.506261 -0.022346 -0.084877 50.000000
0.666927 0.508669 -0.057264 50.000000
0.557892 0.313964 0.097084 50.000000
-0.439707 0.435743 0.087172 50.000000
0.511163 0.124923 0.068763 52.000000
0.126000 -0.345910 -0.054431 51.000000
-0.342000 -0.279356 -0.076380 50.000000
-0.501304 0.484596 -0.149306 50.000000
-0.436875 0.502296 -0.151430 50.000000
0.397172 -0.440785 0.117617 51.000000
0.089892 0.342992 0.249309 50.000000
0.223707 -0.391932 -0.040979 51.000000
0.873669 -0.128549 0.111952 50.000000
-0.031180 -0.227671 -0.120985 50.000000
-0.468027 -0.382728 -0.087001 53.000000
0.180518 0.050580 0.082924 52.000000
0.020506 0.517873 0.257804 50.000000
-0.549450 0.459107 -0.021155 50.000000
-0.376692 -0.373523 -0.065052 53.000000
-0.451035 -0.357946 -0.116029 53.000000
0.014134 0.493092 -0.045935 50.000000
0.660555 -0.115804 0.145230 50.000000
-0.506968 -0.238292 -0.088417 53.000000
-0.719374 0.081733 0.138149 50.000000
0.575593 -0.231919 0.060268 50.000000
-0.127470 -0.224131 -0.190371 50.000000
0.780210 -0.212803 0.099916 50.000000
-0.249249 -0.004646 0.070888 50.000000
0.098388 0.083149 0.273382 50.000000
-0.399349 -0.365027 -0.050892 53.000000
0.590461 0.500172 0.063808 50.000000
-0.726454 0.082441 0.038319 50.000000
0.665511 -0.223423 0.124697 50.000000
-0.487852 -0.304138 -0.029651 53.000000
0.228663 0.498756 -0.149306 50.000000
-0.087113 0.018719 -0.012658 50.000000
0.145117 -0.428748 0.087172 51.000000
-0.457407 -0.185898 -0.120278 53.000000
0.350442 0.519997 -0.148598 50.000000
0.368851 -0.183774 0.019203 50.000000
0.195386 -0.391932 0.050355 51.000000
0.613118 -0.222007 0.091420 50.000000
-0.423422 -0.408924 -0.043811 53.000000
0.804991 -0.103768 0.121865 50.000000
-0.081449 -0.225547 -0.170547 50.000000
-0.335627 -0.226255 -0.118153 50.000000
0.240700 -0.410340 -0.067176 51.000000
-0.327839 -0.438661 -0.049476 53.000000
0.219459 0.085273 0.179923 52.000000
0.392216 -0.269444 -0.023987 51.000000
0.297341 0.505836 -0.076380 50.000000
-0.474400 -0.350158 -0.100453 53.000000
-0.562902 0.194308 -0.005578 50.000000
0.333450 0.488844 -0.164174 50.000000
0.674007 -0.281481 0.077260 50.000000
0.272561 0.521413 -0.096912 50.000000
0.278933 0.005267 0.065223 52.000000
0.604621 0.415210 0.131777 50.000000
-0.434750 -0.268737 -0.081337 50.000000
0.390800 -0.161826 -0.029651 50.000000
-0.450327 0.328832 0.102749 50.000000
-0.383773 0.506545 0.004334 50.000000
-0.404305 0.523537 0.249309 50.000000
0.333450 -0.203599 -0.033899 50.000000
-0.460947 0.054828 0.068763 50.000000
-0.594055 -0.049959 -0.042395 50.000000
-0.061624 -0.235459 -0.157094 50.000000
-0.817789 0.507252 -0.071424 50.000000
0.421244 0.120674 0.056020 52.000000
-0.528209 -0.135629 -0.084168 50.000000
0.493463 0.144747 0.048231 52.000000
-0.001443 -0.110848 -0.126649 50.000000
-0.286774 0.526369 0.364716 50.000000
-0.130303 -0.385559 -0.048767 53.000000
0.419828 -0.261656 0.031947 51.000000
-0.224469 -0.008893 0.022034 50.000000
-0.225176 -0.157577 -0.129482 50.000000
0.104052 -0.272984 -0.060804 51.000000
0.289553 0.037836 0.055311 52.000000
0.233620 -0.150498 0.016370 52.000000
-0.356160 -0.048542 0.045399 50.000000
-0.660608 0.467604 -0.172671 50.000000
0.914025 -0.078279 0.129653 50.000000
-0.236505 -0.324670 -0.131606 50.000000
0.230787 0.503005 -0.003454 50.000000
0.008469 -0.100936 -0.125233 50.000000
-0.313679 0.498048 -0.011242 50.000000
-0.385897 -0.413880 -0.079213 53.000000
0.368851 -0.161826 -0.027527 50.000000
0.289553 0.519997 0.196915 50.000000
-0.192608 -0.396180 -0.045228 53.000000
0.130957 -0.200058 -0.093372 50.000000
-0.342000 -0.197934 -0.067884 50.000000
0.102636 -0.150498 -0.077796 52.000000
0.821983 -0.141293 0.096376 50.000000
0.094139 0.391137 0.282586 50.000000
-0.409970 -0.095979 -0.092665 50.000000
-0.358992 -0.117220 -0.093372 50.000000
0.350442 0.483887 -0.182583 50.000000
-0.322884 -0.456361 -0.002746 53.000000
-0.516173 -0.344494 -0.057971 53.000000
-0.065165 0.011639 0.024867 50.000000
0.672591 -0.175278 0.074427 50.000000
-0.606799 0.084565 -0.001330 50.000000
0.892785 -0.250328 0.061684 50.000000
0.117505 -0.445033 0.045399 51.000000
-0.019852 -0.051375 -0.118861 50.000000
0.132373 -0.404676 -0.006994 51.000000
-0.089945 -0.177402 -0.167007 50.000000
0.212379 -0.275817 -0.038855 51.000000
-0.052420 -0.314757 -0.145058 50.000000
-0.178447 -0.267320 -0.106825 50.000000
0.305837 0.506545 0.150186 50.000000
-0.469443 -0.287145 -0.117445 53.000000
-0.206768 0.493800 -0.143642 50.000000
-0.472984 -0.166074 -0.092665 53.000000
-0.380233 -0.176694 -0.087708 50.000000
-0.449618 -0.297057 -0.113905 53.000000
-0.712294 0.490968 -0.005578 50.000000
0.563556 -0.341663 0.133194 51.000000
0.135205 0.253074 0.241521 50.000000
-0.021976 -0.227671 -0.128773 50.000000
0.187598 0.503712 -0.065052 50.000000
-0.625207 -0.328210 -0.023279 53.000000
0.045995 0.485304 0.284710 50.000000
-0.070829 -0.178110 -0.136561 50.000000
0.159985 -0.150498 -0.037439 52.000000
0.062279 0.502296 0.012122 50.000000
0.183350 0.527785 0.151602 50.000000
0.160694 -0.285729 -0.031067 51.000000
0.204590 -0.181650 -0.021863 50.000000
-0.298811 -0.327502 -0.101869 53.000000
0.351151 -0.151913 -0.050892 52.000000
-0.019852 -0.060579 -0.114614 50.000000
0.165649 0.500880 0.112661 50.000000
-0.515465 -0.115804 -0.090541 50.000000
-0.358992 0.514333 0.184171 50.000000
0.778086 -0.050666 0.221696 50.000000
0.043870 -0.207139 -0.164174 50.000000
0.305837 -0.052083 0.036195 52.000000
0.441069 0.014472 0.013538 52.000000
-0.118974 -0.255992 -0.137978 50.000000
-0.218805 -0.066951 -0.074964 50.000000
0.460186 -0.342370 0.043983 51.000000
0.317165 -0.255284 -0.054431 51.000000
0.238575 -0.008893 0.034779 52.000000
0.280349 -0.341663 -0.026819 51.000000
0.746933 -0.234752 0.056728 50.000000
-0.080741 -0.377771 -0.111781 50.000000
0.298049 -0.204306 0.006458 50.000000
0.181934 0.508669 0.056728 50.000000
0.406376 0.090229 0.004334 52.000000
0.096263 0.187936 0.228776 50.000000
-0.473691 0.521413 -0.074964 50.000000
0.266188 -0.459901 0.119742 51.000000
0.317874 -0.268737 -0.004870 51.000000
-0.698133 -0.314050 0.065223 53.000000
0.329910 -0.290685 -0.003454 51.000000
-0.021267 -0.071907 -0.140810 50.000000
0.036791 -0.168905 -0.130897 50.000000
0.177686 -0.326085 -0.055847 51.000000
-0.538829 0.013055 -0.042395 50.000000
0.091308 -0.159701 -0.088417 52.000000
0.267604 0.512917 0.219572 50.000000
-0.281819 -0.320421 -0.070716 50.000000
0.616657 0.439283 0.120449 50.000000
-0.104814 0.494508 -0.106825 50.000000
-0.773183 0.530617 0.017786 50.000000
-0.136674 -0.139877 -0.159218 50.000000
0.262648 -0.470522 0.039027 51.000000
0.869421 -0.275817 0.102749 50.000000
-0.620252 -0.358655 -0.043103 53.000000
-0.514756 0.279270 0.139565 50.000000
-0.298102 -0.346618 -0.113905 53.000000
-0.128886 -0.296349 -0.121693 50.000000
-0.147295 -0.129256 -0.110365 50.000000
-0.052420 0.511500 0.375336 50.000000
0.706577 0.507960 0.009998 50.000000
0.319290 0.504420 -0.183999 50.000000
-0.295271 -0.196518 -0.119569 50.000000
-0.182696 0.037128 0.053895 50.000000
-0.453867 -0.197227 -0.085584 50.000000
-0.531041 0.173067 0.235857 50.000000
-0.043924 -0.206430 -0.185415 50.000000
0.353275 -0.350867 0.044691 51.000000
0.326370 -0.055623 -0.023279 52.000000
-0.489976 -0.236876 -0.116029 53.000000
0.541607 -0.023762 0.101333 52.000000
-0.552990 -0.104476 -0.070716 50.000000
0.193262 -0.119344 -0.029651 52.000000
-0.108354 -0.047835 -0.072840 50.000000
-0.104814 0.492384 -0.174086 50.000000
0.333450 -0.086067 0.010706 52.000000
0.223707 0.068280 0.133901 52.000000
0.809238 0.521413 0.154434 50.000000
0.194678 -0.344494 -0.082044 51.000000
-0.531041 0.212008 0.171426 50.000000
-0.239337 0.508669 0.223820 50.000000
0.550812 0.305467 0.118325 50.000000
0.359647 -0.443617 0.061684 51.000000
-0.014188 -0.121468 -0.174086 50.000000
0.332034 -0.108016 0.004334 52.000000
0.627986 -0.052790 0.201871 52.000000
0.399296 0.000311 -0.008410 52.000000
-0.376692 -0.373523 -0.065052 53.000000
-0.031180 0.488844 -0.089125 50.000000
0.535943 -0.059163 0.087881 52.000000
0.419121 0.036420 0.017079 52.000000
0.136621 0.491676 0.300286 50.000000
-0.430502 0.510793 -0.190371 50.000000
0.269728 -0.256700 -0.023279 51.000000
0.584796 -0.210679 0.122573 50.000000
-0.029764 0.506545 0.266301 50.000000
-0.092778 0.513624 0.123989 50.000000
0.245656 -0.377771 0.017079 51.000000
-0.577062 -0.260240 -0.068592 53.000000
-0.334212 0.500880 0.187711 50.000000
0.084935 -0.208555 -0.139394 50.000000
0.101220 -0.394764 0.001501 51.000000
0.591877 -0.042171 0.175674 52.000000
-0.130303 0.511500 0.372504 50.000000
-0.326423 -0.326085 -0.124526 53.000000
0.288845 -0.418129 0.060975 51.000000
0.219459 -0.378479 -0.065052 51.000000
-0.476524 -0.416712 0.007874 53.000000
-0.477939 -0.306261 -0.129482 53.000000
-0.407846 -0.196518 -0.109657 50.000000
-0.434042 0.375561 0.142398 50.000000
0.133081 0.225461 0.228068 50.000000
0.319290 -0.161117 0.001501 50.000000
-0.021267 -0.298473 -0.104701 50.000000
-0.574230 0.398925 0.105581 50.000000
0.498418 -0.370691 0.087172 51.000000
-0.683265 -0.347327 0.052480 53.000000
-0.147295 -0.168198 -0.134437 50.000000
-0.022683 -0.149789 -0.147182 50.000000
-0.031180 -0.091731 -0.140810 50.000000
0.506206 -0.184482 0.003626 50.000000
-0.361824 -0.303429 -0.154970 53.000000
-0.522544 -0.030842 -0.061512 50.000000
0.116796 -0.016682 -0.058680 52.000000
-0.184111 -0.454945 -0.006286 53.000000
-0.203936 0.508669 0.268425 50.000000
-0.177739 -0.217759 -0.103993 50.000000
0.201759 -0.306969 -0.039563 51.000000
-0.042508 -0.255284 -0.153554 50.000000
0.484966 0.505129 -0.191079 50.000000
-0.152959 -0.455654 -0.004163 53.000000
-0.380233 0.516457 -0.104701 50.000000
-0.525377 -0.343786 -0.064344 53.000000
0.817027 -0.273692 0.085048 50.000000
-0.166411 -0.139169 -0.128066 50.000000
0.384427 -0.119344 -0.011951 52.000000
-0.466611 -0.043586 -0.072132 50.000000
0.799326 -0.225547 0.109828 50.000000
-0.233673 -0.263780 -0.157803 50.000000
0.106176 0.341576 0.296038 50.000000
-0.472275 -0.352991 -0.164174 53.000000
0.059447 -0.417420 0.012830 51.000000
-0.080033 -0.129965 -0.145058 50.000000
-0.322175 -0.167490 -0.063635 50.000000
0.189722 -0.117928 0.014246 52.000000
-0.348372 -0.438661 -0.051600 53.000000
0.220875 -0.343786 0.005750 51.000000
-0.327839 -0.127840 -0.093372 50.000000
0.007054 -0.277232 -0.130190 51.000000
-0.547326 0.502296 -0.143642 50.000000
-0.531041 0.173067 0.235857 50.000000
-0.023392 0.506545 -0.167715 50.000000
-0.226593 0.509376 0.226652 50.000000
-0.081449 -0.234752 -0.179751 50.000000
-0.521837 -0.166074 -0.110365 53.000000
0.337698 -0.063411 0.025574 52.000000
-0.159331 -0.034382 -0.025403 50.000000
-0.228009 -0.138461 -0.088417 50.000000
-0.620252 0.035004 0.053895 50.000000
-0.582726 0.018011 0.000086 50.000000
0.526031 -0.141293 0.024159 52.000000
0.196095 0.515040 0.072303 50.000000
0.319290 0.003143 0.039027 52.000000
-0.577062 0.376269 0.019910 50.000000
-0.610339 -0.302013 -0.074256 53.000000
0.043870 -0.207139 -0.164174 50.000000
0.077856 -0.199351 -0.114614 50.000000
0.035374 0.532741 0.100624 50.000000
-0.099857 -0.187314 -0.162758 50.000000
-0.034720 0.500880 0.124697 50.000000
0.557184 -0.129256 0.080092 52.000000
-0.148003 -0.283605 -0.152846 50.000000
0.067235 0.226169 0.309490 50.000000
-0.756191 0.147579 0.166471 50.000000
-0.208184 -0.287145 -0.105409 50.000000
-0.165704 0.488136 -0.156386 50.000000
0.625862 0.503712 -0.096205 50.000000
0.350442 -0.119344 -0.011951 52.000000
0.450981 0.517873 0.114785 50.000000
0.130957 0.291307 0.304534 50.000000
-0.645032 0.051288 0.098500 50.000000
-0.475108 -0.023053 -0.083460 50.000000
-0.138091 -0.057039 -0.062928 50.000000
0.918982 -0.141293 0.111952 50.000000
-0.067996 -0.472646 0.029115 50.000000
0.000681 -0.351575 -0.079920 51.000000
-0.339876 -0.072615 0.004334 50.000000
0.807823 -0.076863 0.190542 50.000000
0.167065 -0.170322 -0.058680 50.000000
0.021214 -0.384143 -0.069299 51.000000
-0.090653 -0.216343 -0.160634 50.000000
-0.555821 0.526369 -0.010534 50.000000
0.290969 -0.324670 0.024159 51.000000
0.549396 0.507252 0.189127 50.000000
-0.756191 0.147579 0.166471 50.000000
0.208839 -0.342370 0.000086 51.000000
0.353275 0.036420 0.032655 52.000000
0.114672 0.461940 0.344183 50.000000
-0.042508 0.036420 0.057435 50.000000
0.097680 -0.008185 0.053187 52.000000
0.743393 -0.140585 0.111952 50.000000
-0.208893 -0.327502 -0.102577 50.000000
-0.812832 0.546901 -0.025403 50.000000
0.015549 -0.178110 -0.158510 50.000000
-0.167828 -0.294933 -0.132313 50.000000
0.682504 -0.270861 0.097793 50.000000
-0.412802 -0.137044 -0.077089 50.000000
0.036791 0.538406 0.322235 50.000000
0.351151 -0.108724 -0.010534 52.000000
0.005637 -0.295641 -0.147182 51.000000
-0.624500 0.502296 -0.061512 50.000000
0.106884 0.115010 0.232316 50.000000
-0.168535 -0.326794 -0.112489 50.000000
-0.484312 -0.074739 -0.088417 50.000000
0.309377 0.485304 -0.067176 50.000000
-0.546617 0.153243 0.026283 50.000000
0.086351 -0.140585 -0.133730 52.000000
-0.650696 0.112178 0.025574 50.000000
-0.077909 -0.056330 -0.043811 50.000000
0.357523 0.509376 0.283293 50.000000
-0.501304 0.085981 0.039027 50.000000
0.682504 0.481763 0.062392 50.000000
0.147242 -0.091731 -0.128066 52.000000
-0.157207 0.508669 -0.070008 50.000000
-0.302351 0.005267 0.051063 50.000000
0.299465 -0.064827 0.006458 52.000000
0.087768 -0.229088 -0.112489 50.000000
-0.337752 -0.406092 -0.130190 53.000000
0.751181 -0.063411 0.228776 50.000000
0.571344 0.369189 0.166471 50.000000
0.199635 -0.368567 -0.054431 51.000000
-0.321468 -0.299181 -0.081337 50.000000
0.626570 -0.140585 0.092836 50.000000
0.126709 0.052704 0.101333 52.000000
-0.462363 0.497341 -0.000622 50.000000
-0.530333 0.469727 0.054604 50.000000
-0.619543 0.118550 -0.001330 50.000000
0.177686 -0.326085 -0.055847 51.000000
-0.540953 0.486720 -0.118153 50.000000
-0.118266 -0.196518 -0.176211 50.000000
0.227956 -0.331042 -0.014075 51.000000
0.003513 -0.421668 -0.025403 51.000000
0.463017 -0.377771 0.051771 51.000000
-0.142338 -0.449281 0.025574 53.000000
0.109008 0.237497 0.228068 50.000000
0.270436 0.006683 0.080800 52.000000
0.742685 -0.128549 0.110537 50.000000
0.297341 -0.073323 0.051771 52.000000
0.198926 -0.054206 -0.000622 52.000000
-0.444663 0.349365 0.136734 50.000000
-0.403598 -0.255284 -0.137270 50.000000
0.890661 -0.153329 0.116201 50.000000
-0.446078 -0.226255 -0.125233 53.000000
0.916150 -0.228379 0.135317 50.000000
-0.090653 -0.439369 -0.041688 50.000000
0.745517 0.519997 -0.128773 50.000000
-0.267658 -0.297057 -0.111781 50.000000
-0.116142 0.503712 0.213908 50.000000
0.368851 0.038544 0.048231 52.000000
-0.004275 -0.168905 -0.159926 50.000000
0.617366 -0.064827 0.211075 52.000000
-0.108354 -0.080403 -0.121693 50.000000
-0.214557 0.521413 0.223112 50.000000
0.266188 0.032172 0.115493 52.000000
-0.205352 -0.129256 -0.135146 50.000000
-0.166411 -0.177402 -0.154970 50.000000
0.441069 -0.096688 0.022743 52.000000
0.472930 -0.229795 0.051771 51.000000
-0.177032 -0.304138 -0.140810 50.000000
0.063695 -0.088900 -0.064344 52.000000
0.623738 -0.175278 0.086464 50.000000
-0.080033 -0.178110 -0.136561 50.000000
0.244948 -0.129965 -0.039563 52.000000
0.101928 0.294846 0.262761 50.000000
0.555768 0.512917 0.116909 50.000000
-0.135258 0.501588 -0.118861 50.000000
0.147242 -0.263780 -0.050183 51.000000
-0.664856 0.514333 0.041151 50.000000
-0.109061 -0.178110 -0.130897 50.000000
-0.071536 -0.265196 -0.147890 50.000000
0.630110 -0.115804 0.173550 50.000000
-0.309431 -0.377771 -0.107533 53.000000
-0.460947 -0.010310 -0.048059 50.000000
0.386552 -0.183066 -0.043811 50.000000
0.237868 -0.424501 0.033362 51.000000
-0.327132 0.475392 -0.175503 50.000000
0.303713 -0.292809 0.032655 51.000000
-0.455991 -0.043586 -0.072840 50.000000
0.516119 0.505836 -0.092665 50.000000
-0.407846 -0.196518 -0.109657 50.000000
0.542316 0.510085 -0.160634 50.000000
-0.207476 0.517873 0.342767 50.000000
-0.312263 -0.401844 -0.086292 53.000000
-0.396517 -0.393347 -0.077089 53.000000
0.120336 -0.260949 -0.093372 51.000000
-0.301643 -0.380604 -0.087001 53.000000
0.067235 -0.004646 -0.040979 52.000000
-0.192608 0.024384 0.035487 50.000000
0.305129 0.516457 0.364716 50.000000
-0.050296 -0.370691 -0.089125 50.000000
0.807823 -0.076863 0.190542 50.000000
-0.425546 0.008099 0.060268 50.000000
-0.137382 -0.049959 -0.108241 50.000000
-0.127470 -0.069075 -0.096912 50.000000
0.007761 -0.158993 -0.126649 50.000000
-0.469443 0.486720 -0.201699 50.000000
0.826231 -0.036506 0.228776 50.000000
-0.429794 -0.116512 -0.099036 50.000000
-0.109770 -0.367859 -0.106825 50.000000
-0.446787 -0.074031 -0.064344 50.000000
0.745517 -0.105184 0.084341 50.000000
0.180518 -0.171030 -0.041688 50.000000
-0.020559 -0.381311 -0.088417 50.000000
-0.550865 -0.115097 -0.078504 50.000000
0.746933 0.489552 -0.145766 50.000000
-0.382357 -0.116512 -0.071424 50.000000
0.416997 0.046332 0.006458 52.000000
0.643563 0.488844 0.145230 50.000000
-0.104814 0.505836 0.063808 50.000000
0.618073 -0.140585 0.104164 50.000000
-0.019852 -0.110140 -0.099745 50.000000
0.507623 0.508669 -0.119569 50.000000
0.183350 0.491676 -0.162050 50.000000
0.285304 -0.427333 0.043983 51.000000
0.409209 -0.140585 -0.004870 52.000000
0.337698 -0.258116 -0.016199 51.000000
-0.455991 0.507252 -0.042395 50.000000
0.690292 0.507960 -0.066468 50.000000
0.397172 -0.129965 -0.006994 52.000000
0.729941 0.502296 0.070888 50.000000
0.746225 -0.248204 0.087172 50.000000
0.776670 -0.236876 0.091420 50.000000
-0.438290 -0.256700 -0.116738 53.000000
0.045995 0.485304 0.284710 50.000000
0.095556 0.481763 0.269133 50.000000
-0.117558 -0.014558 -0.036023 50.000000
0.293093 0.001727 0.023450 52.000000
0.555060 -0.185190 0.002210 50.000000
0.298049 -0.051375 0.053187 52.000000
-0.351204 -0.072615 0.006458 50.000000
0.848888 -0.225547 0.062392 50.000000
-0.763979 0.534157 0.112661 50.000000
-0.397225 -0.107308 -0.107533 50.000000
-0.021267 -0.298473 -0.104701 50.000000
-0.622376 0.114302 -0.032483 50.000000
0.181226 -0.348743 -0.036731 51.000000
-0.588391 -0.156162 -0.061512 50.000000
-0.051712 -0.158993 -0.150722 50.000000
-0.034011 0.000311 0.020619 50.000000
-0.177739 -0.237583 -0.106825 50.000000
0.105468 0.486012 -0.104701 50.000000
-0.390145 -0.106600 -0.088417 50.000000
-0.090653 -0.235459 -0.154262 50.000000
-0.570690 0.300510 0.007166 50.000000
-0.019852 -0.110140 -0.099745 50.000000
0.746933 -0.234752 0.056728 50.000000
-0.309431 -0.117220 -0.077796 50.000000
-0.594763 0.182980 -0.014075 50.000000
-0.365364 0.519288 0.242936 50.000000
-0.004983 -0.207139 -0.171255 50.000000
0.317165 0.517164 -0.149306 50.000000
0.788706 0.484596 0.080092 50.000000
-0.383773 0.506545 0.004334 50.000000
0.312210 -0.129965 -0.032483 52.000000
0.305129 0.110762 0.182755 52.000000
0.307253 -0.074031 0.044691 52.000000
-0.649280 0.484596 -0.007702 50.000000
-0.587682 0.145455 -0.037439 50.000000
0.159277 0.051997 0.092836 52.000000
-0.583435 0.483887 -0.031067 50.000000
-0.147295 0.510793 -0.030359 50.000000
0.118212 -0.209970 -0.113197 50.000000
-0.603967 0.312547 -0.003454 50.000000
0.201759 -0.399011 0.019910 51.000000
0.269728 -0.020222 0.023450 52.000000
-0.565733 -0.061995 -0.062928 50.000000
-0.565026 0.144039 -0.038147 50.000000
0.775254 -0.116512 0.119033 50.000000
-0.277570 -0.356531 -0.118861 53.000000
-0.143046 0.495924 0.368964 50.000000
0.518243 -0.173862 0.002210 50.000000
-0.180572 -0.382019 -0.074964 53.000000
-0.439707 0.435743 0.087172 50.000000
-0.652112 -0.199351 0.040443 53.000000
0.358939 -0.427333 0.111245 51.000000
0.571344 0.490260 0.269133 50.000000
-0.056668 0.538406 0.157266 50.000000
0.518243 -0.129965 0.001501 52.000000
-0.509092 -0.063411 -0.071424 50.000000
0.621614 0.476099 0.253556 50.000000
-0.571398 0.228293 0.182755 50.000000
-0.528917 0.197849 0.160098 50.000000
-0.172075 0.517873 0.058144 50.000000
-0.381649 -0.359363 -0.096205 53.000000
0.036791 0.538406 0.322235 50.000000
-0.513340 -0.095272 -0.101160 50.000000
0.266897 -0.171738 -0.036731 50.000000
0.881457 -0.141293 0.126821 50.000000
-0.117558 -0.079696 -0.111781 50.000000
-0.521129 -0.226963 -0.116738 53.000000
0.443901 0.524245 -0.055847 50.000000
-0.067996 0.519997 0.222404 50.000000
-0.247125 -0.326085 -0.120278 50.000000
-0.207476 0.500172 0.078676 50.000000
0.125293 -0.304138 -0.056556 51.000000
0.290261 -0.171738 0.023450 50.000000
0.493463 0.208468 0.077260 50.000000
0.381596 0.013055 0.009290 52.000000
-0.071536 -0.226255 -0.159218 50.000000
-0.019852 -0.110140 -0.099745 50.000000
0.629402 0.498048 -0.152846 50.000000
0.382303 0.515749 0.209660 50.000000
-0.540953 -0.060579 -0.031067 50.000000
-0.215264 -0.235459 -0.145058 50.000000
0.705160 -0.163950 0.087881 50.000000
0.623030 -0.357239 0.149478 51.000000
-0.084281 0.484596 -0.164882 50.000000
0.807823 -0.076863 0.190542 50.000000
0.048119 -0.120761 -0.119569 52.000000
-0.009939 0.508669 0.147354 50.000000
-0.550865 -0.115097 -0.078504 50.000000
0.030418 -0.310509 -0.087001 51.000000
-0.409262 -0.086776 -0.099036 50.000000
0.560016 -0.290685 0.086464 51.000000
-0.640784 0.191476 0.024159 50.000000
0.577717 -0.042878 0.174259 52.000000
0.273269 -0.246788 -0.005578 51.000000
0.199635 -0.452113 -0.063635 51.000000
0.757554 -0.309802 0.109828 50.000000
-0.284650 0.511500 0.031238 50.000000
-0.517589 0.484596 -0.012658 50.000000
-0.489976 0.503005 0.087172 50.000000
-0.484312 -0.265196 -0.144350 53.000000
-0.147295 -0.078987 -0.095496 50.000000
0.555060 -0.185190 0.002210 50.000000
-0.093485 0.492384 -0.010534 50.000000
-0.417050 -0.032258 -0.051600 50.000000
0.078563 0.432203 0.239397 50.000000
0.635066 0.505129 0.156558 50.000000
-0.109061 -0.226963 -0.136561 50.000000
-0.427671 0.505129 -0.077796 50.000000
0.869421 -0.238292 0.074427 50.000000
0.400004 -0.055623 -0.043103 52.000000
0.165649 0.500880 0.112661 50.000000
0.426201 0.510793 0.020619 50.000000
-0.513340 -0.095272 -0.101160 50.000000
-0.817789 0.507252 -0.071424 50.000000
0.210255 -0.098812 -0.054431 52.000000
0.457353 0.498756 0.097084 50.000000
0.180518 -0.171030 -0.041688 50.000000
0.132373 -0.150498 -0.006994 52.000000
-0.247833 -0.267320 -0.102577 50.000000
0.088475 -0.219175 -0.111073 50.000000
-0.462363 0.011639 -0.040979 50.000000
-0.535289 0.054121 -0.057971 50.000000
-0.428378 -0.196518 -0.110365 50.000000
-0.108354 -0.057039 -0.062220 50.000000
0.209547 0.510793 0.358343 50.000000
0.678964 0.512917 0.079384 50.000000
-0.261994 -0.391932 -0.077796 53.000000
-0.069412 0.529909 0.132485 50.000000
0.328494 0.503712 -0.089125 50.000000
-0.240045 -0.451405 0.038319 53.000000
0.071483 -0.220591 -0.081337 50.000000
0.203883 -0.423084 0.029823 51.000000
-0.582018 0.347240 0.097793 50.000000
-0.137382 -0.120052 -0.132313 50.000000
-0.268366 -0.137753 -0.087708 50.000000
-0.574938 0.216965 -0.007702 50.000000
-0.632288 -0.099519 0.056728 50.000000
0.682504 0.481763 0.062392 50.000000
0.586213 0.434326 0.110537 50.000000
-0.601843 -0.113680 -0.054431 50.000000
-0.094193 0.515040 -0.051600 50.000000
-0.523253 0.142623 0.199039 50.000000
0.042455 -0.446449 0.064515 51.000000
-0.196856 -0.217051 -0.124526 50.000000
0.569220 -0.379188 0.148062 51.000000
0.326370 0.034296 0.014955 52.000000
0.322122 0.494508 -0.006994 50.000000
-0.286774 -0.052083 0.002918 50.000000
0.584796 -0.209970 0.085048 50.000000
-0.007815 -0.408216 -0.041688 50.000000
-0.305183 -0.176694 -0.119569 50.000000
0.208839 -0.171030 0.003626 50.000000
-0.596179 0.161739 -0.006994 50.000000
-0.277570 0.500880 -0.163467 50.000000
0.672591 -0.282896 0.106288 50.000000
-0.310847 0.516457 0.198331 50.000000
0.303713 0.001727 0.019203 52.000000
0.463017 -0.377771 0.051771 51.000000
0.273269 0.052704 0.090005 52.000000
-0.368904 -0.217051 -0.100453 50.000000
0.036082 -0.188730 -0.141518 50.000000
0.181934 -0.077572 -0.033899 52.000000
-0.493516 0.076777 0.058144 50.000000
-0.246418 -0.138461 -0.113197 50.000000
0.314334 0.514333 0.262761 50.000000
-0.166411 -0.177402 -0.154970 50.000000
0.463017 -0.030134 0.009998 52.000000
-0.264826 0.000311 -0.001330 50.000000
0.138037 -0.443617 0.031947 51.000000
-0.549450 -0.217759 -0.089125 53.000000
-0.283943 -0.245371 -0.143642 50.000000
-0.501304 -0.348034 -0.024695 53.000000
-0.566442 0.430786 -0.039563 50.000000
-0.204644 0.488844 -0.187540 50.000000
-0.029056 0.522121 -0.064344 50.000000
0.269728 -0.384143 -0.027527 51.000000
-0.459531 -0.256700 -0.113197 53.000000
0.780918 0.506545 0.022034 50.000000
0.343362 -0.018098 0.043983 52.000000
-0.322175 0.500172 -0.040271 50.000000
0.542316 -0.289977 0.073012 51.000000
-0.597594 -0.197227 -0.070008 53.000000
-0.213141 0.510085 -0.035315 50.000000
-0.032595 -0.217051 -0.155679 50.000000
0.049534 -0.139877 -0.103285 52.000000
-0.077909 -0.037922 -0.070008 50.000000
0.112548 -0.373523 0.006458 51.000000
-0.060208 -0.081111 -0.128773 50.000000
0.315750 -0.085360 0.031238 52.000000
0.480718 -0.129256 0.036195 52.000000
0.674007 -0.236876 0.145938 50.000000
0.244240 0.493800 0.080800 50.000000
0.395048 -0.065535 -0.019031 52.000000
-0.565026 0.134127 -0.035315 50.000000
-0.569982 0.379101 -0.011951 50.000000
0.506915 -0.229088 0.004334 51.000000
-0.454575 -0.054206 -0.078504 50.000000
-0.055960 0.503712 0.213908 50.000000
-0.447495 -0.382728 -0.082753 53.000000
0.291677 -0.009601 0.017079 52.000000
-0.548741 -0.176694 -0.045935 53.000000
0.807823 -0.115804 0.159390 50.000000
-0.554405 -0.228379 -0.070008 53.000000
0.276809 -0.236876 0.012830 50.000000
0.316458 -0.074031 0.034071 52.000000
0.450981 0.517873 0.114785 50.000000
-0.090653 -0.266613 -0.121693 50.000000
-0.028347 0.504420 0.305242 50.000000
-0.051004 -0.139877 -0.133022 50.000000
-0.166411 0.519997 0.262053 50.000000
0.441069 0.514333 0.237272 50.000000
-0.664856 0.514333 0.041151 50.000000
0.133788 -0.228379 -0.142934 50.000000
-0.138091 0.018719 -0.021155 50.000000
-0.166411 -0.149081 -0.140102 50.000000
0.491338 -0.129965 -0.006994 52.000000
-0.247125 -0.197227 -0.102577 50.000000
-0.116142 0.524952 0.195499 50.000000
0.117505 0.077485 0.223112 50.000000
0.261940 -0.370691 0.046815 51.000000
-0.549450 -0.052790 -0.086292 50.000000
-0.503428 0.094477 0.105581 50.000000
0.387260 0.000311 -0.011951 52.000000
-0.274030 0.504420 0.048231 50.000000
0.283889 0.081733 0.140274 52.000000
-0.055253 -0.010310 0.022743 50.000000
-0.060208 0.503712 0.020619 50.000000
-0.474400 0.300510 0.252140 50.000000
-0.089237 -0.120052 -0.118861 50.000000
0.304422 -0.257408 -0.016199 51.000000
-0.060208 -0.369983 -0.091248 50.000000
-0.109061 -0.245371 -0.150722 50.000000
-0.670520 0.117134 0.053187 50.000000
0.465142 -0.184482 0.024867 50.000000
0.484966 0.496632 -0.111073 50.000000
-0.208893 -0.367151 -0.109657 53.000000
0.785874 -0.077572 0.174259 50.000000
-0.314387 0.487428 -0.108949 50.000000
-0.472275 -0.247495 -0.101160 53.000000
0.815611 -0.091731 0.111952 50.000000
0.171314 -0.445033 0.114077 51.000000
-0.147295 -0.197227 -0.145058 50.000000
-0.569982 -0.026594 -0.002746 50.000000
-0.080741 -0.139877 -0.167007 50.000000
-0.369613 0.493800 -0.098329 50.000000
-0.196148 -0.099519 -0.127357 50.000000
0.118920 -0.369983 -0.026819 51.000000
0.326370 0.493800 -0.148598 50.000000
-0.603967 0.148995 -0.019739 50.000000
0.171314 0.517873 -0.024695 50.000000
-0.546617 -0.043586 -0.096912 50.000000
-0.315803 0.507252 0.254973 50.000000
-0.383065 -0.061287 0.002918 50.000000
-0.536705 -0.042878 -0.092665 50.000000
-0.367488 0.493800 -0.029651 50.000000
0.368851 0.503005 -0.064344 50.000000
-0.371028 -0.116512 -0.077089 50.000000
-0.159331 -0.368567 -0.098329 53.000000
-0.426254 -0.043586 -0.060096 50.000000
0.325662 0.505129 0.062392 50.000000
-0.514049 -0.146249 -0.099036 50.000000
-0.789468 0.503005 -0.148598 50.000000
0.012009 0.522121 0.109828 50.000000
0.453105 -0.215635 -0.050892 50.000000
0.136621 -0.398304 0.024867 51.000000
-0.462363 0.330247 0.105581 50.000000
-0.070121 -0.129965 -0.140810 50.000000
-0.630164 -0.347327 -0.048767 53.000000
0.442485 -0.284313 0.027698 51.000000
0.436821 -0.140585 0.008582 52.000000
0.077856 -0.199351 -0.114614 50.000000
-0.159331 -0.327502 -0.102577 50.000000
0.620906 0.480348 0.121865 50.000000
0.289553 0.497341 -0.165591 50.000000
-0.036135 -0.014558 -0.035315 50.000000
-0.518297 -0.042878 -0.081337 50.000000
0.225832 0.471851 -0.091957 50.000000
0.228663 -0.097396 -0.014075 52.000000
0.077856 0.493800 -0.176919 50.000000
-0.479355 -0.035090 -0.113197 50.000000
-0.531041 0.212008 0.171426 50.000000
-0.550157 -0.083943 -0.081337 50.000000
0.092016 -0.428041 0.010706 51.000000
0.283181 -0.129256 0.040443 52.000000
-0.582018 0.413794 -0.018323 50.000000
-0.395810 -0.127132 -0.118861 50.000000
0.657015 -0.152622 0.068056 50.000000
0.602497 0.481056 -0.082753 50.000000
-0.128178 -0.265196 -0.143642 50.000000
0.223707 -0.212803 -0.033899 50.000000
-0.306599 -0.427333 -0.051600 53.000000
-0.168535 -0.036506 -0.060096 50.000000
0.043162 -0.418129 -0.055140 51.000000
0.200343 0.485304 -0.048767 50.000000
0.025462 -0.217051 -0.152139 50.000000
0.075023 0.057661 0.150186 50.000000
0.162110 -0.457069 0.044691 51.000000
0.506206 0.497341 -0.040979 50.000000
-0.195440 -0.254576 -0.157094 50.000000
-0.278278 -0.416004 -0.125233 53.000000
0.374515 0.515040 0.299578 50.000000
0.441069 0.003143 0.014246 52.000000
-0.051004 -0.139877 -0.133022 50.000000
0.094139 0.483180 -0.111781 50.000000
0.070067 -0.260240 -0.089832 51.000000
-0.570690 0.300510 0.007166 50.000000
0.035374 -0.401844 -0.019031 51.000000
0.501251 -0.026594 0.055311 52.000000
-0.482188 -0.175986 -0.098329 53.000000
0.257692 -0.419544 0.077260 51.000000
-0.127470 -0.186606 -0.171255 50.000000
0.219459 0.085273 0.179923 52.000000
-0.156499 -0.099519 -0.125942 50.000000
0.261940 0.506545 0.040443 50.000000
0.353983 -0.140585 0.003626 52.000000
-0.533873 0.130587 0.026283 50.000000
0.337698 -0.063411 0.025574 52.000000
0.145117 -0.150498 -0.067176 52.000000
0.228663 0.064032 0.097793 52.000000
0.054491 0.013763 -0.062928 52.000000
0.329202 0.518581 0.272673 50.000000
0.251320 -0.008185 0.041859 52.000000
-0.387313 -0.027302 0.031947 50.000000
-0.107646 0.029340 -0.018323 50.000000
-0.524669 0.489552 -0.141518 50.000000
-0.187651 -0.305553 -0.128066 50.000000
0.603914 -0.267320 0.065223 51.000000
0.096263 0.187936 0.228776 50.000000
-0.156499 -0.196518 -0.163467 50.000000
0.520367 0.272898 0.153018 50.000000
-0.559362 -0.134921 -0.045935 50.000000
0.407084 -0.151913 -0.053016 52.000000
0.226539 -0.119344 -0.023279 52.000000
-0.598303 0.069697 -0.033899 50.000000
-0.185528 -0.186606 -0.150015 50.000000
-0.478648 0.489552 -0.096205 50.000000
0.610994 -0.232627 0.051063 50.000000
-0.516880 -0.166074 -0.087001 53.000000
0.246364 0.494508 -0.165591 50.000000
-0.208893 -0.327502 -0.102577 50.000000
-0.611755 0.388305 0.011414 50.000000
-0.192608 0.024384 0.035487 50.000000
0.008469 -0.288561 -0.107533 51.000000
0.125293 0.511500 -0.036023 50.000000
-0.746986 0.491676 0.111952 50.000000
0.491338 0.184395 0.075136 52.000000
0.387260 0.000311 -0.011951 52.000000
-0.711585 0.529909 0.116201 50.000000
-0.259870 -0.458485 0.009998 53.000000
-0.429794 -0.126425 -0.098329 50.000000
-0.559362 0.403882 0.038319 50.000000
0.191138 0.039252 0.081508 52.000000
-0.328548 -0.257408 -0.101869 50.000000
-0.177032 -0.351575 -0.159218 53.000000
0.407792 -0.417420 0.114077 51.000000
0.424077 -0.282896 0.005042 51.000000
-0.351204 0.518581 0.118325 50.000000
-0.452451 -0.414589 -0.002746 53.000000
-0.616003 0.127754 -0.014782 50.000000
0.532403 0.489552 -0.110365 50.000000
0.280349 -0.117928 0.026283 52.000000
0.158570 0.130587 0.256389 50.000000
0.486382 -0.085360 0.013538 52.000000
0.038915 0.510085 0.366840 50.000000
-0.726454 0.538406 -0.094789 50.000000
-0.549450 0.511500 -0.086292 50.000000
-0.218097 0.518581 0.298870 50.000000
0.269728 -0.384143 -0.027527 51.000000
-0.271198 -0.360071 -0.082753 53.000000
-0.454575 -0.054206 -0.078504 50.000000
0.017673 -0.100936 -0.135854 50.000000
-0.277570 -0.236876 -0.106117 50.000000
-0.586266 -0.283605 -0.034607 53.000000
-0.021267 -0.298473 -0.104701 50.000000
0.268312 -0.330334 -0.031775 51.000000
0.152906 0.499464 -0.072840 50.000000
0.474345 -0.063411 0.011414 52.000000
-0.633704 -0.123592 -0.021863 50.000000
-0.422006 -0.437953 0.009998 53.000000
0.294509 0.069697 0.135317 52.000000
-0.461655 0.369189 0.164346 50.000000
0.555768 0.512917 0.116909 50.000000
-0.742739 0.487428 -0.140810 50.000000
0.159277 -0.047126 -0.050183 52.000000
0.105468 0.522121 0.224528 50.000000
-0.613171 0.378393 0.020619 50.000000
0.112548 -0.373523 0.006458 51.000000
0.292385 0.528493 0.139565 50.000000
-0.390853 -0.428748 -0.048767 53.000000
0.370975 -0.269444 -0.018323 51.000000
0.441069 -0.215635 -0.053016 50.000000
0.155737 -0.417420 0.002210 51.000000
0.892785 -0.077572 0.147354 50.000000
-0.050296 -0.403968 -0.072840 50.000000
-0.009939 -0.030842 -0.109657 50.000000
-0.228009 -0.047835 -0.085584 50.000000
0.117505 -0.036506 -0.048059 52.000000
0.172730 -0.076863 -0.026111 52.000000
-0.346956 -0.286437 -0.117445 50.000000
-0.080741 -0.423084 -0.077796 50.000000
-0.576354 -0.197227 -0.068592 53.000000
0.096263 0.092353 0.249309 50.000000
0.582672 -0.307678 0.151602 51.000000
-0.033304 -0.343786 -0.152139 50.000000
0.835435 -0.176694 0.064515 50.000000
-0.345540 -0.325378 -0.132313 53.000000
0.565680 0.246702 0.136025 50.000000
0.372391 -0.291393 -0.013367 51.000000
0.323538 -0.045711 -0.036023 52.000000
-0.337752 -0.236876 -0.106117 50.000000
-0.544493 0.068989 -0.021863 50.000000
-0.011355 -0.248204 -0.117445 50.000000
-0.451035 -0.075447 -0.095496 50.000000
-0.570690 0.300510 0.007166 50.000000
0.774546 -0.104476 0.116909 50.000000
-0.032595 -0.217051 -0.155679 50.000000
0.273269 -0.074031 0.042567 52.000000
0.309377 -0.151205 0.007166 52.000000
0.793662 -0.212803 0.097793 50.000000
-0.684681 0.518581 -0.066468 50.000000
-0.139507 -0.358655 -0.096912 53.000000
-0.322175 -0.106600 -0.060096 50.000000
-0.414926 0.493092 0.237980 50.000000
-0.489976 0.010223 -0.062928 50.000000
0.672591 -0.282896 0.106288 50.000000
-0.185528 -0.139169 -0.147182 50.000000
0.581965 -0.257408 0.114785 51.000000
-0.620252 -0.358655 -0.043103 53.000000
-0.412093 -0.338830 -0.099745 53.000000
-0.505552 0.269358 0.156558 50.000000
-0.021267 -0.217759 -0.118861 50.000000
-0.225176 -0.157577 -0.129482 50.000000
0.021214 0.035004 0.042567 50.000000
-0.110478 -0.413880 -0.068592 50.000000
-0.432626 -0.085360 -0.081337 50.000000
0.339823 -0.301305 -0.009827 51.000000
-0.147295 -0.206430 -0.150722 50.000000
0.517535 -0.118637 0.035487 52.000000
0.136621 -0.150498 -0.051600 52.000000
0.130957 0.102974 0.234440 50.000000
-0.482896 0.507960 -0.080628 50.000000
0.677547 -0.280065 0.053187 50.000000
0.441069 0.014472 0.013538 52.000000
-0.041092 -0.298473 -0.106825 50.000000
-0.315803 -0.305553 -0.128773 50.000000
-0.378817 -0.347327 -0.113197 53.000000
-0.645740 0.081733 0.056020 50.000000
-0.089945 -0.168198 -0.141518 50.000000
0.142285 0.090229 0.227360 50.000000
-0.502012 0.503712 -0.096205 50.000000
0.028294 -0.258116 -0.113905 51.000000
0.207423 -0.470522 0.048231 51.000000
0.132373 0.140499 0.241521 50.000000
0.110424 0.154659 0.255680 50.000000
-0.094902 0.497341 -0.191787 50.000000
-0.138091 -0.226255 -0.134437 50.000000
-0.440414 -0.424501 -0.008410 53.000000
-0.255622 0.516457 0.289665 50.000000
0.758261 0.515749 -0.067176 50.000000
-0.190484 0.517873 -0.048059 50.000000
0.422661 -0.066243 -0.041688 52.000000
-0.225176 -0.225547 -0.142226 50.000000
0.870129 -0.103768 0.133194 50.000000
-0.034011 0.515040 0.127529 50.000000
-0.521129 -0.226963 -0.116738 53.000000
-0.591223 0.490968 -0.187540 50.000000
0.219459 0.515749 0.235148 50.000000
0.117505 -0.067659 -0.046643 52.000000
0.793662 -0.212803 0.097793 50.000000
-0.002859 -0.140585 -0.145766 50.000000
-0.400765 0.532033 0.321526 50.000000
0.559308 -0.059163 0.082216 52.000000
0.424785 -0.285729 0.049647 51.000000
0.818443 -0.164657 0.121157 50.000000
-0.632288 0.086689 0.007166 50.000000
-0.610339 0.509376 -0.072840 50.000000
-0.683265 -0.347327 0.052480 53.000000
0.322830 0.027215 0.051771 52.000000
0.247072 -0.224131 -0.025403 50.000000
-0.084989 0.507252 -0.194619 50.000000
-0.211724 -0.021638 -0.009118 50.000000
0.709408 -0.116512 0.129653 50.000000
0.626570 -0.294933 0.126821 51.000000
-0.651404 -0.326085 -0.051600 53.000000
0.273269 -0.161117 -0.006994 52.000000
0.278933 0.005267 0.065223 52.000000
0.072899 -0.323254 -0.064344 51.000000
-0.235089 -0.177402 -0.135146 50.000000
-0.459531 -0.256700 -0.113197 53.000000
-0.110478 -0.442201 -0.024695 50.000000
0.192555 -0.381311 -0.036023 51.000000
-0.009939 0.508669 0.147354 50.000000
0.494170 -0.338122 0.117617 51.000000
-0.348372 -0.217051 -0.097621 50.000000
-0.181280 0.021551 0.006458 50.000000
-0.469443 0.376269 0.138858 50.000000
-0.110478 -0.442201 -0.024695 50.000000
0.455938 0.493800 -0.000622 50.000000
-0.155791 -0.139169 -0.160634 50.000000
0.387260 0.000311 -0.011951 52.000000
-0.324299 0.497341 -0.114614 50.000000
0.690292 0.507960 -0.066468 50.000000
-0.580602 0.288475 0.002918 50.000000
-0.599011 -0.013141 0.019203 50.000000
-0.374569 -0.402552 -0.081337 53.000000
0.845348 0.499464 -0.114614 50.000000
0.095556 0.210592 0.216739 50.000000
-0.198980 -0.268028 -0.096205 50.000000
0.060155 0.489552 0.298162 50.000000
0.285304 -0.427333 0.043983 51.000000
-0.580602 0.136958 -0.019739 50.000000
0.225123 -0.180942 -0.086292 50.000000
0.307253 -0.301305 -0.003454 51.000000
-0.294562 0.488136 -0.198159 50.000000
-0.573523 -0.166074 -0.035315 53.000000
0.718612 -0.152622 0.119033 50.000000
-0.080741 -0.168198 -0.169839 50.000000
0.210963 -0.365735 0.010706 51.000000
-0.128886 0.065449 0.116909 50.000000
0.732065 0.500172 -0.025403 50.000000
-0.109061 -0.158286 -0.143642 50.000000
0.137329 0.518581 0.296746 50.000000
0.390091 0.076777 -0.011242 52.000000
-0.164287 -0.461318 0.029823 53.000000
-0.440414 -0.196518 -0.101869 50.000000
0.201050 -0.285729 -0.045228 51.000000
0.780210 -0.272277 0.067348 50.000000
0.774546 -0.188730 0.087172 50.000000
-0.433335 -0.429457 -0.049476 53.000000
0.182643 -0.150498 -0.028943 52.000000
-0.267658 -0.297057 -0.111781 50.000000
0.038915 0.510085 0.366840 50.000000
-0.201104 -0.022346 -0.012658 50.000000
-0.591930 0.115718 -0.016906 50.000000
-0.563610 -0.156162 -0.071424 50.000000
-0.099149 -0.110848 -0.151430 50.000000
-0.227301 -0.374231 -0.132313 53.000000
0.276809 -0.236876 0.012830 50.000000
-0.405722 0.503005 -0.145058 50.000000
0.578425 -0.255284 0.068056 51.000000
0.190431 -0.399011 0.018494 51.000000
0.070067 -0.260240 -0.089832 51.000000
0.273269 -0.311217 -0.004870 51.000000
-0.167119 -0.265196 -0.140102 50.000000
-0.323591 -0.343078 -0.152846 53.000000
-0.146586 -0.139877 -0.159926 50.000000
-0.169243 -0.387683 -0.111781 53.000000
-0.169243 -0.055623 -0.033899 50.000000
-0.051004 -0.139877 -0.133022 50.000000
-0.496348 -0.125716 -0.079920 50.000000
-0.080741 -0.412464 -0.081337 50.000000
-0.528917 -0.001105 -0.081337 50.000000
-0.593346 0.369189 -0.009827 50.000000
-0.594055 0.544070 -0.005578 50.000000
-0.459531 -0.000397 -0.054431 50.000000
0.121752 -0.090315 -0.094081 52.000000
0.050243 -0.362195 -0.087708 51.000000
-0.426254 -0.043586 -0.060096 50.000000
0.018382 -0.149789 -0.121693 50.000000
0.037498 0.499464 -0.029651 50.000000
0.421244 -0.215635 -0.043103 50.000000
0.008469 -0.139877 -0.120985 50.000000
0.683919 0.505129 -0.113905 50.000000
0.024046 -0.236167 -0.162758 50.000000
0.213087 -0.286437 -0.037439 51.000000
-0.185528 0.500172 -0.157094 50.000000
-0.308723 -0.317590 -0.103993 50.000000
0.039622 -0.020929 -0.113197 52.000000
0.217335 -0.299181 -0.009827 51.000000
-0.138798 -0.023053 -0.019031 50.000000
0.510455 -0.391223 0.166471 51.000000
-0.675477 -0.394056 0.062392 53.000000
-0.528917 -0.001105 -0.081337 50.000000
0.146533 -0.284313 -0.055140 51.000000
-0.326423 -0.032258 -0.021863 50.000000
0.385136 -0.140585 -0.008410 52.000000
-0.560069 0.186520 0.084341 50.000000
0.018382 -0.158993 -0.113905 50.000000
0.814195 -0.201475 0.111245 50.000000
0.493463 -0.073323 0.035487 52.000000
-0.029056 0.522121 -0.064344 50.000000
-0.554405 0.420874 0.012830 50.000000
-0.550865 0.109345 -0.047352 50.000000
0.326370 -0.315466 0.029115 51.000000
0.212379 -0.275817 -0.038855 51.000000
-0.247125 -0.077572 -0.091957 50.000000
0.219459 -0.378479 -0.065052 51.000000
-0.063041 0.502296 -0.117445 50.000000
0.740561 -0.223423 0.074427 50.000000
0.694540 0.476808 0.134610 50.000000
-0.457407 -0.326085 -0.131606 53.000000
-0.547326 0.161739 0.080800 50.000000
0.079271 -0.299889 -0.101160 51.000000
-0.357576 -0.306969 -0.116029 50.000000
-0.330672 -0.379188 -0.102577 53.000000
0.050243 -0.059871 -0.102577 52.000000
0.027586 -0.052083 -0.134437 52.000000
-0.043924 -0.206430 -0.185415 50.000000
-0.294562 -0.206430 -0.129482 50.000000
-0.599011 -0.013141 0.019203 50.000000
-0.153667 0.493092 -0.202408 50.000000
-0.257746 -0.108016 -0.088417 50.000000
0.031126 -0.373523 -0.074256 51.000000
0.584089 -0.223423 0.159390 50.000000
-0.204644 0.488844 -0.187540 50.000000
0.155030 -0.170322 -0.071424 50.000000
0.541607 -0.264488 0.035487 51.000000
0.138037 0.493800 -0.017615 50.000000
-0.107646 0.050580 0.085756 50.000000
-0.604675 -0.361486 -0.016906 53.000000
0.079980 -0.260240 -0.092665 51.000000
0.744102 -0.246788 0.050355 50.000000
-0.414926 0.455567 0.157266 50.000000
-0.588391 -0.059163 -0.019031 50.000000
-0.579186 -0.289269 -0.106117 53.000000
0.400004 -0.055623 -0.043103 52.000000
-0.549450 0.511500 -0.086292 50.000000
0.138037 -0.443617 0.031947 51.000000
0.133081 0.225461 0.228068 50.000000
0.072191 -0.333166 -0.070008 51.000000
-0.109061 -0.120052 -0.123818 50.000000
0.507623 0.508669 -0.119569 50.000000
-0.640784 0.511500 -0.176919 50.000000
0.092724 0.423706 0.254973 50.000000
-0.683265 -0.347327 0.052480 53.000000
-0.337044 -0.256700 -0.111073 50.000000
0.882873 -0.262364 0.070180 50.000000
0.159985 -0.327502 -0.035315 51.000000
-0.120390 -0.383435 -0.064344 50.000000
-0.267658 -0.167490 -0.098329 50.000000
-0.205352 0.503712 -0.179043 50.000000
0.423368 -0.258824 -0.037439 51.000000
0.322830 -0.042878 0.008582 52.000000
0.273269 -0.161117 -0.006994 52.000000
0.209547 -0.386268 0.003626 51.000000
-0.649280 0.167403 0.014246 50.000000
0.230787 0.503005 -0.003454 50.000000
-0.051712 -0.120761 -0.155679 50.000000
0.190431 -0.275108 -0.043103 51.000000
0.336990 -0.364319 0.072303 51.000000
-0.317220 -0.002521 0.087881 50.000000
-0.128886 0.065449 0.116909 50.000000
-0.461655 -0.105892 -0.095496 50.000000
-0.490684 -0.156162 -0.109657 50.000000
-0.597594 0.407422 -0.002746 50.000000
-0.535289 -0.258116 -0.103285 53.000000
-0.189775 -0.360071 -0.086292 53.000000
-0.339168 -0.156869 -0.086292 50.000000
0.313626 -0.257408 -0.021863 51.000000
0.342654 -0.151205 -0.041688 52.000000
0.826231 -0.036506 0.228776 50.000000
-0.157207 -0.226255 -0.135146 50.000000
-0.516173 -0.420960 0.034779 53.000000
-0.090653 -0.335290 -0.131606 50.000000
-0.180572 0.009515 -0.006994 50.000000
0.312917 -0.342370 -0.031067 51.000000
0.415580 0.510793 0.186295 50.000000
0.548688 0.201388 0.092836 50.000000
0.385136 -0.108724 -0.011242 52.000000
-0.139507 0.046332 0.040443 50.000000
0.289553 -0.151205 -0.034607 52.000000
0.432573 0.070405 0.017079 52.000000
-0.591223 -0.091024 -0.008410 50.000000
0.155030 -0.428041 0.077968 51.000000
0.433281 0.059785 0.021326 52.000000
-0.070829 -0.295641 -0.131606 50.000000
0.207423 0.488136 -0.143642 50.000000
-0.579186 -0.083943 -0.096205 50.000000
0.060155 -0.209970 -0.088417 50.000000
-0.448911 -0.021638 -0.053724 50.000000
0.506206 0.116426 0.093545 52.000000
-0.819205 0.517164 0.041151 50.000000
0.851720 -0.066243 0.124697 50.000000
0.166358 0.507960 0.216739 50.000000
0.458062 -0.084651 0.038319 52.000000
0.015549 -0.025178 -0.031775 52.000000
0.722860 -0.211387 0.065932 50.000000
-0.459531 -0.321838 -0.067176 53.000000
-0.268366 -0.117928 -0.087001 50.000000
0.891369 -0.201475 0.058851 50.000000
-0.077201 -0.003229 -0.023987 50.000000
0.120336 -0.260949 -0.093372 51.000000
-0.484312 -0.265196 -0.144350 53.000000
-0.487143 0.066156 -0.031067 50.000000
0.352566 -0.299181 -0.048767 51.000000
-0.441123 0.403882 0.105581 50.000000
0.148657 0.501588 0.286126 50.000000
-0.089237 -0.110848 -0.141518 50.000000
-0.348372 -0.083943 -0.013367 50.000000
0.244948 -0.129965 -0.039563 52.000000
0.442485 0.108638 0.047523 52.000000
-0.587682 -0.209263 -0.026111 53.000000
0.145117 0.058368 0.157266 52.000000
0.290969 0.498048 0.212491 50.000000
0.157153 0.027924 0.079384 52.000000
-0.331379 -0.289269 -0.082044 50.000000
0.771006 -0.065535 0.173550 50.000000
-0.610339 0.509376 -0.072840 50.000000
0.339114 -0.280065 -0.010534 51.000000
-0.271906 -0.302013 -0.169131 50.000000
0.314334 -0.321838 -0.022570 51.000000
0.458769 -0.352991 0.039027 51.000000
0.256276 0.090229 0.119033 52.000000
-0.135967 0.510793 -0.063635 50.000000
0.211671 -0.233336 -0.040979 50.000000
0.230079 -0.407508 -0.006994 51.000000
-0.438999 -0.277232 -0.115321 53.000000
0.092016 0.459816 0.241521 50.000000
-0.378817 -0.347327 -0.113197 53.000000
0.505499 0.110762 0.053187 52.000000
0.589753 -0.292101 0.097793 51.000000
-0.789468 0.469727 0.259929 50.000000
0.535943 0.505129 0.054604 50.000000
-0.643616 -0.188023 0.010706 53.000000
0.718612 -0.152622 0.119033 50.000000
0.167065 -0.294933 -0.055847 51.000000
-0.189775 -0.024470 -0.038855 50.000000
-0.310139 -0.127132 -0.073548 50.000000
0.170606 0.496632 -0.179043 50.000000
-0.295271 -0.425917 -0.058680 53.000000
0.353983 0.509376 -0.177627 50.000000
0.626570 -0.197934 0.058851 50.000000
0.361771 0.013763 0.022743 52.000000
-0.089945 -0.187314 -0.162050 50.000000
0.495587 0.221213 0.082216 50.000000
-0.029056 -0.364319 -0.057971 50.000000
-0.156499 -0.253868 -0.162758 50.000000
0.400004 -0.108016 0.002210 52.000000
0.480718 0.155367 0.043983 52.000000
0.443193 0.025800 0.017786 52.000000
0.545148 -0.276525 0.045399 51.000000
-0.401474 -0.298473 -0.096912 53.000000
0.117505 0.077485 0.223112 50.000000
0.349027 0.050580 0.062392 52.000000
-0.587682 -0.209263 -0.026111 53.000000
-0.567150 -0.187314 -0.059388 53.000000
-0.000734 -0.051375 -0.120278 50.000000
-0.567858 0.220505 0.010706 50.000000
-0.123930 0.502296 -0.207364 50.000000
-0.525377 -0.343786 -0.064344 53.000000
0.145825 -0.180942 -0.058680 50.000000
0.075023 0.057661 0.150186 50.000000
-0.067996 -0.027302 -0.063635 50.000000
-0.115434 0.511500 0.117617 50.000000
-0.207476 0.500172 0.078676 50.000000
-0.523961 -0.430165 0.017786 53.000000
0.514703 0.495924 0.030531 50.000000
-0.669105 0.149703 0.043275 50.000000
-0.150835 -0.384852 -0.053724 53.000000
-0.359700 -0.207139 -0.089125 50.000000
0.259816 0.510085 -0.156386 50.000000
-0.821329 0.509376 -0.025403 50.000000
0.098388 0.518581 -0.082044 50.000000
-0.108354 -0.047835 -0.072840 50.000000
-0.278278 -0.127840 -0.087708 50.000000
0.179810 -0.212095 -0.043811 50.000000
0.309377 0.485304 -0.067176 50.000000
-0.046756 0.519288 0.102040 50.000000
0.098388 0.518581 -0.082044 50.000000
-0.201812 0.000311 0.001501 50.000000
-0.613171 0.487428 0.093545 50.000000
-0.428378 -0.196518 -0.110365 50.000000
-0.215972 -0.099519 -0.121693 50.000000
-0.120390 -0.413880 -0.071424 53.000000
0.550104 0.001727 0.125406 52.000000
-0.070829 -0.246080 -0.142226 50.000000
0.453105 -0.229088 0.024867 51.000000
0.200343 -0.057747 -0.055140 52.000000
0.820567 -0.298473 0.091420 50.000000
0.015549 -0.256700 -0.145058 51.000000
-0.126762 0.531325 0.098500 50.000000
-0.126762 0.505129 0.060975 50.000000
-0.051712 -0.120761 -0.155679 50.000000
0.727817 -0.076863 0.206827 50.000000
-0.148003 -0.283605 -0.152846 50.000000
0.044579 0.514333 0.244352 50.000000
-0.100566 -0.345910 -0.125942 50.000000
-0.561486 -0.425917 -0.018323 53.000000
-0.538122 0.470435 -0.023279 50.000000
-0.655652 -0.265196 0.009290 53.000000
0.008469 -0.100936 -0.125233 50.000000
0.407084 -0.172445 -0.053016 50.000000
0.809238 -0.164657 0.132485 50.000000
-0.412093 -0.379188 -0.106825 53.000000
0.005637 0.505129 -0.012658 50.000000
-0.169951 0.508669 -0.003454 50.000000
0.053783 -0.088900 -0.063635 52.000000
0.061571 0.510085 -0.000622 50.000000
0.828356 -0.237583 0.079384 50.000000
0.332034 -0.108016 0.004334 52.000000
0.212379 -0.212803 -0.040271 50.000000
-0.475815 0.034296 -0.028235 50.000000
-0.215264 -0.235459 -0.145058 50.000000
0.724277 0.496632 -0.075672 50.000000
0.594001 0.495924 -0.147890 50.000000
0.702328 -0.296349 0.111952 50.000000
-0.147295 -0.158286 -0.140102 50.000000
-0.563610 0.471144 -0.065052 50.000000
-0.183404 -0.430165 -0.027527 53.000000
0.324954 0.498756 0.123989 50.000000
0.419121 0.507960 0.092836 50.000000
0.159277 -0.077572 -0.043811 52.000000
-0.053128 0.495924 -0.133022 50.000000
-0.613171 0.132711 0.017786 50.000000
0.041746 -0.251036 -0.072132 51.000000
-0.516880 -0.166074 -0.087001 53.000000
-0.320759 -0.028718 0.024159 50.000000
-0.208184 -0.375647 -0.122402 53.000000
-0.415634 -0.206430 -0.122402 50.000000
0.147242 -0.229795 -0.118861 50.000000
0.043870 0.497341 0.072303 50.000000
-0.441123 -0.207139 -0.097621 50.000000
-0.128178 -0.265196 -0.143642 50.000000
-0.574230 0.495924 -0.169131 50.000000
-0.138798 -0.401136 -0.158510 53.000000
-0.081449 0.493800 0.103457 50.000000
-0.132426 -0.479726 0.071596 53.000000
-0.099857 -0.215635 -0.164882 50.000000
-0.080741 -0.139877 -0.167007 50.000000
0.327786 -0.371399 0.033362 51.000000
0.632942 -0.248204 0.145938 50.000000
-0.041799 -0.276525 -0.134437 50.000000
0.152197 -0.210679 -0.086292 50.000000
0.256984 -0.308385 -0.032483 51.000000
0.365311 0.489552 0.262761 50.000000
-0.757607 0.515040 0.096376 50.000000
0.212379 -0.088191 -0.044519 52.000000
-0.768935 0.514333 0.048231 50.000000
0.128833 0.507252 0.216739 50.000000
0.329910 -0.290685 -0.003454 51.000000
-0.374569 -0.402552 -0.081337 53.000000
0.006345 0.502296 -0.179751 50.000000
0.095556 -0.357239 -0.045935 51.000000
0.266188 -0.192270 -0.039563 50.000000
-0.592639 -0.328210 -0.014782 53.000000
-0.806460 0.517873 -0.033899 50.000000
0.343362 0.514333 -0.128773 50.000000
0.313626 -0.257408 -0.021863 51.000000
-0.440414 -0.357946 -0.116738 53.000000
-0.158623 -0.286437 -0.120985 50.000000
-0.366780 -0.027302 0.039735 50.000000
-0.050296 -0.370691 -0.089125 50.000000
0.177686 -0.451405 0.077968 51.000000
0.139453 -0.159701 -0.103285 52.000000
0.075023 -0.377771 -0.044519 51.000000
0.457353 -0.226963 -0.037439 51.000000
0.464433 -0.096688 0.020619 52.000000
0.010594 -0.260240 -0.083460 51.000000
-0.208893 -0.357239 -0.106825 53.000000
-0.316511 -0.375647 -0.045228 53.000000
-0.312971 -0.340954 -0.071424 53.000000
0.297341 -0.182358 0.004334 50.000000
-0.521837 -0.176694 -0.065052 53.000000
-0.109061 -0.120052 -0.123818 50.000000
-0.327132 -0.083943 -0.014782 50.000000
0.389384 0.504420 -0.167715 50.000000
0.496294 -0.016682 0.039027 52.000000
-0.591223 0.093062 -0.019031 50.000000
-0.378109 0.504420 -0.037439 50.000000
0.705160 0.481056 0.051063 50.000000
-0.137382 -0.120052 -0.132313 50.000000
0.094848 -0.140585 -0.140810 52.000000
-0.501304 0.085981 0.039027 50.000000
-0.061624 -0.235459 -0.157094 50.000000
-0.228717 0.507252 0.262761 50.000000
0.152197 -0.210679 -0.086292 50.000000
0.511871 0.493800 0.109828 50.000000
-0.368197 -0.246788 -0.107533 50.000000
-0.300227 -0.007477 0.030531 50.000000
0.727817 -0.258116 0.044691 50.000000
-0.608923 -0.241124 -0.032483 53.000000
0.130957 -0.459193 0.063099 51.000000
0.419121 0.036420 0.017079 52.000000
-0.092778 0.502296 0.127529 50.000000
0.176978 -0.232627 -0.060096 50.000000
0.375223 -0.377771 0.084341 51.000000
0.042455 0.501588 0.048939 50.000000
0.311501 -0.118637 0.013538 52.000000
0.890661 -0.153329 0.116201 50.000000
0.313626 -0.347327 0.021326 51.000000
0.463017 -0.393347 0.091420 51.000000
0.145825 0.502296 -0.130190 50.000000
-0.167828 0.496632 0.321526 50.000000
0.283889 -0.236167 -0.008410 50.000000
-0.099857 -0.187314 -0.162758 50.000000
0.786582 0.510793 -0.094789 50.000000
0.060155 -0.209970 -0.088417 50.000000
0.732065 -0.295641 0.083632 50.000000
-0.052420 -0.235459 -0.157803 50.000000
0.821275 0.513624 -0.139394 50.000000
0.031834 0.001727 0.040443 52.000000
0.105468 -0.037922 -0.064344 52.000000
0.659139 -0.091731 0.140982 50.000000
-0.288190 -0.197227 -0.094081 50.000000
0.553644 -0.377771 0.140274 51.000000
0.832604 0.513624 0.071596 50.000000
0.071483 -0.220591 -0.081337 50.000000
0.237868 -0.424501 0.033362 51.000000
0.414164 0.512917 0.237980 50.000000
0.249196 -0.384852 -0.021155 51.000000
-0.780264 0.513624 0.086464 50.000000
-0.703090 0.491676 -0.116029 50.000000
0.084935 0.296263 0.211784 50.000000
0.497003 -0.327502 0.126821 51.000000
-0.451035 -0.257408 -0.103285 53.000000
-0.509800 0.513624 -0.168422 50.000000
-0.389437 -0.015974 0.043983 50.000000
-0.507676 0.105098 0.013538 50.000000
-0.469443 0.462647 -0.139394 50.000000
0.210255 0.026508 0.060268 52.000000
0.089892 -0.110140 -0.101160 52.000000
-0.563610 0.471144 -0.065052 50.000000
0.477178 0.159615 0.073012 52.000000
0.294509 0.069697 0.135317 52.000000
-0.388021 -0.156869 -0.105409 50.000000
0.271145 -0.267320 -0.016199 51.000000
0.268312 0.027924 0.067348 52.000000
0.136621 0.503712 0.294622 50.000000
0.270436 0.017303 0.079384 52.000000
0.625154 -0.151913 0.124697 50.000000
0.107592 -0.259532 -0.116029 51.000000
0.432573 -0.205723 -0.004870 50.000000
-0.117558 -0.001105 -0.001330 50.000000
-0.565026 -0.125009 -0.066468 50.000000
0.208839 0.095893 0.269841 52.000000
0.889245 -0.237583 0.055311 50.000000
-0.363240 -0.381311 -0.085584 53.000000
0.640022 0.488844 0.056728 50.000000
-0.550865 0.148995 -0.003454 50.000000
0.089892 0.342992 0.249309 50.000000
0.182643 -0.150498 -0.028943 52.000000
0.612409 0.503005 -0.132313 50.000000
-0.239337 0.500880 -0.127357 50.000000
-0.174199 0.505836 -0.200992 50.000000
0.352566 0.041376 0.077260 52.000000
0.002805 0.500172 -0.058680 50.000000
-0.052420 -0.226255 -0.156386 50.000000
-0.472984 -0.227671 -0.096205 53.000000
0.602497 -0.234043 0.099916 50.000000
0.576301 0.522121 -0.136561 50.000000
-0.518297 0.199264 0.168595 50.000000
0.608162 -0.340954 0.110537 51.000000
-0.203229 -0.387683 -0.031067 53.000000
-0.331379 0.476099 -0.141518 50.000000
-0.305891 -0.295641 -0.125233 50.000000
-0.739198 0.541237 -0.054431 50.000000
-0.444663 -0.043586 -0.073548 50.000000
-0.611047 0.513624 -0.024695 50.000000
-0.337752 -0.287145 -0.111073 50.000000
-0.649988 -0.155453 0.035487 50.000000
0.072191 0.526369 0.117617 50.000000
0.168482 -0.222715 -0.047352 50.000000
0.660555 -0.115804 0.145230 50.000000
-0.658484 -0.353698 0.007874 53.000000
0.111132 0.512209 -0.162050 50.000000
-0.271906 -0.302013 -0.169131 50.000000
-0.162871 -0.422377 -0.011951 53.000000
0.203175 0.520705 0.209660 50.000000
-0.117558 0.019427 -0.014075 50.000000
0.089892 -0.110140 -0.101160 52.000000
0.329910 -0.476894 0.138149 51.000000
-0.127470 -0.206430 -0.166298 50.000000
0.007761 -0.149789 -0.127357 50.000000
0.434697 -0.402552 0.077968 51.000000
-0.118974 -0.294933 -0.140810 50.000000
-0.258453 0.514333 0.327899 50.000000
-0.281819 0.486720 0.149478 50.000000
-0.551574 0.029340 0.012122 50.000000
0.295217 -0.118637 -0.006994 52.000000
-0.235797 -0.138461 -0.114614 50.000000
0.080687 -0.090315 -0.094081 52.000000
0.462310 -0.261656 0.015662 51.000000
0.105468 0.022260 0.019910 52.000000
-0.598303 0.069697 -0.033899 50.000000
-0.540953 -0.186606 -0.077089 53.000000
0.524615 0.507960 0.245061 50.000000
0.775962 0.494508 -0.142934 50.000000
0.258400 -0.117928 0.027698 52.000000
-0.533165 -0.358655 -0.124526 53.000000
0.157153 0.140499 0.240104 50.000000
-0.002859 0.511500 0.041151 50.000000
0.455938 0.519288 0.297454 50.000000
0.216627 -0.319714 -0.018323 51.000000
-0.693885 -0.234043 0.057435 53.000000
-0.827700 0.527785 -0.050183 50.000000
-0.448911 0.392554 0.157974 50.000000
-0.640076 0.513624 -0.138686 50.000000
0.225832 0.503712 -0.035315 50.000000
-0.438290 -0.052790 -0.053724 50.000000
-0.541662 0.234665 0.158682 50.000000
-0.404305 -0.350867 -0.084877 53.000000
-0.356869 -0.037922 0.048939 50.000000
0.674007 -0.236876 0.145938 50.000000
0.087059 -0.288561 -0.120985 51.000000
0.037498 -0.238292 -0.123818 50.000000
-0.109770 -0.333166 -0.154262 50.000000
-0.013479 -0.158993 -0.154262 50.000000
0.850304 0.515040 -0.108241 50.000000
-0.239337 0.512209 0.036902 50.000000
0.252736 -0.192270 -0.053724 50.000000
-0.148711 0.030755 -0.004870 50.000000
0.317165 0.515040 0.017786 50.000000
-0.337044 -0.256700 -0.111073 50.000000
-0.271906 -0.302013 -0.169131 50.000000
-0.414926 0.493092 0.237980 50.000000
0.838268 0.524952 0.014955 50.000000
-0.390145 -0.217051 -0.094081 50.000000
0.157153 0.027924 0.079384 52.000000
0.620906 0.480348 0.121865 50.000000
0.713656 -0.079696 0.139565 50.000000
0.371684 -0.172445 -0.016906 50.000000
0.200343 -0.057747 -0.055140 52.000000
0.410624 -0.374231 0.036195 51.000000
-0.517589 -0.083943 -0.082044 50.000000
-0.175616 -0.149081 -0.149306 50.000000
0.218751 -0.428041 -0.013367 51.000000
0.380179 -0.214219 -0.068592 50.000000
-0.260577 -0.076155 -0.051600 50.000000
-0.763979 0.534157 0.112661 50.000000
0.506206 -0.184482 0.003626 50.000000
0.172730 -0.076863 -0.026111 52.000000
0.474345 -0.251036 0.016370 51.000000
-0.434042 0.399633 0.138149 50.000000
-0.465196 -0.125716 -0.076380 50.000000
-0.362533 -0.442201 -0.027527 53.000000
-0.582726 -0.251036 -0.045935 53.000000
-0.001443 -0.110848 -0.126649 50.000000
0.828356 -0.237583 0.079384 50.000000
0.066527 -0.036506 -0.042395 52.000000
-0.022683 -0.149789 -0.147182 50.000000
-0.471567 -0.146957 -0.099036 50.000000
0.744809 -0.175986 0.083632 50.000000
0.507623 0.508669 -0.119569 50.000000
-0.010647 -0.081111 -0.125233 50.000000
-0.349788 -0.318297 -0.100453 50.000000
0.733481 -0.176694 0.155850 50.000000
-0.184111 -0.443617 -0.011951 53.000000
0.410624 -0.374231 0.036195 51.000000
-0.410678 -0.166781 -0.091248 50.000000
-0.349788 -0.177402 -0.085584 50.000000
0.324246 0.022967 0.007874 52.000000
0.640730 0.525661 0.046107 50.000000
0.489923 -0.274401 0.026283 51.000000
-0.361116 -0.419544 -0.107533 53.000000
-0.536705 -0.042878 -0.092665 50.000000
0.013425 -0.047126 -0.057264 52.000000
0.613826 0.506545 0.264177 50.000000
-0.494224 0.530617 0.170719 50.000000
0.027586 -0.110848 -0.133022 52.000000
-0.420590 -0.226963 -0.096912 50.000000
-0.007815 -0.386976 -0.043103 50.000000
0.351151 -0.345203 -0.010534 51.000000
-0.560778 -0.073323 -0.082753 50.000000
-0.109770 -0.355822 -0.125942 50.000000
-0.108354 -0.039338 -0.099036 50.000000
-0.244294 -0.235459 -0.142934 50.000000
-0.378817 -0.337414 -0.113905 53.000000
-0.594055 0.476099 -0.128773 50.000000
0.539483 0.540530 -0.107533 50.000000
-0.226593 -0.392640 -0.148598 53.000000
-0.608923 -0.207846 -0.070716 53.000000
0.058738 0.519288 -0.043103 50.000000
-0.079324 0.531325 0.257097 50.000000
0.117505 -0.445033 0.045399 51.000000
-0.467319 -0.066243 -0.118861 50.000000
-0.109061 -0.099519 -0.109657 50.000000
-0.358285 -0.447865 -0.059388 53.000000
-0.310139 -0.018805 0.020619 50.000000
0.243532 0.512917 0.313030 50.000000
0.119629 -0.056330 -0.028235 52.000000
-0.082157 0.511500 0.043275 50.000000
0.266897 -0.213511 -0.033899 50.000000
0.434697 0.490968 -0.077796 50.000000
0.358939 -0.392640 0.017079 51.000000
-0.041092 0.499464 -0.092665 50.000000
0.809947 -0.309093 0.069472 50.000000
-0.138798 -0.335998 -0.118861 50.000000
0.145117 0.523537 0.030531 50.000000
0.268312 -0.042878 0.015662 52.000000
0.395755 -0.205015 -0.010534 50.000000
-0.116142 0.503712 0.213908 50.000000
0.118920 0.221213 0.205411 50.000000
0.290969 0.502296 -0.051600 50.000000
-0.257746 -0.217759 -0.097621 50.000000
-0.601135 0.507252 -0.111073 50.000000
-0.060208 -0.369983 -0.091248 50.000000
0.228663 0.064032 0.097793 52.000000
-0.139507 -0.369275 -0.096205 53.000000
-0.021976 0.506545 -0.136561 50.000000
-0.159331 -0.376355 -0.118153 53.000000
0.087059 0.144039 0.267717 50.000000
0.042455 0.517873 0.214615 50.000000
0.062987 0.504420 -0.115321 50.000000
0.507623 0.508669 -0.119569 50.000000
0.167065 -0.170322 -0.058680 50.000000
0.370975 -0.269444 -0.018323 51.000000
0.012009 0.522121 0.109828 50.000000
-0.150835 0.060492 0.066639 50.000000
0.161401 -0.339539 -0.024695 51.000000
-0.247833 -0.098104 -0.084877 50.000000
0.383012 0.492384 -0.097621 50.000000
-0.092069 0.534157 0.267009 50.000000
-0.825577 0.537697 -0.095496 50.000000
0.713656 -0.079696 0.139565 50.000000
-0.157915 -0.006061 -0.064344 50.000000
-0.578478 0.320335 0.037611 50.000000
0.757554 -0.238292 0.145938 50.000000
0.746225 0.510085 0.185587 50.000000
-0.363240 -0.381311 -0.085584 53.000000
0.561432 -0.244664 0.092836 51.000000
0.630110 -0.115804 0.173550 50.000000
-0.556529 -0.093148 -0.055847 50.000000
-0.209600 0.503712 0.391620 50.000000
0.693832 -0.318297 0.089296 50.000000
0.242115 0.093062 0.243645 52.000000
0.084935 0.296263 0.211784 50.000000
0.179810 -0.442201 0.093545 51.000000
0.137329 -0.200058 -0.118153 50.000000
-0.580602 -0.166074 -0.051600 53.000000
0.468681 0.490260 -0.124526 50.000000
0.455229 0.480348 -0.041688 50.000000
-0.768228 0.537697 0.081508 50.000000
-0.285359 -0.176694 -0.120278 50.000000
-0.656360 -0.187314 -0.024695 53.000000
-0.747695 0.493092 -0.162758 50.000000
0.335574 0.107222 0.151602 52.000000
-0.361116 -0.419544 -0.107533 53.000000
0.566389 -0.327502 0.104873 51.000000
0.595417 -0.093148 0.113369 50.000000
-0.157207 -0.069783 -0.117445 50.000000
0.361771 0.073944 0.061684 52.000000
0.688876 0.479640 0.196915 50.000000
-0.099149 -0.139877 -0.147890 50.000000
0.098388 0.510085 0.031947 50.000000
0.834727 -0.202182 0.123989 50.000000
0.256276 0.090229 0.119033 52.000000
0.409209 0.014472 0.026283 52.000000
0.015549 -0.025178 -0.031775 52.000000
0.436821 -0.140585 0.008582 52.000000
-0.350496 0.551149 0.215324 50.000000
-0.606091 0.303343 0.009290 50.000000
-0.116850 0.524245 0.322942 50.000000
-0.384481 -0.137753 -0.125233 50.000000
0.509746 -0.074031 0.009290 52.000000
-0.029056 -0.385559 -0.054431 50.000000
-0.459531 -0.342370 -0.069299 53.000000
-0.276862 0.490260 0.082216 50.000000
-0.010647 0.014472 0.054604 50.000000
-0.036844 0.500172 0.046107 50.000000
0.279640 0.497341 -0.162758 50.000000
-0.748403 0.493800 -0.087708 50.000000
0.680380 0.504420 0.049647 50.000000
0.302298 0.489552 0.139565 50.000000
0.632234 -0.258116 0.108413 50.000000
0.455229 0.103681 0.008582 52.000000
-0.326423 -0.416004 -0.059388 53.000000
0.298758 -0.258824 0.009290 51.000000
0.335574 0.107222 0.151602 52.000000
0.421244 0.521413 -0.095496 50.000000
0.672591 -0.140585 0.143106 50.000000
0.780918 -0.249620 0.101333 50.000000
0.094848 -0.047835 -0.062220 52.000000
0.176270 0.514333 0.194083 50.000000
-0.581311 0.082441 -0.011951 50.000000
-0.540245 0.153951 0.104164 50.000000
-0.186236 -0.167490 -0.128066 50.000000
-0.170659 -0.381311 -0.082044 53.000000
-0.013479 -0.149789 -0.156386 50.000000
-0.104814 0.504420 0.096376 50.000000
-0.339168 -0.156869 -0.086292 50.000000
-0.378817 0.522121 0.250016 50.000000
-0.596179 0.161739 -0.006994 50.000000
-0.204644 -0.253868 -0.169131 50.000000
0.117505 0.077485 0.223112 50.000000
0.067943 0.325999 0.289665 50.000000
-0.194732 -0.177402 -0.152846 50.000000
0.703036 0.508669 0.148062 50.000000
-0.078617 -0.467690 0.067348 50.000000
0.073607 -0.355115 -0.061512 51.000000
-0.400058 -0.237583 -0.096205 50.000000
-0.459531 0.306175 0.163638 50.000000
-0.656360 -0.187314 -0.024695 53.000000
0.189722 -0.117928 0.014246 52.000000
0.048826 0.488844 -0.156386 50.000000
0.227956 -0.087484 -0.019031 52.000000
0.635775 -0.163241 0.048939 50.000000
0.122460 0.262985 0.228068 50.000000
-0.712294 0.510793 -0.169839 50.000000
-0.204644 0.026508 0.057435 50.000000
-0.189775 0.490260 -0.056556 50.000000
-0.327132 0.475392 -0.175503 50.000000
-0.465903 0.302635 0.201163 50.000000
-0.628040 -0.134213 0.000086 50.000000
0.681795 -0.127840 0.164346 50.000000
0.598957 -0.256700 0.087881 51.000000
-0.003567 -0.266613 -0.142226 50.000000
-0.511216 -0.267320 -0.116738 53.000000
-0.099857 -0.187314 -0.162758 50.000000
-0.591930 -0.145541 -0.089125 50.000000
-0.298811 -0.441493 -0.028943 53.000000
-0.189068 -0.317590 -0.103993 50.000000
-0.021976 0.495216 -0.136561 50.000000
-0.247833 0.493800 -0.147182 50.000000
0.091308 -0.169614 -0.083460 52.000000
0.480010 -0.207139 0.034779 50.000000
0.359647 0.050580 0.058144 52.000000
0.504791 -0.084651 0.032655 52.000000
-0.552281 0.460523 0.104164 50.000000
-0.459531 -0.166074 -0.106117 50.000000
0.220168 -0.438661 0.060268 51.000000
-0.097733 -0.001813 -0.012658 50.000000
0.269728 0.514333 -0.048767 50.000000
0.365311 0.489552 0.262761 50.000000
0.754013 -0.129256 0.072303 50.000000
-0.817789 0.512917 0.160807 50.000000
-0.224469 -0.205723 -0.151430 50.000000
-0.168535 0.503005 -0.052307 50.000000
0.023337 0.497341 -0.068592 50.000000
0.201759 -0.306969 -0.039563 51.000000
-0.436875 0.502296 -0.151430 50.000000
0.447441 -0.260949 0.007166 51.000000
0.084935 0.296263 0.211784 50.000000
0.152197 -0.160410 -0.086292 52.000000
-0.494224 -0.403260 -0.011951 53.000000
-0.213848 -0.157577 -0.155679 50.000000
-0.288898 -0.297765 -0.096912 50.000000
-0.207476 0.517873 0.342767 50.000000
-0.094902 0.497341 -0.191787 50.000000
-0.065872 0.020136 0.000086 50.000000
-0.007815 -0.386976 -0.043103 50.000000
-0.606091 0.502296 0.059559 50.000000
-0.390145 -0.106600 -0.088417 50.000000
0.695956 -0.328210 0.061684 50.000000
-0.195440 -0.139169 -0.141518 50.000000
-0.571398 -0.269444 -0.091248 53.000000
0.419828 -0.161826 -0.008410 50.000000
0.137329 -0.190146 -0.117445 50.000000
-0.014188 -0.265196 -0.158510 50.000000
-0.590515 -0.186606 -0.096205 53.000000
0.815611 -0.091731 0.111952 50.000000
0.489923 0.209177 0.150894 50.000000
0.270436 0.006683 0.080800 52.000000
-0.043216 0.500172 0.245061 50.000000
-0.387313 -0.027302 0.031947 50.000000
0.794370 -0.310509 0.096376 50.000000
-0.663441 0.524952 -0.181167 50.000000
0.497003 -0.327502 0.126821 51.000000
0.153613 -0.393347 0.069472 51.000000
0.256984 -0.107308 0.021326 52.000000
-0.062332 -0.272984 -0.175503 50.000000
-0.472275 -0.247495 -0.101160 53.000000
-0.765395 0.498756 0.084341 50.000000
0.079980 0.039252 0.086464 52.000000
-0.531749 -0.196518 -0.114614 53.000000
0.058031 -0.219175 -0.113197 50.000000
-0.226593 -0.392640 -0.148598 53.000000
-0.175616 0.512917 0.158682 50.000000
-0.244294 -0.360071 -0.168422 53.000000
-0.535289 -0.354407 -0.070716 53.000000
0.104760 0.459816 0.240812 50.000000
0.809238 -0.274401 0.099916 50.000000
-0.513340 -0.277941 -0.109657 53.000000
0.305837 -0.225547 -0.009827 50.000000
-0.426962 0.422291 0.086464 50.000000
0.256984 0.526369 0.309490 50.000000
0.363187 0.085981 0.065932 52.000000
0.616657 0.500172 0.101333 50.000000
0.441069 -0.096688 0.022743 52.000000
-0.031180 -0.247495 -0.118861 50.000000
-0.374569 -0.363611 -0.146474 53.000000
-0.697426 0.512209 0.024159 50.000000
-0.624500 -0.231212 -0.015491 53.000000
-0.506968 -0.115097 -0.081337 50.000000
-0.034011 0.010223 0.008582 50.000000
0.135205 -0.386268 0.014955 51.000000
0.317165 0.517164 -0.149306 50.000000
0.414873 -0.194394 -0.026111 50.000000
-0.462363 -0.217051 -0.094789 53.000000
-0.259162 -0.097396 -0.072132 50.000000
-0.260577 0.493800 -0.117445 50.000000
-0.214557 -0.292101 -0.168422 50.000000
-0.337752 -0.287145 -0.111073 50.000000
0.155030 -0.428041 0.077968 51.000000
-0.467319 0.498756 -0.102577 50.000000
-0.541662 0.459816 -0.055847 50.000000
0.174853 -0.414589 0.058851 51.000000
0.038915 -0.229088 -0.102577 50.000000
0.266188 0.500172 -0.120278 50.000000
0.191846 -0.465566 0.092128 51.000000
-0.378109 -0.384852 -0.058680 53.000000
-0.131010 -0.399720 -0.019739 53.000000
0.332742 0.493092 -0.012658 50.000000
0.398588 -0.161826 -0.041688 50.000000
-0.567150 -0.059163 -0.014782 50.000000
-0.049588 -0.396180 -0.053016 50.000000
-0.080033 -0.120761 -0.154970 50.000000
-0.594055 0.324583 0.001501 50.000000
-0.298102 -0.257408 -0.104701 50.000000
-0.419882 -0.095979 -0.095496 50.000000
-0.104814 0.492384 -0.174086 50.000000
-0.439707 0.372729 0.180631 50.000000
0.399296 0.000311 -0.008410 52.000000
0.117505 0.510793 -0.103993 50.000000
0.235036 -0.430872 0.080800 51.000000
0.044579 0.393261 0.293205 50.000000
0.123876 -0.078987 -0.075672 52.000000
0.094848 -0.047835 -0.062220 52.000000
0.089892 0.503005 -0.056556 50.000000
-0.286774 0.526369 0.364716 50.000000
0.353983 0.509376 -0.177627 50.000000
-0.118974 -0.263780 -0.165591 50.000000
-0.523253 0.032172 -0.061512 50.000000
0.092016 -0.417420 0.012122 51.000000
0.537359 0.483180 -0.165591 50.000000
-0.515465 -0.369983 -0.111781 53.000000
-0.174908 0.493800 -0.172671 50.000000
0.620906 0.459107 0.048939 50.000000
-0.117558 0.030048 -0.013367 50.000000
0.072899 0.021551 0.016370 52.000000
-0.686097 0.506545 -0.138686 50.000000
0.215919 -0.258824 0.043275 51.000000
-0.385897 -0.166781 -0.048767 50.000000
-0.209600 -0.308385 -0.089125 50.000000
0.044579 0.393261 0.293205 50.000000
-0.303059 0.507252 -0.118153 50.000000
0.075023 0.253781 0.250725 50.000000
-0.027640 -0.431581 -0.029651 50.000000
0.563556 -0.341663 0.133194 51.000000
0.327078 0.512209 -0.099745 50.000000
-0.570690 0.034296 -0.050183 50.000000
-0.055960 0.503712 0.213908 50.000000
-0.371028 -0.086067 -0.080628 50.000000
-0.381649 -0.268737 -0.087001 50.000000
-0.497764 -0.279356 -0.084168 53.000000
0.181226 -0.348743 -0.036731 51.000000
-0.269782 -0.107308 -0.067176 50.000000
0.327786 -0.344494 -0.014075 51.000000
-0.242877 -0.403968 -0.063635 53.000000
0.173438 -0.056330 -0.026111 52.000000
-0.235089 -0.186606 -0.135854 50.000000
-0.365364 -0.095272 -0.046643 50.000000
0.220168 -0.386268 0.000794 51.000000
-0.521837 -0.175986 -0.113197 53.000000
-0.618836 -0.176694 -0.035315 53.000000
0.163525 0.185104 0.287541 50.000000
-0.090653 -0.357239 -0.115321 50.000000
0.819151 -0.316882 0.182755 50.000000
-0.498472 0.262985 0.252140 50.000000
0.613826 0.506545 0.264177 50.000000
0.342654 -0.151205 -0.041688 52.000000
0.218751 -0.129256 -0.004870 52.000000
-0.371737 0.541946 0.185587 50.000000
-0.237921 -0.108016 -0.084168 50.000000
-0.119682 -0.365027 -0.131606 53.000000
0.372391 -0.291393 -0.013367 51.000000
-0.765395 0.498756 0.084341 50.000000
-0.579186 -0.083943 -0.096205 50.000000
0.089184 0.475392 0.203996 50.000000
-0.322175 -0.400428 -0.092665 53.000000
-0.063041 0.502296 -0.117445 50.000000
0.381596 0.505836 0.093545 50.000000
-0.610339 0.509376 -0.072840 50.000000
-0.104814 0.499464 -0.026111 50.000000
0.274685 0.083149 0.154434 52.000000
0.136621 -0.430872 0.021326 51.000000
-0.477939 -0.084651 -0.067176 50.000000
-0.081449 0.493800 0.103457 50.000000
-0.356869 0.493092 -0.193911 50.000000
0.096972 0.153951 0.247892 50.000000
0.092016 0.064032 0.212491 52.000000
0.509746 0.009515 0.079384 52.000000
-0.023392 -0.236167 -0.157094 50.000000
0.239284 0.517873 0.196207 50.000000
-0.053836 0.517873 0.302410 50.000000
-0.164287 0.512917 0.198331 50.000000
-0.545910 0.461231 -0.089832 50.000000
0.140161 -0.025178 -0.038147 52.000000
0.085644 0.130587 0.259221 50.000000
0.222999 -0.366443 0.016370 51.000000
0.851720 -0.090315 0.157266 50.000000
-0.117558 -0.071199 -0.142226 50.000000
0.720736 -0.246788 0.060268 50.000000
0.036791 0.538406 0.322235 50.000000
0.414164 0.512917 0.237980 50.000000
-0.580602 0.136958 -0.019739 50.000000
-0.116850 0.524245 0.322942 50.000000
-0.353328 -0.411756 -0.090541 53.000000
-0.398641 -0.116512 -0.097621 50.000000
0.336283 -0.098104 -0.024695 52.000000
-0.619543 0.107930 0.000086 50.000000
-0.088529 -0.028718 -0.084877 50.000000
0.696664 0.476099 0.179214 50.000000
0.146533 -0.047835 -0.062220 52.000000
0.109717 -0.159701 -0.103285 52.000000
-0.641492 -0.384143 -0.013367 53.000000
0.010594 -0.260240 -0.083460 51.000000
0.157861 0.117842 0.250725 50.000000
-0.549450 -0.217759 -0.089125 53.000000
0.324954 0.498756 0.123989 50.000000
0.203175 0.520705 0.209660 50.000000
-0.104814 0.492384 -0.174086 50.000000
0.186182 0.075361 0.200455 52.000000
-0.554405 0.015179 -0.023987 50.000000
-0.280402 -0.399720 -0.099036 53.000000
-0.060208 -0.369983 -0.091248 50.000000
-0.308723 -0.277232 -0.101869 50.000000
-0.773183 0.530617 0.017786 50.000000
0.206007 -0.242540 -0.074256 50.000000
0.023337 0.532033 0.099209 50.000000
0.272561 0.521413 -0.096912 50.000000
0.698080 -0.140585 0.136734 50.000000
0.882873 -0.262364 0.070180 50.000000
-0.469443 0.512209 -0.030359 50.000000
0.190431 0.522829 0.305242 50.000000
-0.577770 0.285643 0.041859 50.000000
0.053783 -0.088900 -0.063635 52.000000
0.256984 0.078901 0.123281 52.000000
-0.361824 -0.273692 -0.152846 50.000000
0.600373 0.421582 0.158682 50.000000
0.065819 -0.238292 -0.133730 50.000000
0.097680 0.226169 0.237272 50.000000
0.383012 -0.327502 0.024159 51.000000
-0.441830 0.357153 0.117617 50.000000
-0.058792 -0.059163 -0.094789 50.000000
0.567804 -0.105184 0.110537 52.000000
-0.206768 -0.334582 -0.135854 50.000000
-0.357576 -0.336706 -0.118153 53.000000
0.044579 -0.399011 -0.040979 51.000000
0.728524 0.491676 0.035487 50.000000
0.197511 0.512209 0.364008 50.000000
-0.518297 0.199264 0.168595 50.000000
0.211671 0.507960 -0.123818 50.000000
0.087768 0.290598 0.243645 50.000000
-0.041092 -0.298473 -0.106825 50.000000
-0.322175 0.513624 0.068763 50.000000
-0.266242 -0.148373 -0.108949 50.000000
0.316458 -0.041462 0.032655 52.000000
-0.453867 0.339452 0.199039 50.000000
0.065111 0.378393 0.236564 50.000000
-0.186944 0.499464 -0.128773 50.000000
0.041746 0.012347 0.034779 52.000000
0.558600 -0.328210 0.119033 51.000000
-0.009231 -0.019514 -0.100453 50.000000
0.525324 -0.196518 0.022743 50.000000
-0.032595 -0.197227 -0.159218 50.000000
0.066527 -0.297765 -0.130190 51.000000
0.484258 -0.243248 0.087172 51.000000
-0.390145 -0.207139 -0.091248 50.000000
-0.439707 -0.425917 -0.073548 53.000000
-0.215264 -0.254576 -0.152846 50.000000
-0.430502 -0.076155 -0.095496 50.000000
0.597541 0.430079 0.190542 50.000000
-0.458115 0.520705 0.107705 50.000000
-0.339168 -0.156869 -0.086292 50.000000
0.132373 0.128462 0.239397 50.000000
-0.342708 -0.049959 0.024159 50.000000
0.436113 0.510793 0.274089 50.000000
-0.421298 -0.217051 -0.091957 50.000000
-0.070829 -0.366443 -0.118861 50.000000
-0.138091 0.028631 -0.027527 50.000000
0.581965 0.358568 0.119033 50.000000
0.001390 -0.038630 -0.085584 50.000000
-0.247125 -0.077572 -0.091957 50.000000
-0.070121 0.487428 0.084341 50.000000
0.174853 -0.425917 0.059559 51.000000
-0.257746 -0.006770 0.041859 50.000000
-0.452451 -0.414589 -0.002746 53.000000
0.059447 0.499464 0.285417 50.000000
0.631526 -0.324670 0.034779 50.000000
0.729941 0.502296 0.070888 50.000000
0.620906 -0.129256 0.076552 50.000000
-0.388021 0.477516 -0.113905 50.000000
-0.667689 -0.278649 0.049647 53.000000
0.433989 -0.120052 -0.039563 52.000000
-0.566442 -0.435829 0.051771 53.000000
0.008469 -0.288561 -0.107533 51.000000
0.283181 -0.129256 0.040443 52.000000
-0.300227 -0.018098 0.029115 50.000000
0.455229 0.494508 0.042567 50.000000
0.243532 -0.017389 0.062392 52.000000
0.079980 0.506545 -0.045935 50.000000
-0.568566 0.498048 -0.193911 50.000000
0.269728 -0.384143 -0.027527 51.000000
0.441069 -0.008185 0.014955 52.000000
0.271145 0.068989 0.136025 52.000000
-0.157915 -0.006061 -0.064344 50.000000
0.259108 -0.256700 -0.019739 51.000000
0.483550 0.517164 0.192667 50.000000
-0.487143 0.299095 0.182755 50.000000
0.494878 -0.217759 0.005042 50.000000
0.570637 -0.140585 0.082216 52.000000
-0.330672 -0.050666 0.013538 50.000000
-0.272614 -0.340246 -0.172671 53.000000
-0.337044 -0.437245 -0.059388 53.000000
0.091308 0.113594 0.320818 50.000000
-0.574230 -0.006770 -0.033191 50.000000
-0.361116 -0.419544 -0.107533 53.000000
0.530988 0.524245 0.074427 50.000000
0.084935 0.308299 0.209660 50.000000
-0.114725 0.510085 0.002210 50.000000
0.400712 0.498048 -0.120985 50.000000
-0.138091 -0.246080 -0.140810 50.000000
-0.537413 -0.278649 -0.098329 53.000000
-0.036844 0.500172 0.046107 50.000000
0.159277 -0.047126 -0.050183 52.000000
-0.177739 -0.217759 -0.103993 50.000000
-0.012063 -0.139877 -0.135854 50.000000
0.119629 -0.110848 -0.104701 52.000000
-0.460947 -0.146957 -0.099745 50.000000
