0.455229 -0.355822 0.068763 51.000000
0.802159 -0.226963 0.148062 50.000000
0.075731 -0.410340 -0.038855 51.000000
-0.454575 -0.294933 -0.142226 53.000000
-0.426962 -0.216343 -0.119569 50.000000
0.770298 -0.091731 0.139565 50.000000
-0.453867 0.437867 0.179923 50.000000
0.196802 -0.320421 -0.007702 51.000000
0.000681 -0.069783 -0.091957 50.000000
-0.432626 -0.105892 -0.084877 50.000000
-0.314387 0.487428 -0.108949 50.000000
-0.358285 -0.447865 -0.059388 53.000000
-0.468027 -0.382728 -0.087001 53.000000
0.033958 0.505836 -0.078504 50.000000
0.405668 -0.151913 -0.018323 50.000000
0.570637 -0.140585 0.082216 50.000000
0.090599 0.333787 0.264177 50.000000
-0.351912 0.486720 -0.147890 50.000000
0.830480 -0.224839 0.053895 50.000000
0.299465 -0.064827 0.006458 52.000000
-0.196148 -0.119344 -0.128773 50.000000
0.059447 -0.280065 -0.097621 51.000000
-0.496348 -0.436536 -0.009827 53.000000
0.245656 -0.297765 -0.036023 51.000000
0.050243 -0.250328 -0.088417 50.000000
-0.580602 0.136958 -0.019739 50.000000
0.198926 -0.054206 -0.000622 52.000000
-0.582726 -0.227671 -0.085584 53.000000
-0.349788 -0.177402 -0.085584 50.000000
-0.180572 -0.382019 -0.074964 53.000000
0.749057 -0.238292 0.158682 50.000000
0.039622 -0.299889 -0.093372 51.000000
0.365311 -0.435829 0.085756 51.000000
-0.540953 -0.156162 -0.075672 53.000000
0.452398 -0.129965 -0.018323 52.000000
0.019798 -0.080403 -0.110365 50.000000
0.196095 0.486720 -0.146474 50.000000
0.091308 0.113594 0.320818 50.000000
-0.383773 0.506545 0.004334 50.000000
0.468681 0.520705 0.349139 50.000000
-0.138091 -0.004646 -0.048767 50.000000
0.311501 -0.064118 0.009290 52.000000
0.155737 0.489552 0.041859 50.000000
0.116796 -0.016682 -0.058680 52.000000
-0.264118 0.524245 0.225943 50.000000
0.123169 -0.272277 -0.072132 51.000000
0.368143 -0.006061 0.050355 52.000000
-0.361824 -0.086067 -0.070008 50.000000
0.584796 -0.210679 0.122573 50.000000
-0.168535 -0.036506 -0.060096 50.000000
-0.422714 0.523537 0.291790 50.000000
0.476470 -0.173154 -0.015491 50.000000
-0.312263 -0.401844 -0.086292 53.000000
-0.303767 -0.095979 -0.038855 50.000000
0.084228 0.163863 0.233732 50.000000
0.513287 -0.387683 0.134610 51.000000
0.827647 -0.214219 0.140274 50.000000
-0.398641 -0.260949 -0.041688 50.000000
0.390091 0.076777 -0.011242 52.000000
0.112548 -0.110140 -0.083460 52.000000
-0.575646 -0.186606 -0.070008 53.000000
-0.373861 -0.340954 -0.078504 53.000000
0.165649 0.500880 0.112661 50.000000
0.278933 0.517164 0.067348 50.000000
-0.313679 0.498048 -0.011242 50.000000
0.445317 -0.151913 -0.040979 50.000000
0.535943 0.505129 0.054604 50.000000
0.531695 -0.327502 0.116201 51.000000
0.026878 -0.150498 -0.135854 50.000000
0.324954 0.498756 0.123989 50.000000
-0.089945 -0.207139 -0.148598 50.000000
-0.426254 0.529201 0.220279 50.000000
-0.528917 0.174483 0.163638 50.000000
-0.330672 0.495924 -0.152139 50.000000
-0.039676 -0.435829 -0.068592 50.000000
-0.297395 0.516457 0.331439 50.000000
0.453813 0.047748 0.010706 52.000000
-0.286066 -0.314757 -0.131606 53.000000
-0.373152 -0.360779 -0.087001 53.000000
0.438945 0.134835 0.073720 52.000000
0.055907 0.449903 0.255680 50.000000
0.235744 -0.297765 -0.031775 51.000000
0.763218 -0.189438 0.159390 50.000000
0.368143 -0.248912 0.014955 50.000000
-0.090653 -0.235459 -0.154262 50.000000
0.368851 -0.363611 0.057435 51.000000
-0.484312 -0.350158 -0.000622 53.000000
-0.419882 0.542654 0.264885 50.000000
-0.561486 -0.018098 -0.037439 50.000000
-0.233673 -0.417420 -0.045935 53.000000
0.487799 0.500880 -0.062928 50.000000
-0.009231 0.502296 0.169302 50.000000
0.119629 0.504420 0.128237 50.000000
0.775962 0.505836 -0.146474 50.000000
0.717905 -0.282896 0.084341 50.000000
0.294509 -0.063411 0.036902 52.000000
-0.547326 0.422998 -0.019739 50.000000
0.050950 -0.342370 -0.077796 51.000000
-0.232965 -0.445741 -0.068592 53.000000
0.390091 0.490260 0.083632 50.000000
0.036791 0.515040 0.126113 50.000000
-0.422006 -0.308385 -0.099745 53.000000
0.189722 -0.117928 0.014246 52.000000
0.069359 0.293431 0.319402 50.000000
-0.520420 -0.146249 -0.117445 50.000000
-0.001443 0.513624 0.332855 50.000000
-0.332796 -0.137044 -0.056556 50.000000
0.325662 0.493800 0.193375 50.000000
-0.676893 0.520705 -0.094081 50.000000
-0.540953 -0.156162 -0.075672 53.000000
-0.087113 0.018719 -0.012658 50.000000
0.153613 -0.393347 0.069472 51.000000
0.320705 -0.235459 -0.039563 50.000000
0.475762 0.124214 0.073720 52.000000
-0.443954 -0.248204 -0.087001 53.000000
-0.100566 -0.337414 -0.110365 50.000000
-0.414926 -0.064827 -0.066468 50.000000
0.751890 -0.103060 0.163638 50.000000
0.172730 0.132711 0.268425 50.000000
0.239284 0.517873 0.196207 50.000000
0.313626 -0.402552 0.019203 51.000000
0.789415 -0.323962 0.116201 50.000000
0.036082 0.508669 0.316570 50.000000
0.065111 0.378393 0.236564 50.000000
-0.385897 -0.382728 -0.074256 53.000000
0.495587 0.506545 0.293205 50.000000
-0.181280 0.000311 0.003626 50.000000
-0.358992 0.514333 0.184171 50.000000
-0.812832 0.546901 -0.025403 50.000000
0.284597 -0.018805 0.038319 52.000000
-0.322175 0.478223 0.077968 50.000000
-0.358285 -0.386976 -0.123818 53.000000
-0.484312 -0.379895 -0.110365 53.000000
-0.582018 0.277854 0.059559 50.000000
0.594709 0.346532 0.121157 50.000000
-0.021267 -0.298473 -0.104701 50.000000
-0.175616 -0.224839 -0.172671 50.000000
-0.319344 0.491676 0.160098 50.000000
-0.563610 0.464063 -0.009827 50.000000
0.474345 -0.063411 0.011414 52.000000
0.060155 -0.150498 -0.096205 52.000000
0.313626 -0.257408 -0.021863 50.000000
0.065819 -0.159701 -0.138686 50.000000
0.111841 0.278563 0.246476 50.000000
0.180518 0.050580 0.082924 52.000000
-0.574938 0.396094 0.005042 50.000000
-0.509800 0.129878 0.197623 50.000000
-0.344124 -0.466982 -0.009827 53.000000
0.657015 -0.066243 0.169302 50.000000
-0.516173 -0.420960 0.034779 53.000000
0.072191 -0.333166 -0.070008 51.000000
-0.110478 -0.452113 -0.027527 50.000000
0.457353 -0.023053 -0.045935 52.000000
-0.002859 -0.149789 -0.137978 50.000000
0.386552 -0.372815 0.034071 51.000000
0.075731 0.363524 0.227360 50.000000
0.789415 -0.079696 0.116909 50.000000
0.126000 -0.430872 0.025574 51.000000
-0.019852 0.505129 -0.077796 50.000000
0.778086 -0.050666 0.221696 50.000000
-0.373152 -0.105892 -0.064344 50.000000
-0.090653 -0.274401 -0.153554 50.000000
-0.589099 0.353612 0.024867 50.000000
0.027586 -0.178818 -0.126649 50.000000
-0.289607 -0.368567 -0.101869 53.000000
-0.407846 -0.196518 -0.109657 50.000000
0.108300 0.175900 0.230900 50.000000
0.248488 0.081025 0.141689 52.000000
-0.610339 0.509376 -0.072840 50.000000
-0.157915 -0.016682 -0.068592 50.000000
0.292385 0.507960 -0.103285 50.000000
-0.683265 0.512917 0.111952 50.000000
-0.709461 0.061909 0.064515 50.000000
0.009178 -0.061287 -0.118861 50.000000
0.737729 -0.287853 0.164346 50.000000
0.256984 0.526369 0.309490 50.000000
0.695248 -0.304845 0.062392 50.000000
0.652767 -0.289269 0.023450 50.000000
-0.306599 0.496632 -0.082753 50.000000
-0.698133 -0.314050 0.065223 53.000000
-0.119682 -0.317590 -0.102577 50.000000
0.552228 -0.185190 0.029115 50.000000
0.442485 0.493800 -0.176211 50.000000
-0.052420 -0.274401 -0.158510 50.000000
-0.021267 -0.298473 -0.104701 50.000000
-0.100566 -0.242540 -0.200992 50.000000
0.346195 -0.086067 0.015662 52.000000
-0.397225 0.503712 0.107705 50.000000
0.072899 0.177316 0.242936 50.000000
-0.309431 0.493800 -0.154262 50.000000
-0.624500 0.104390 -0.024695 50.000000
-0.225176 -0.157577 -0.129482 50.000000
0.051659 0.423706 0.209660 50.000000
0.489923 0.512917 0.269841 50.000000
-0.189068 -0.056330 -0.054431 50.000000
-0.432626 -0.105892 -0.084877 50.000000
-0.374569 -0.402552 -0.081337 53.000000
0.273976 0.508669 -0.194619 50.000000
-0.215972 -0.216343 -0.134437 50.000000
0.527448 -0.352991 0.139565 51.000000
0.506915 0.221213 0.078676 50.000000
-0.601135 0.507252 -0.111073 50.000000
0.559308 0.493092 0.051063 50.000000
0.327786 -0.344494 -0.014075 51.000000
0.135913 -0.098812 -0.060096 52.000000
-0.224469 0.013055 0.021326 50.000000
0.183350 0.527785 0.151602 50.000000
-0.114018 0.485304 -0.162758 50.000000
-0.413510 -0.019514 -0.011951 50.000000
-0.333503 0.522829 0.173550 50.000000
-0.494932 0.282810 0.160807 50.000000
0.230079 0.490260 -0.002746 50.000000
0.017673 -0.188730 -0.129482 50.000000
-0.127470 -0.224131 -0.190371 50.000000
-0.398641 -0.260949 -0.041688 50.000000
0.848180 -0.189438 0.091420 50.000000
0.590461 0.500172 0.063808 50.000000
-0.624500 0.524245 -0.068592 50.000000
-0.061624 -0.246788 -0.137978 50.000000
-0.404305 0.523537 0.249309 50.000000
-0.298811 -0.327502 -0.101869 53.000000
0.087768 0.014472 0.056728 52.000000
-0.320759 -0.217759 -0.074256 50.000000
0.392924 0.538406 0.192667 50.000000
0.258400 0.498756 0.092836 50.000000
0.239284 0.517873 0.196207 50.000000
0.174853 0.495924 -0.149306 50.000000
-0.473691 0.521413 -0.074964 50.000000
-0.487852 0.276439 0.192667 50.000000
0.330618 0.058368 0.135317 52.000000
-0.347664 -0.166781 -0.099745 50.000000
-0.584142 0.248826 -0.023279 50.000000
0.490630 -0.238292 -0.043811 50.000000
-0.150835 0.505129 0.136025 50.000000
0.246364 -0.323962 0.026991 51.000000
0.378055 0.059785 0.036902 52.000000
0.104052 -0.292809 -0.062928 51.000000
-0.460947 -0.010310 -0.048059 50.000000
0.152906 -0.361486 -0.011951 51.000000
0.593293 0.403882 0.141689 50.000000
0.785167 0.506545 0.065223 50.000000
-0.127470 -0.206430 -0.166298 50.000000
0.066527 -0.297765 -0.130190 51.000000
0.497711 -0.195811 0.014246 50.000000
-0.410678 -0.015974 0.038319 50.000000
-0.180572 -0.011725 -0.014075 50.000000
0.784458 -0.287853 0.138858 50.000000
0.775962 0.494508 -0.142934 50.000000
-0.368904 -0.197227 -0.098329 50.000000
0.140161 -0.087484 -0.029651 52.000000
0.064403 0.389014 0.226652 50.000000
-0.247125 -0.276525 -0.117445 50.000000
0.157861 -0.222007 -0.047352 50.000000
-0.215972 -0.099519 -0.121693 50.000000
-0.232257 -0.205723 -0.170547 50.000000
0.086351 -0.120761 -0.131606 52.000000
0.232203 -0.243956 -0.048767 50.000000
0.171314 0.517873 -0.024695 50.000000
-0.429794 -0.186606 -0.103285 50.000000
-0.002151 -0.443617 0.050355 51.000000
-0.272614 -0.423793 -0.074964 53.000000
-0.196148 -0.167490 -0.125942 50.000000
-0.465903 -0.136337 -0.074964 50.000000
-0.321468 -0.299181 -0.081337 50.000000
-0.365364 -0.372815 -0.072132 53.000000
0.050243 -0.189438 -0.094081 50.000000
-0.382357 -0.116512 -0.071424 50.000000
-0.129594 -0.355115 -0.133022 50.000000
0.538068 0.506545 -0.061512 50.000000
0.324954 -0.246788 -0.021863 50.000000
0.375931 0.498048 -0.079920 50.000000
-0.418466 -0.086776 -0.105409 50.000000
0.392924 0.538406 0.192667 50.000000
0.122460 -0.140585 -0.083460 52.000000
0.225123 -0.180942 -0.086292 50.000000
0.472930 -0.205723 -0.026111 50.000000
-0.538122 0.470435 -0.023279 50.000000
0.302298 0.489552 0.139565 50.000000
-0.232965 0.502296 0.335687 50.000000
0.077856 0.333080 0.261345 50.000000
0.742685 -0.153329 0.046815 50.000000
0.297341 -0.095272 0.053895 52.000000
-0.446078 0.376269 0.144522 50.000000
-0.572814 -0.208555 -0.038855 53.000000
-0.344832 -0.095272 -0.042395 50.000000
0.595417 -0.093148 0.113369 50.000000
0.703744 -0.211387 0.083632 50.000000
0.044579 0.515749 -0.084168 50.000000
0.239991 -0.044295 -0.015491 52.000000
0.203883 -0.042171 0.029115 52.000000
-0.100566 -0.252452 -0.202408 50.000000
0.594709 -0.175278 0.114785 50.000000
0.592585 -0.382728 0.175674 51.000000
0.027586 -0.337414 -0.120985 51.000000
0.323538 0.015887 0.056728 52.000000
0.443193 0.085981 0.052480 52.000000
0.603914 -0.267320 0.065223 50.000000
0.339114 -0.280065 -0.010534 51.000000
0.677547 -0.305553 0.085048 50.000000
-0.641492 0.068280 0.039735 50.000000
0.146533 -0.284313 -0.055140 51.000000
-0.561486 0.127046 -0.002746 50.000000
0.645686 0.455567 0.121865 50.000000
0.433989 -0.120052 -0.039563 52.000000
-0.515465 0.012347 -0.045935 50.000000
0.174853 -0.425917 0.059559 51.000000
0.229372 -0.054915 -0.012658 52.000000
0.580548 -0.199351 0.149478 50.000000
-0.530333 -0.073323 -0.074256 50.000000
-0.320759 -0.117220 -0.072132 50.000000
-0.766811 0.512209 0.220279 50.000000
0.028294 -0.091024 -0.122402 50.000000
-0.100566 -0.252452 -0.202408 50.000000
-0.468027 0.047040 0.106288 50.000000
0.472222 -0.162533 -0.028943 50.000000
-0.349080 -0.277941 -0.099036 50.000000
0.022630 -0.396888 -0.052307 51.000000
-0.474400 -0.003229 -0.088417 50.000000
-0.471567 -0.267320 -0.106117 53.000000
0.604621 0.513624 0.061684 50.000000
0.829063 0.502296 0.034071 50.000000
0.225832 -0.020222 0.025574 52.000000
0.035374 0.532741 0.100624 50.000000
0.886413 -0.165366 0.078676 50.000000
-0.469443 0.486720 -0.201699 50.000000
-0.387313 -0.027302 0.031947 50.000000
0.305129 0.511500 -0.096912 50.000000
0.157153 0.499464 -0.200283 50.000000
-0.090653 -0.369983 -0.093372 50.000000
0.641439 0.505129 -0.019031 50.000000
0.489923 -0.108016 -0.011242 52.000000
-0.625207 -0.353698 0.016370 53.000000
-0.596887 -0.389807 -0.052307 53.000000
-0.417050 -0.032258 -0.051600 50.000000
0.372391 -0.030134 0.022743 52.000000
0.421952 0.011639 -0.013367 52.000000
-0.519713 0.470435 -0.055847 50.000000
-0.361116 -0.146957 -0.076380 50.000000
-0.289607 -0.348743 -0.096912 53.000000
-0.277570 0.500880 -0.163467 50.000000
-0.396517 -0.393347 -0.077089 53.000000
0.116796 -0.016682 -0.058680 52.000000
0.198219 -0.076155 -0.001330 52.000000
0.421244 0.521413 -0.095496 50.000000
-0.376692 -0.196518 -0.112489 50.000000
0.400004 0.501588 0.297454 50.000000
-0.061624 -0.158286 -0.166298 50.000000
-0.379525 0.002435 0.134610 50.000000
0.500542 0.236081 0.094252 50.000000
0.762509 -0.089608 0.188419 50.000000
0.015549 -0.256700 -0.145058 50.000000
-0.127470 -0.158286 -0.145766 50.000000
0.077147 -0.219175 -0.122402 50.000000
-0.477939 0.045624 -0.019739 50.000000
-0.454575 -0.329626 -0.094081 53.000000
-0.551574 0.177316 0.100624 50.000000
-0.079324 0.524245 0.279753 50.000000
-0.247833 -0.306969 -0.106825 50.000000
-0.400058 -0.197227 -0.094789 50.000000
0.644979 -0.091024 0.175674 50.000000
0.564264 0.496632 0.195499 50.000000
0.520367 -0.321130 0.041859 51.000000
0.022630 -0.417420 -0.055140 51.000000
-0.498472 0.262985 0.252140 50.000000
0.850304 -0.078987 0.121865 50.000000
0.157153 0.140499 0.240104 50.000000
0.620197 -0.079696 0.144522 50.000000
0.110424 -0.319006 -0.005578 51.000000
0.518951 -0.306969 0.001501 51.000000
-0.235797 -0.246080 -0.128773 50.000000
0.116088 -0.078279 -0.057264 52.000000
0.673299 -0.294933 0.108413 50.000000
-0.577062 0.119258 0.013538 50.000000
-0.108354 -0.002521 -0.021863 50.000000
-0.235089 0.501588 0.381708 50.000000
-0.007107 -0.420960 -0.026819 50.000000
0.439653 -0.107308 0.017786 52.000000
0.098388 -0.239707 -0.108241 50.000000
-0.680433 -0.132797 0.058144 53.000000
0.602497 0.401049 0.130361 50.000000
-0.332796 -0.156869 -0.057264 50.000000
0.096263 0.044916 0.139565 52.000000
0.273269 -0.392640 0.042567 51.000000
0.409209 0.493092 0.008582 50.000000
-0.375985 0.495216 -0.128066 50.000000
0.407792 -0.417420 0.114077 51.000000
-0.202520 0.502296 -0.023987 50.000000
-0.397934 -0.217051 -0.108241 50.000000
0.279640 -0.245371 -0.027527 50.000000
0.666219 0.499464 -0.124526 50.000000
0.135205 -0.069075 -0.070716 52.000000
-0.579186 0.131294 0.020619 50.000000
0.249196 -0.341663 -0.019031 51.000000
-0.390145 -0.217051 -0.094081 50.000000
-0.071536 -0.196518 -0.174086 50.000000
-0.558654 -0.145541 -0.048059 53.000000
-0.424838 -0.350867 -0.084877 53.000000
-0.449618 -0.236876 -0.108241 53.000000
-0.274030 0.504420 0.048231 50.000000
-0.318635 -0.357239 -0.112489 53.000000
0.133788 -0.228379 -0.142934 50.000000
0.350442 -0.030134 0.026991 52.000000
-0.137382 -0.149081 -0.149306 50.000000
-0.100566 -0.252452 -0.202408 50.000000
0.329910 0.123506 0.181339 52.000000
-0.526085 -0.268028 -0.100453 53.000000
-0.446787 -0.185898 -0.120278 50.000000
0.002805 0.522121 -0.067176 50.000000
0.311501 -0.129256 0.014955 52.000000
-0.394393 -0.095272 -0.063635 50.000000
-0.278986 0.003851 0.033362 50.000000
0.208839 0.066156 0.116909 52.000000
-0.090653 -0.244664 -0.166298 50.000000
0.129541 0.506545 -0.177627 50.000000
0.320705 -0.064827 0.000794 52.000000
0.206007 -0.330334 -0.016199 51.000000
0.078563 0.432203 0.239397 50.000000
0.196095 0.507252 0.253556 50.000000
-0.628748 -0.399720 0.022743 53.000000
0.347611 -0.415296 0.115493 51.000000
0.556476 0.489552 0.083632 50.000000
-0.394393 -0.095272 -0.063635 50.000000
0.157861 -0.068367 -0.057264 52.000000
0.155030 -0.023053 -0.009827 52.000000
0.309377 -0.151205 0.007166 52.000000
-0.616003 -0.387683 0.021326 53.000000
-0.108354 -0.071907 -0.146474 50.000000
0.306546 -0.234752 -0.052307 50.000000
-0.554405 0.015179 -0.023987 50.000000
-0.258453 0.005267 0.053895 50.000000
0.248488 -0.287853 -0.020446 51.000000
-0.475815 -0.012434 -0.079213 50.000000
-0.303059 0.473268 -0.113905 50.000000
0.390800 -0.064118 0.006458 52.000000
-0.088529 -0.048542 -0.078504 50.000000
0.022630 -0.365027 -0.056556 51.000000
0.166358 -0.001813 -0.006994 52.000000
0.598957 -0.256700 0.087881 50.000000
0.119629 -0.056330 -0.028235 52.000000
-0.278986 -0.018098 0.035487 50.000000
-0.545201 -0.291393 -0.067176 53.000000
-0.608923 0.272190 0.024867 50.000000
-0.780971 0.515040 0.006458 50.000000
0.142993 -0.333166 -0.082044 51.000000
-0.189068 -0.066243 -0.050892 50.000000
0.703744 -0.211387 0.083632 50.000000
-0.544493 0.068989 -0.021863 50.000000
0.017673 -0.396180 0.026283 51.000000
0.044579 -0.399011 -0.040979 51.000000
0.322122 0.494508 -0.006994 50.000000
0.181934 -0.160410 -0.028943 50.000000
-0.104814 0.502296 -0.053016 50.000000
0.506206 0.116426 0.093545 52.000000
-0.520420 -0.011017 -0.071424 50.000000
0.089892 0.185812 0.295329 50.000000
-0.305891 -0.295641 -0.125233 50.000000
0.045995 0.499464 -0.189663 50.000000
0.309377 -0.151205 0.007166 52.000000
0.116088 -0.431581 0.031238 51.000000
0.022630 -0.225547 -0.183291 50.000000
-0.089945 -0.461318 0.026283 50.000000
-0.051712 -0.345910 -0.125233 50.000000
-0.223761 0.498048 -0.036023 50.000000
0.162110 -0.391223 0.053187 51.000000
0.783750 -0.128549 0.107705 50.000000
0.048119 -0.120761 -0.119569 52.000000
-0.557238 0.037836 -0.013367 50.000000
-0.296687 -0.073323 -0.001330 50.000000
0.209547 0.510793 0.358343 50.000000
0.577717 -0.042878 0.174259 52.000000
0.380179 -0.214219 -0.068592 50.000000
0.440361 -0.118637 0.019910 52.000000
0.643563 0.488844 0.145230 50.000000
-0.104814 0.510085 0.039027 50.000000
0.021214 -0.374231 -0.067176 51.000000
0.169898 -0.150498 -0.040979 52.000000
-0.189775 0.008099 -0.028943 50.000000
-0.081449 -0.272984 -0.171255 50.000000
0.235744 -0.151205 -0.031067 52.000000
0.346902 0.027924 0.056020 52.000000
-0.012771 -0.101644 -0.147890 50.000000
0.117505 -0.319714 -0.115321 51.000000
-0.535289 -0.354407 -0.070716 53.000000
0.732065 0.500172 -0.025403 50.000000
-0.460239 -0.206430 -0.105409 53.000000
-0.144462 0.494508 -0.169131 50.000000
-0.650696 0.112178 0.025574 50.000000
-0.484312 -0.265196 -0.144350 53.000000
-0.385189 0.481763 -0.134437 50.000000
0.557892 0.301927 0.099916 50.000000
-0.450327 -0.105892 -0.099036 50.000000
-0.041799 -0.265904 -0.137978 50.000000
0.150782 0.516457 0.082924 50.000000
-0.166411 -0.186606 -0.154262 50.000000
0.317874 -0.224131 -0.050892 50.000000
0.201759 -0.399011 0.019910 51.000000
0.677547 -0.305553 0.085048 50.000000
0.371684 -0.172445 -0.016906 50.000000
-0.533873 -0.343078 -0.075672 53.000000
-0.549450 -0.217759 -0.089125 53.000000
0.301589 -0.039338 0.069472 52.000000
-0.574938 0.396094 0.005042 50.000000
-0.593346 0.414502 -0.020446 50.000000
-0.599011 -0.229088 -0.066468 53.000000
0.312210 0.089522 0.102749 52.000000
-0.449618 -0.063411 -0.048059 50.000000
0.465850 -0.018098 0.020619 52.000000
0.780918 -0.222715 0.010706 50.000000
0.228663 -0.065535 -0.013367 52.000000
0.017673 -0.120761 -0.133730 50.000000
-0.117558 -0.059871 -0.103993 50.000000
0.639315 -0.234043 0.092128 50.000000
0.442485 -0.029426 0.022743 52.000000
0.178394 -0.284313 -0.053724 51.000000
-0.254913 -0.255284 -0.139394 50.000000
0.353983 0.505836 0.139565 50.000000
0.736312 0.464771 -0.101160 50.000000
-0.551574 -0.166074 -0.077796 53.000000
0.080687 -0.150498 -0.091957 52.000000
-0.531041 -0.186606 -0.072132 53.000000
-0.021267 -0.217759 -0.118861 50.000000
0.487090 0.517873 0.106997 50.000000
0.465850 -0.018098 0.020619 52.000000
0.024046 -0.016682 -0.055140 50.000000
-0.412093 0.035712 0.120449 50.000000
0.363187 0.085981 0.065932 52.000000
0.157861 -0.068367 -0.057264 52.000000
0.378055 0.054828 -0.010534 52.000000
-0.013479 -0.149789 -0.156386 50.000000
-0.213141 -0.406800 -0.043811 53.000000
-0.451743 -0.207139 -0.097621 53.000000
-0.590515 -0.113680 -0.054431 50.000000
-0.447495 -0.382728 -0.082753 53.000000
0.060155 -0.209970 -0.088417 50.000000
-0.412093 0.035712 0.120449 50.000000
-0.350496 -0.248204 -0.087708 50.000000
-0.226593 0.509376 0.226652 50.000000
-0.419174 -0.166781 -0.103285 50.000000
0.761094 0.488844 -0.113905 50.000000
0.227247 0.530617 0.195499 50.000000
-0.492100 -0.166074 -0.102577 53.000000
-0.511925 -0.270153 -0.067884 53.000000
0.459477 0.083149 0.025574 52.000000
0.363187 0.515749 0.010706 50.000000
0.193262 0.494508 -0.021863 50.000000
-0.534581 -0.333166 -0.071424 53.000000
0.119629 0.516457 0.123281 50.000000
-0.527501 0.232541 0.150894 50.000000
-0.194732 0.519997 0.349848 50.000000
-0.674060 -0.299889 0.026283 53.000000
-0.431210 -0.406800 -0.059388 53.000000
-0.151543 0.521413 0.145938 50.000000
0.017673 0.019427 -0.005578 50.000000
0.175562 -0.222007 -0.068592 50.000000
0.136621 -0.268737 -0.125233 50.000000
0.189014 -0.212095 -0.051600 50.000000
0.612409 0.503005 -0.132313 50.000000
0.038915 -0.229088 -0.102577 50.000000
0.700912 0.509376 -0.105409 50.000000
-0.652112 -0.199351 0.040443 53.000000
0.166358 -0.001813 -0.006994 52.000000
0.652058 0.474684 0.093545 50.000000
0.625862 -0.321130 0.159390 50.000000
-0.246418 0.523537 0.145938 50.000000
0.659847 -0.246080 0.076552 50.000000
0.465850 0.190059 0.115493 50.000000
-0.204644 -0.167490 -0.154262 50.000000
0.289553 -0.151205 -0.034607 52.000000
-0.597594 0.250950 -0.015491 50.000000
-0.099857 -0.149789 -0.174086 50.000000
0.713656 -0.079696 0.139565 50.000000
0.267604 -0.287853 -0.032483 51.000000
0.584089 -0.223423 0.159390 50.000000
0.157861 0.506545 0.255680 50.000000
-0.619543 0.506545 -0.082044 50.000000
-0.100566 -0.302721 -0.165591 50.000000
0.392924 0.538406 0.192667 50.000000
0.640730 -0.211387 0.130361 50.000000
-0.004275 0.511500 0.007166 50.000000
0.410624 -0.374231 0.036195 51.000000
0.184766 0.515749 -0.160634 50.000000
-0.703090 0.086689 0.082924 50.000000
-0.318635 0.490968 -0.164174 50.000000
-0.430502 -0.076155 -0.095496 50.000000
-0.021267 -0.217759 -0.118861 50.000000
-0.128178 -0.265196 -0.143642 50.000000
-0.186236 -0.264488 -0.149306 50.000000
-0.424130 -0.285021 -0.142226 53.000000
-0.159331 -0.346618 -0.113197 50.000000
0.159277 -0.077572 -0.043811 52.000000
-0.207476 -0.246788 -0.111781 50.000000
0.094139 -0.028010 -0.071424 52.000000
0.208839 -0.076155 -0.003454 52.000000
-0.649280 0.122798 0.019203 50.000000
-0.651404 -0.155453 -0.001330 53.000000
0.256276 0.510085 -0.057264 50.000000
-0.684681 0.518581 -0.066468 50.000000
0.180518 0.050580 0.082924 52.000000
0.467266 0.015179 0.021326 52.000000
0.008469 -0.328210 -0.112489 51.000000
0.450981 0.503005 0.070180 50.000000
0.500542 -0.207139 0.022743 50.000000
-0.147295 -0.187314 -0.150015 50.000000
0.130249 0.505129 -0.087708 50.000000
-0.051004 -0.110848 -0.140102 50.000000
0.155030 -0.120052 -0.069299 52.000000
-0.177739 -0.295641 -0.122402 50.000000
-0.373861 -0.432289 -0.092665 53.000000
0.214503 0.493092 -0.164174 50.000000
-0.490684 -0.297057 -0.120278 53.000000
0.187598 -0.364319 0.002918 51.000000
0.455938 -0.051375 0.029823 52.000000
0.037498 -0.052083 -0.133730 50.000000
-0.169243 -0.045711 -0.045935 50.000000
-0.493516 -0.175986 -0.097621 53.000000
0.338406 -0.183066 -0.012658 50.000000
-0.051004 -0.336706 -0.118153 50.000000
-0.349080 -0.187314 -0.090541 50.000000
-0.465196 0.345824 0.119033 50.000000
0.203883 -0.411756 0.031238 51.000000
0.617366 0.503005 0.024159 50.000000
0.042455 0.501588 0.048939 50.000000
0.711532 -0.319714 0.100624 50.000000
0.591169 0.497341 0.238688 50.000000
0.394340 0.052704 -0.032483 52.000000
0.097680 -0.008185 0.053187 52.000000
-0.405722 -0.074739 -0.057971 50.000000
0.892785 -0.128549 0.119742 50.000000
0.450981 0.503005 0.070180 50.000000
0.521075 -0.266613 0.084341 50.000000
-0.390145 -0.297765 -0.101869 53.000000
-0.414926 -0.146957 -0.124526 50.000000
0.268312 -0.042878 0.015662 52.000000
0.542316 0.307591 0.131777 50.000000
0.780210 -0.272277 0.067348 50.000000
0.008469 -0.348743 -0.109657 51.000000
-0.061624 0.493800 -0.042395 50.000000
-0.074369 0.054121 0.116909 50.000000
-0.623083 0.175900 0.004334 50.000000
-0.359700 -0.397596 -0.116029 53.000000
0.295217 -0.300597 -0.009118 51.000000
0.266188 -0.459901 0.119742 51.000000
-0.289607 -0.348743 -0.096912 53.000000
0.159277 -0.077572 -0.043811 52.000000
-0.531041 0.488844 0.115493 50.000000
-0.607507 0.228293 -0.016906 50.000000
-0.473691 -0.054206 -0.087001 50.000000
0.138037 0.501588 0.078676 50.000000
-0.474400 0.300510 0.252140 50.000000
0.242824 -0.054206 0.000794 52.000000
0.495587 0.134835 0.056728 50.000000
0.525324 -0.243956 0.099916 50.000000
-0.385897 -0.423793 -0.009827 53.000000
0.280349 -0.341663 -0.026819 51.000000
0.244948 -0.075447 0.013538 52.000000
0.745517 -0.105184 0.084341 50.000000
-0.398641 -0.116512 -0.097621 50.000000
-0.030471 -0.100936 -0.125942 50.000000
0.084935 -0.356531 -0.048059 51.000000
0.635066 -0.175278 0.080800 50.000000
-0.174199 0.066156 0.117617 50.000000
-0.234381 -0.119344 -0.132313 50.000000
0.430449 -0.183774 -0.012658 50.000000
0.247779 0.068989 0.137441 52.000000
0.785874 0.534865 0.024867 50.000000
-0.353328 -0.411756 -0.090541 53.000000
-0.465196 -0.033674 -0.079920 50.000000
0.374515 0.515040 0.299578 50.000000
0.058738 0.519288 -0.043103 50.000000
0.400004 -0.055623 -0.043103 52.000000
-0.505552 0.488136 -0.072132 50.000000
-0.194732 0.488136 -0.188247 50.000000
0.300173 0.505129 0.190542 50.000000
0.889245 -0.025886 0.167178 50.000000
0.593293 -0.244664 0.073720 50.000000
0.899157 -0.065535 0.128945 50.000000
-0.196148 -0.459901 0.023450 50.000000
-0.089237 -0.090315 -0.126649 50.000000
-0.564318 -0.114388 -0.069299 50.000000
0.351151 -0.345203 -0.010534 51.000000
-0.618127 0.315379 0.006458 50.000000
-0.474400 -0.003229 -0.088417 50.000000
-0.177739 -0.217759 -0.103993 50.000000
0.288137 0.107222 0.157266 52.000000
-0.487852 -0.304138 -0.029651 53.000000
0.837560 -0.262364 0.097793 50.000000
-0.021976 -0.227671 -0.128773 50.000000
0.709408 -0.309802 0.128237 50.000000
-0.057377 -0.037214 -0.060096 50.000000
0.376639 -0.183066 -0.039563 50.000000
0.172022 -0.389807 0.041151 51.000000
-0.613171 -0.338830 -0.026819 53.000000
-0.201812 0.000311 0.001501 50.000000
-0.469443 0.376269 0.138858 50.000000
0.112548 -0.373523 0.006458 51.000000
0.020506 0.517873 0.257804 50.000000
-0.318635 -0.257408 -0.096205 50.000000
0.029710 -0.168905 -0.101160 50.000000
-0.595470 0.073237 0.000794 50.000000
0.775962 -0.066243 0.150894 50.000000
0.205299 -0.024470 -0.029651 52.000000
-0.504136 -0.020222 -0.048059 50.000000
0.214503 0.493092 -0.164174 50.000000
-0.376692 -0.373523 -0.065052 53.000000
0.746225 -0.248204 0.087172 50.000000
0.062987 0.504420 -0.115321 50.000000
-0.099857 -0.177402 -0.162758 50.000000
0.019090 -0.061287 -0.118153 50.000000
0.716489 -0.260240 0.114077 50.000000
-0.405014 -0.246080 -0.129482 50.000000
-0.099149 -0.080403 -0.113197 50.000000
-0.533165 0.445655 0.018494 50.000000
0.027586 -0.337414 -0.120985 51.000000
-0.040384 -0.288561 -0.099745 50.000000
-0.297395 -0.236876 -0.103285 50.000000
0.546564 0.492384 -0.029651 50.000000
0.613118 -0.304138 0.090005 50.000000
-0.382357 -0.390516 -0.099036 53.000000
-0.469443 0.486720 -0.201699 50.000000
0.843932 -0.050666 0.201871 50.000000
-0.011355 -0.091024 -0.134437 50.000000
-0.198980 -0.397596 -0.113197 53.000000
0.361063 -0.086776 -0.017615 52.000000
0.661263 0.497341 -0.167007 50.000000
0.380179 -0.348743 0.013538 51.000000
-0.247125 -0.077572 -0.091957 50.000000
0.198926 -0.374939 0.002210 51.000000
-0.417758 -0.236876 -0.115321 50.000000
0.356106 0.022260 -0.001330 52.000000
0.526031 -0.141293 0.024159 50.000000
-0.451743 0.484596 0.078676 50.000000
0.295217 -0.386976 -0.011242 51.000000
0.727817 -0.076863 0.206827 50.000000
0.012009 0.522121 0.109828 50.000000
0.116796 0.482472 0.226652 50.000000
-0.472984 -0.185898 -0.144350 53.000000
0.430449 -0.183774 -0.012658 50.000000
0.107592 -0.358655 -0.031067 51.000000
0.495587 0.134835 0.056728 50.000000
0.407084 0.020843 -0.024695 52.000000
-0.662732 -0.294225 -0.049476 53.000000
0.489214 0.505129 0.026991 50.000000
-0.237921 0.516457 0.013538 50.000000
-0.259870 -0.299181 -0.082044 50.000000
-0.264118 0.524245 0.225943 50.000000
-0.322175 0.513624 0.068763 50.000000
-0.615295 -0.314757 -0.055847 53.000000
0.323538 -0.096688 0.014955 52.000000
0.266188 -0.471937 0.119742 51.000000
-0.565026 0.144039 -0.038147 50.000000
0.824107 -0.051375 0.191959 50.000000
-0.651404 0.500880 0.042567 50.000000
-0.536705 0.503005 -0.140810 50.000000
-0.572106 0.359984 0.053895 50.000000
-0.214557 0.521413 0.223112 50.000000
0.375223 -0.377771 0.084341 51.000000
-0.395101 -0.074739 -0.057264 50.000000
-0.191192 -0.383435 -0.061512 53.000000
-0.084989 0.496632 -0.192495 50.000000
0.513995 0.256614 0.135317 50.000000
-0.434042 0.423706 0.133901 50.000000
-0.081449 -0.304138 -0.146474 50.000000
-0.595470 -0.251036 -0.040979 53.000000
-0.814957 0.522121 0.191959 50.000000
0.762509 -0.089608 0.188419 50.000000
-0.585558 0.406713 -0.003454 50.000000
-0.440414 0.015887 0.016370 50.000000
0.418413 -0.405384 0.106997 51.000000
-0.502721 0.042792 -0.057264 50.000000
-0.470860 0.408130 0.213200 50.000000
0.701620 0.500880 -0.133022 50.000000
-0.141631 0.525661 0.281169 50.000000
-0.029056 -0.069783 -0.096205 50.000000
0.766049 -0.272984 0.098500 50.000000
-0.209600 -0.308385 -0.089125 50.000000
0.700204 -0.091024 0.174966 50.000000
-0.108354 -0.039338 -0.099036 50.000000
-0.182696 0.037128 0.053895 50.000000
0.323538 -0.118637 0.019203 52.000000
-0.066581 0.521413 0.314447 50.000000
0.117505 0.496632 0.228776 50.000000
-0.048172 -0.058454 -0.079920 50.000000
0.274685 -0.097396 -0.002038 52.000000
0.316458 0.502296 0.017079 50.000000
0.626570 -0.294933 0.126821 50.000000
0.439653 -0.098104 -0.022570 52.000000
-0.722206 0.096601 0.062392 50.000000
-0.520420 -0.206430 -0.120278 53.000000
-0.592639 -0.271568 -0.053724 53.000000
0.283181 -0.257408 -0.009827 50.000000
0.484258 -0.050666 0.041859 52.000000
0.496294 -0.162533 -0.027527 50.000000
-0.196148 -0.109432 -0.122402 50.000000
0.814195 -0.201475 0.111245 50.000000
0.303713 -0.292809 0.032655 51.000000
-0.606091 0.183688 -0.015491 50.000000
-0.474400 0.501588 -0.062220 50.000000
0.601081 0.500880 -0.058680 50.000000
-0.451743 0.010931 -0.040979 50.000000
0.098388 0.520705 0.025574 50.000000
-0.484312 -0.265196 -0.144350 53.000000
0.074316 -0.366443 -0.048767 51.000000
0.406376 -0.065535 -0.018323 52.000000
-0.243585 0.519288 0.298870 50.000000
0.162110 -0.200766 -0.089832 50.000000
-0.088529 -0.057747 -0.069299 50.000000
-0.657068 0.499464 -0.114614 50.000000
-0.091361 -0.374939 -0.130897 50.000000
0.639315 -0.234043 0.092128 50.000000
0.222999 -0.399011 0.014246 51.000000
0.289553 0.519997 0.196915 50.000000
-0.117558 -0.139877 -0.158510 50.000000
0.251320 -0.332458 -0.006994 51.000000
0.316458 0.080317 0.123281 52.000000
-0.470860 0.408130 0.213200 50.000000
0.276809 0.015179 0.053895 52.000000
0.360355 0.498048 0.114077 50.000000
0.359647 0.050580 0.058144 52.000000
-0.630164 0.293431 0.009998 50.000000
0.385843 -0.086776 -0.008410 52.000000
-0.148711 -0.326794 -0.114614 50.000000
0.391508 -0.386976 0.053895 51.000000
0.086351 -0.326085 -0.036023 51.000000
0.066527 -0.036506 -0.042395 52.000000
-0.166411 -0.149081 -0.140102 50.000000
0.121752 -0.023762 -0.016199 52.000000
-0.199688 0.502296 -0.089125 50.000000
-0.496348 -0.289269 -0.091248 53.000000
-0.186236 -0.264488 -0.149306 50.000000
0.104760 0.459816 0.240812 50.000000
-0.081449 -0.272984 -0.171255 50.000000
-0.667689 -0.221299 0.012830 53.000000
0.128124 0.477516 0.347723 50.000000
0.014134 0.513624 -0.056556 50.000000
-0.428378 -0.196518 -0.110365 50.000000
-0.606091 0.194308 -0.016906 50.000000
-0.034011 0.010223 0.008582 50.000000
-0.412802 -0.299181 -0.088417 53.000000
-0.604675 -0.293517 -0.051600 53.000000
0.286013 0.493092 0.337103 50.000000
-0.295978 -0.176694 -0.116738 50.000000
0.200343 -0.418129 0.078676 51.000000
-0.014895 0.534157 0.310198 50.000000
0.475762 0.124214 0.073720 52.000000
0.273976 -0.182358 -0.001330 50.000000
-0.385189 -0.315466 -0.134437 53.000000
-0.416342 -0.176694 -0.119569 50.000000
0.144409 -0.363611 0.005042 51.000000
0.067235 0.458399 0.237272 50.000000
-0.242169 -0.432997 -0.081337 53.000000
-0.127470 -0.119344 -0.122402 50.000000
-0.349080 -0.187314 -0.090541 50.000000
-0.131010 -0.399720 -0.019739 50.000000
-0.543786 -0.028010 -0.019031 50.000000
-0.014895 0.506545 0.027698 50.000000
-0.289607 0.003851 0.037611 50.000000
-0.357576 -0.336706 -0.118153 53.000000
-0.414926 -0.064827 -0.066468 50.000000
0.400712 -0.235459 -0.074964 50.000000
0.836851 -0.226255 0.097793 50.000000
0.080687 -0.090315 -0.094081 52.000000
0.293801 0.018011 0.079384 52.000000
0.275392 0.505129 -0.074256 50.000000
-0.140922 -0.406092 -0.051600 50.000000
0.254860 -0.213511 -0.042395 50.000000
0.038206 -0.198642 -0.113905 50.000000
-0.279694 0.498048 -0.140102 50.000000
-0.361824 -0.086067 -0.070008 50.000000
0.545148 -0.105892 0.081508 52.000000
-0.139507 -0.308385 -0.099036 50.000000
0.007054 -0.439369 0.023450 51.000000
0.084935 -0.356531 -0.048059 51.000000
-0.451743 0.484596 0.078676 50.000000
-0.567150 -0.291393 -0.068592 53.000000
-0.550865 -0.388392 -0.055847 53.000000
0.105468 -0.159701 -0.050183 52.000000
-0.574230 0.205637 -0.007702 50.000000
0.363895 -0.076155 -0.006994 52.000000
-0.266242 -0.216343 -0.119569 50.000000
-0.591223 0.038544 -0.014075 50.000000
-0.150127 0.069697 0.053895 50.000000
-0.527501 -0.258116 -0.093372 53.000000
-0.568566 -0.270861 -0.060096 53.000000
0.373099 0.042084 -0.025403 52.000000
0.426201 0.505129 -0.070716 50.000000
0.472930 -0.205723 -0.026111 50.000000
0.487090 0.147579 0.066639 50.000000
-0.361116 -0.137044 -0.075672 50.000000
-0.259162 -0.097396 -0.072132 50.000000
-0.164287 -0.461318 0.029823 50.000000
0.071483 -0.059163 -0.087708 52.000000
0.123876 -0.159701 -0.067884 52.000000
0.620906 -0.163241 0.043275 50.000000
-0.724330 0.138375 0.025574 50.000000
-0.249249 -0.004646 0.070888 50.000000
-0.378817 0.522121 0.250016 50.000000
0.327078 -0.452113 0.128945 51.000000
0.396464 -0.021638 -0.016199 52.000000
0.546564 0.492384 -0.029651 50.000000
0.070775 -0.342370 -0.082753 51.000000
0.859508 -0.201475 0.084341 50.000000
0.801450 -0.236876 0.084341 50.000000
-0.136674 -0.091024 -0.151430 50.000000
0.244240 0.497341 -0.057264 50.000000
-0.446078 -0.226255 -0.125233 53.000000
-0.635119 -0.241831 -0.021155 53.000000
-0.643616 0.491676 -0.200992 50.000000
-0.070829 -0.168198 -0.146474 50.000000
-0.303059 -0.372815 -0.069299 53.000000
-0.218097 0.042084 0.099209 50.000000
0.761802 -0.175986 0.058851 50.000000
0.489214 0.505129 0.026991 50.000000
-0.664149 0.158907 0.027698 50.000000
-0.092069 0.534157 0.267009 50.000000
0.555768 0.512917 0.116909 50.000000
-0.176323 -0.099519 -0.127357 50.000000
-0.138798 -0.401136 -0.158510 50.000000
-0.166411 -0.149081 -0.140102 50.000000
-0.378109 -0.297057 -0.112489 50.000000
0.911901 -0.128549 0.127529 50.000000
-0.453867 0.339452 0.199039 50.000000
-0.450327 -0.217051 -0.105409 53.000000
0.096972 -0.209263 -0.121693 50.000000
0.870836 -0.115804 0.136025 50.000000
0.815611 0.506545 -0.119569 50.000000
-0.055960 0.503712 0.213908 50.000000
-0.541662 0.459816 -0.055847 50.000000
-0.014188 0.018011 -0.019739 50.000000
0.604621 -0.174569 0.068763 50.000000
0.809238 -0.115804 0.130361 50.000000
0.436113 0.495216 -0.029651 50.000000
0.201759 -0.202182 -0.038147 50.000000
-0.039676 0.522121 0.362591 50.000000
0.754721 -0.272984 0.105581 50.000000
-0.179156 0.534157 0.262761 50.000000
0.729233 0.511500 -0.069299 50.000000
-0.159331 -0.034382 -0.025403 50.000000
0.227956 -0.331042 -0.014075 51.000000
0.445317 -0.151913 -0.040979 50.000000
0.412040 -0.363611 0.041859 51.000000
0.089892 0.027215 0.075136 52.000000
0.220875 -0.408924 0.002918 51.000000
-0.499888 0.068280 -0.020446 50.000000
-0.490684 -0.246788 -0.113197 53.000000
0.899157 -0.165366 0.133194 50.000000
0.235744 -0.151205 -0.031067 52.000000
0.079271 -0.299889 -0.101160 51.000000
0.370975 -0.269444 -0.018323 51.000000
-0.495640 0.054828 -0.040979 50.000000
0.593293 -0.247495 0.147354 50.000000
0.203175 -0.212803 -0.031775 50.000000
0.140161 0.528493 0.199039 50.000000
-0.117558 -0.026594 -0.057971 50.000000
0.661263 0.497341 -0.167007 50.000000
-0.336336 -0.446449 -0.068592 53.000000
-0.683265 -0.381311 0.048231 53.000000
0.143701 0.175191 0.225236 50.000000
-0.389437 -0.186606 -0.094081 50.000000
0.632942 0.529201 0.060268 50.000000
-0.245709 -0.177402 -0.117445 50.000000
0.692416 0.500880 -0.090541 50.000000
-0.090653 -0.346618 -0.119569 50.000000
0.312917 -0.342370 -0.031067 51.000000
-0.215972 -0.216343 -0.134437 50.000000
0.064403 0.389014 0.226652 50.000000
-0.127470 -0.037922 -0.077089 50.000000
0.296633 0.493800 -0.077089 50.000000
0.625154 0.521413 0.079384 50.000000
0.117505 -0.319714 -0.115321 51.000000
0.584796 -0.209970 0.085048 50.000000
-0.191900 0.522829 0.269841 50.000000
-0.337752 -0.207139 -0.102577 50.000000
-0.054544 0.011639 0.022743 50.000000
0.190431 -0.399011 0.018494 51.000000
0.082811 -0.333875 -0.067176 51.000000
0.254152 0.500172 0.138858 50.000000
-0.327839 0.532033 0.378168 50.000000
-0.029056 -0.373523 -0.065760 50.000000
0.700204 -0.091024 0.174966 50.000000
0.415580 -0.020222 0.008582 52.000000
0.785874 -0.077572 0.174259 50.000000
-0.127470 -0.224131 -0.190371 50.000000
0.211671 0.507960 -0.123818 50.000000
0.365311 0.502296 -0.028943 50.000000
0.087059 -0.288561 -0.120985 51.000000
-0.361824 -0.303429 -0.154970 53.000000
-0.127470 -0.091731 -0.156386 50.000000
-0.293855 -0.414589 -0.067176 53.000000
-0.104814 0.512917 0.201871 50.000000
-0.431210 -0.406800 -0.059388 53.000000
0.598957 -0.268737 0.087881 50.000000
-0.677601 0.108638 0.077968 50.000000
0.339114 -0.280065 -0.010534 51.000000
0.016966 0.488136 0.009290 50.000000
-0.625207 -0.353698 0.016370 53.000000
-0.558654 -0.145541 -0.048059 53.000000
-0.164287 -0.451405 0.037611 50.000000
-0.137382 -0.196518 -0.169839 50.000000
0.073607 0.501588 0.010706 50.000000
-0.060917 -0.101644 -0.153554 50.000000
0.591877 -0.151913 0.106288 50.000000
0.059447 -0.070491 -0.108949 52.000000
0.190431 -0.129965 -0.045228 52.000000
-0.588391 0.398925 0.012122 50.000000
-0.090653 -0.439369 -0.041688 50.000000
-0.448911 0.374145 0.237272 50.000000
-0.089945 -0.187314 -0.162050 50.000000
-0.176323 -0.283605 -0.157094 50.000000
-0.470151 -0.290685 -0.065052 53.000000
-0.080741 -0.412464 -0.081337 50.000000
0.182643 -0.056330 -0.033899 52.000000
-0.051712 -0.120761 -0.155679 50.000000
-0.217388 -0.437953 0.019910 53.000000
-0.574230 0.205637 -0.007702 50.000000
-0.388021 -0.176694 -0.103285 50.000000
0.048119 -0.258824 -0.111073 50.000000
-0.388021 0.477516 -0.113905 50.000000
-0.342000 -0.039338 0.020619 50.000000
0.511871 0.090229 0.074427 52.000000
0.039622 -0.299889 -0.093372 51.000000
0.189722 0.503005 0.116201 50.000000
-0.104814 0.499464 -0.026111 50.000000
-0.148003 -0.058454 -0.082044 50.000000
-0.087113 0.009515 -0.004163 50.000000
-0.461655 -0.416712 -0.068592 53.000000
-0.090653 -0.244664 -0.166298 50.000000
-0.253498 -0.166781 -0.149306 50.000000
0.344778 -0.140585 0.011414 52.000000
0.774219 -0.204606 0.022853 50.000000
-0.322250 0.556377 0.153775 50.000000
-0.076772 -0.297888 -0.099886 50.000000
-0.358254 -0.100687 -0.121979 50.000000
-0.105411 0.540829 -0.016424 50.000000
-0.333706 0.569469 0.069494 50.000000
-0.517815 -0.094959 -0.030334 50.000000
-0.530088 0.274077 0.370614 50.000000
-0.130777 0.069511 0.112862 50.000000
0.539379 -0.328163 0.008124 51.000000
-0.624188 -0.332255 0.151320 53.000000
0.201437 -0.000859 -0.015605 52.000000
0.580292 0.053146 0.053947 52.000000
-0.544817 -0.438629 0.092405 53.000000
0.215347 0.558014 0.395162 50.000000
-0.182327 0.017961 0.086678 50.000000
0.203892 0.011415 -0.007423 52.000000
-0.230605 -0.362531 -0.099886 53.000000
-0.161053 0.570287 0.234783 50.000000
0.299628 -0.000041 -0.027061 52.000000
0.789767 -0.100687 0.017944 50.000000
-0.390984 -0.009042 -0.079430 50.000000
0.591748 -0.179240 -0.035243 50.000000
-0.146324 -0.252065 -0.138344 50.000000
0.175252 0.585016 -0.120343 50.000000
0.467372 0.554741 -0.135071 50.000000
-0.229787 -0.252883 -0.096613 50.000000
0.608931 0.535920 0.387797 50.000000
0.527105 -0.022134 -0.060609 52.000000
-0.237969 0.567014 -0.012332 50.000000
-0.525179 -0.284795 -0.076975 53.000000
0.051695 -0.368259 -0.081885 50.000000
-0.465446 -0.473814 0.175050 53.000000
-0.260880 -0.054864 -0.085976 50.000000
0.525468 -0.107233 -0.058974 52.000000
0.272626 0.583379 0.125136 50.000000
-0.413077 0.025326 -0.072884 50.000000
-0.457263 -0.031953 -0.086794 50.000000
0.397819 -0.364167 -0.108069 51.000000
-0.514542 -0.140782 -0.066337 50.000000
-0.566910 -0.364167 0.081768 53.000000
-0.571819 0.279805 0.010579 50.000000
0.451825 -0.310980 -0.033607 51.000000
0.432187 0.500735 0.202052 50.000000
-0.308340 0.573560 0.247057 50.000000
0.566382 0.103879 0.049037 52.000000
0.550016 -0.344528 -0.128525 51.000000
0.113883 0.585016 0.499081 50.000000
-0.406531 0.109606 0.037582 50.000000
-0.618461 -0.360894 0.196324 53.000000
0.075425 0.585834 0.258512 50.000000
-0.489993 -0.446812 0.166049 53.000000
-0.563637 0.165248 0.062948 50.000000
0.149068 -0.156329 -0.113797 50.000000
-0.295248 -0.409171 -0.069610 53.000000
0.222712 0.038418 0.013852 52.000000
-0.445808 -0.099050 -0.096613 50.000000
0.624478 -0.025407 0.026944 52.000000
0.473918 -0.386260 -0.016424 51.000000
-0.381165 0.553922 -0.048336 50.000000
0.415003 0.552286 -0.046699 50.000000
0.284081 -0.074503 -0.069610 52.000000
0.146613 -0.031135 -0.085976 50.000000
-0.620097 -0.265975 0.037582 53.000000
0.282445 -0.479542 0.005669 51.000000
0.337268 -0.316708 -0.094977 51.000000
-0.412259 -0.110506 -0.117070 50.000000
-0.260880 -0.253702 -0.045881 50.000000
-0.096410 -0.229972 -0.175166 50.000000
-0.122595 -0.144873 -0.126889 50.000000
0.167888 -0.121961 -0.088431 50.000000
-0.372164 0.571924 0.114498 50.000000
0.061514 -0.407535 -0.030334 50.000000
0.375727 -0.072866 -0.063882 52.000000
-0.469537 0.420546 0.067857 50.000000
-0.153688 -0.308525 -0.094158 50.000000
0.599112 0.053964 0.062129 52.000000
0.326631 -0.270067 -0.123616 51.000000
0.000145 -0.134235 -0.116251 50.000000
-0.421259 0.576833 0.391889 50.000000
-0.623370 -0.136691 0.068675 50.000000
0.103245 0.044145 -0.019697 50.000000
-0.217513 0.565378 0.514628 50.000000
0.317630 -0.144055 -0.076975 50.000000
-0.113593 0.554741 0.323155 50.000000
-0.422078 0.240528 0.432802 50.000000
-0.336160 -0.056500 -0.112160 50.000000
-0.436807 0.422182 0.446712 50.000000
0.232531 -0.495907 0.054765 51.000000
-0.214240 0.062147 0.156229 50.000000
0.781584 -0.283977 0.035945 51.000000
-0.154507 -0.252883 -0.112978 50.000000
0.091790 -0.411626 0.000760 50.000000
-0.295248 -0.409171 -0.069610 53.000000
0.734943 -0.357621 -0.023788 51.000000
0.239077 0.064602 0.022853 52.000000
-0.543181 -0.275794 -0.013969 53.000000
-0.350071 -0.356802 -0.022970 53.000000
0.135158 0.585834 -0.075339 50.000000
0.408457 0.571924 0.057220 50.000000
0.135976 -0.493452 -0.028697 51.000000
-0.547272 0.157883 0.022853 50.000000
-0.240424 0.552286 -0.085976 50.000000
-0.408167 0.499917 0.449985 50.000000
-0.089046 -0.166966 -0.115433 50.000000
-0.338615 -0.365804 -0.049154 53.000000
0.719397 0.585016 0.035127 50.000000
0.516468 0.121880 0.104679 52.000000
-0.481811 -0.085140 -0.057336 50.000000
-0.414713 0.098969 -0.035243 50.000000
0.532833 0.141518 0.143137 52.000000
-0.580821 -0.080230 0.017125 50.000000
0.217802 0.565378 0.265058 50.000000
0.191618 0.035145 -0.009878 50.000000
0.392910 0.398453 0.154593 50.000000
-0.480993 -0.028680 -0.057336 50.000000
-0.514542 -0.218517 -0.067156 53.000000
0.458371 -0.387897 0.014671 51.000000
0.318448 -0.085958 -0.078612 52.000000
0.178525 0.573560 -0.043426 50.000000
0.712851 -0.355984 -0.036880 51.000000
-0.172508 -0.076957 -0.081066 50.000000
-0.399166 -0.446812 0.062948 53.000000
0.724306 -0.087595 0.044946 52.000000
0.466553 -0.167784 -0.097431 50.000000
-0.599641 -0.298706 -0.028697 53.000000
0.404365 0.528556 0.151320 50.000000
0.077879 -0.416535 -0.066337 50.000000
0.090972 -0.348620 -0.059791 50.000000
0.353634 0.260985 0.105498 50.000000
-0.401621 -0.132599 -0.112978 50.000000
-0.172508 -0.165330 -0.067974 50.000000
0.757854 0.013051 0.135773 52.000000
0.171161 -0.463995 0.017944 51.000000
0.373272 -0.390351 -0.068792 51.000000
-0.161871 -0.088413 -0.084339 50.000000
0.294719 0.097333 0.074403 52.000000
-0.230605 -0.208697 -0.110524 50.000000
0.100791 0.576015 0.420528 50.000000
-0.571819 -0.296252 -0.063882 53.000000
-0.448262 0.555559 0.103861 50.000000
-0.589822 -0.339619 0.072767 53.000000
-0.436807 0.483552 0.446712 50.000000
-0.413895 -0.076139 -0.078612 50.000000
-0.204421 0.537556 -0.056518 50.000000
-0.300157 0.101424 0.161139 50.000000
-0.593095 -0.311798 0.011398 53.000000
0.446915 0.024507 -0.061428 52.000000
0.613022 0.569469 -0.061428 50.000000
0.436278 0.560468 0.103861 50.000000
0.299628 0.058874 -0.032789 52.000000
0.028784 -0.413262 -0.079430 50.000000
-0.249425 -0.438629 -0.018060 53.000000
0.407638 0.178340 0.072767 52.000000
0.333177 -0.423900 -0.074520 51.000000
-0.072681 -0.088413 -0.081066 50.000000
0.509103 0.565378 0.097315 50.000000
-0.369709 -0.153874 -0.099068 50.000000
0.407638 -0.402625 -0.082703 51.000000
-0.501450 -0.229154 -0.094158 53.000000
0.581110 -0.351893 -0.028697 51.000000
-0.381165 -0.142418 -0.077793 50.000000
-0.219149 0.568651 0.472079 50.000000
0.328267 0.588289 0.171777 50.000000
0.590929 -0.315890 -0.006605 51.000000
0.277535 0.088331 0.111225 52.000000
-0.282156 -0.021316 -0.081885 50.000000
-0.492448 -0.207060 -0.069610 53.000000
0.679301 -0.027862 -0.017242 52.000000
0.390455 -0.403443 -0.058155 51.000000
0.088517 -0.332255 -0.123616 50.000000
-0.143869 0.569469 0.104679 50.000000
0.446915 0.024507 -0.061428 52.000000
-0.132414 -0.362531 -0.106432 53.000000
-0.402440 -0.207879 -0.094158 53.000000
-0.033404 0.004050 -0.056518 50.000000
-0.088227 0.051510 0.057220 50.000000
-0.196238 0.562105 0.087496 50.000000
-0.144688 -0.274158 -0.121979 50.000000
0.685029 -0.127689 0.031854 52.000000
0.299628 0.094060 0.047401 52.000000
-0.325523 0.062147 0.046583 50.000000
-0.543181 -0.425536 0.080949 53.000000
-0.260880 0.547376 0.046583 50.000000
-0.579184 -0.242246 -0.003332 53.000000
0.365089 -0.451721 0.058038 51.000000
0.512376 -0.273340 -0.117888 51.000000
-0.368891 -0.100687 -0.124434 50.000000
0.212893 0.532647 -0.048336 50.000000
0.030420 -0.178422 -0.132616 50.000000
0.501739 0.103879 0.069494 52.000000
-0.202784 -0.040954 -0.045063 50.000000
0.254624 -0.315890 -0.077793 51.000000
0.384727 -0.458267 -0.003332 51.000000
0.331540 0.146428 0.055583 52.000000
0.473099 -0.098232 -0.118706 52.000000
-0.026039 -0.264339 -0.135071 50.000000
0.323358 0.570287 -0.086794 50.000000
-0.109502 -0.155511 -0.104796 50.000000
-0.165144 -0.329800 -0.106432 50.000000
0.177707 0.582561 0.427892 50.000000
0.487010 -0.144055 -0.083521 52.000000
-0.014584 -0.243064 -0.129343 50.000000
-0.471992 -0.252883 -0.045881 53.000000
-0.514542 -0.085140 -0.062247 50.000000
-0.205239 -0.131780 -0.065519 50.000000
0.256260 0.582561 0.003215 50.000000
0.045149 -0.336346 -0.051609 50.000000
-0.073499 -0.355166 -0.074520 50.000000
0.595021 -0.130962 -0.061428 52.000000
0.608113 -0.191514 -0.031970 50.000000
-0.589003 -0.229972 -0.012332 53.000000
-0.120958 -0.155511 -0.109705 50.000000
0.712032 -0.242246 -0.004150 50.000000
0.189982 0.549012 0.422164 50.000000
-0.515360 -0.447630 0.169322 53.000000
0.351179 -0.352711 -0.092522 51.000000
0.499284 -0.108869 -0.088431 52.000000
-0.010493 0.570287 0.136591 50.000000
-0.369709 -0.165330 -0.101523 50.000000
-0.164326 -0.198060 -0.103977 50.000000
-0.545635 0.238891 -0.002513 50.000000
0.459189 0.571106 -0.162892 50.000000
0.264443 0.565378 -0.157165 50.000000
-0.391802 -0.076139 -0.081066 50.000000
-0.024403 -0.286432 -0.124434 50.000000
0.342178 0.145610 0.047401 52.000000
-0.016220 0.062965 0.049856 50.000000
-0.092319 -0.031135 -0.062247 50.000000
0.338905 -0.270067 -0.126070 51.000000
-0.616006 0.557195 0.009760 50.000000
-0.155325 0.525283 0.143137 50.000000
0.368362 0.086695 -0.027061 52.000000
-0.000674 -0.232427 -0.114615 50.000000
0.099972 -0.392806 -0.072884 50.000000
-0.325523 0.076057 0.062948 50.000000
-0.188873 0.546558 0.004851 50.000000
0.374090 0.269986 0.080131 50.000000
-0.293611 -0.076957 -0.082703 50.000000
0.352815 0.049055 -0.029516 52.000000
0.054150 -0.221790 -0.121979 50.000000
0.442006 -0.460722 0.001578 51.000000
0.256260 -0.155511 -0.073702 50.000000
0.378181 0.049873 -0.031970 52.000000
-0.436807 0.407454 0.448348 50.000000
0.344633 -0.404262 -0.038517 51.000000
-0.293611 -0.067957 -0.108069 50.000000
-0.325523 0.062147 0.046583 50.000000
-0.290338 0.026144 0.047401 50.000000
-0.306703 -0.295433 -0.109705 53.000000
-0.217513 -0.176785 -0.072884 50.000000
0.348724 0.154610 0.022035 52.000000
0.489465 -0.120325 -0.078612 52.000000
0.181798 -0.133417 -0.079430 50.000000
0.245623 0.560468 0.022853 50.000000
0.711214 -0.279886 -0.036880 51.000000
0.086880 -0.391988 -0.079430 50.000000
0.301265 0.101424 0.008124 52.000000
-0.239606 0.061329 0.146410 50.000000
0.460007 0.584198 0.035127 50.000000
0.608931 -0.104778 -0.033607 52.000000
-0.036677 0.547376 -0.148164 50.000000
-0.228150 -0.275794 -0.058974 50.000000
-0.339433 -0.428809 0.004851 53.000000
0.134340 -0.167784 -0.126070 50.000000
-0.306703 -0.295433 -0.109705 53.000000
-0.507996 0.385360 -0.055700 50.000000
0.340542 0.194706 0.033490 52.000000
0.093426 -0.006587 -0.058974 50.000000
0.415822 0.150519 0.059675 52.000000
0.152341 0.581743 -0.052427 50.000000
0.364271 0.225799 0.058856 50.000000
0.013237 -0.018043 -0.050790 50.000000
-0.035040 -0.145691 -0.126889 50.000000
0.109791 -0.145691 -0.133435 50.000000
0.451825 -0.121143 -0.103159 52.000000
0.369999 0.022871 -0.053245 52.000000
-0.433534 -0.077776 -0.109705 50.000000
0.014873 0.071148 0.015489 50.000000
-0.021948 -0.353529 -0.111342 50.000000
0.288991 0.107152 0.149683 52.000000
-0.182327 0.030235 0.088313 50.000000
-0.026858 -0.113779 -0.144072 50.000000
-0.077590 -0.006587 -0.045063 50.000000
0.237440 0.574379 0.499081 50.000000
-0.118503 -0.100687 -0.094158 50.000000
0.059060 -0.333891 -0.098250 50.000000
0.422368 -0.283159 -0.107251 51.000000
0.144977 0.569469 0.111225 50.000000
-0.380347 -0.131780 -0.090067 50.000000
-0.360709 -0.353529 -0.054063 53.000000
0.114702 -0.423081 -0.008241 50.000000
-0.208512 -0.230791 -0.107251 50.000000
-0.627461 0.586652 -0.094158 50.000000
0.356907 -0.179240 -0.109705 50.000000
-0.582457 -0.161238 0.032672 53.000000
0.251351 -0.313435 -0.128525 51.000000
0.254624 0.089968 0.125954 52.000000
0.251351 -0.012315 -0.015605 52.000000
0.212074 -0.478723 -0.066337 51.000000
-0.532543 0.535920 -0.074520 50.000000
0.286536 0.593198 0.499899 50.000000
-0.372164 -0.354347 -0.042608 53.000000
0.437096 0.028599 -0.014787 52.000000
0.324176 -0.110506 -0.098250 52.000000
0.040240 -0.454994 -0.021333 50.000000
0.011600 -0.320799 -0.110524 50.000000
0.085244 -0.044227 -0.096613 50.000000
-0.422897 0.499099 0.445075 50.000000
0.351997 0.268349 0.143955 50.000000
0.167888 -0.468086 -0.046699 51.000000
0.135976 -0.090050 -0.122797 50.000000
0.394546 -0.309344 -0.042608 51.000000
-0.581639 -0.219335 0.017944 53.000000
0.524650 -0.250429 -0.089249 50.000000
0.106518 -0.234064 -0.093340 50.000000
-0.401621 0.023689 -0.084339 50.000000
0.260351 -0.060592 -0.023788 52.000000
-0.093137 -0.345347 -0.054882 50.000000
-0.239606 -0.099869 -0.088431 50.000000
-0.538271 0.198797 0.046583 50.000000
0.256260 -0.155511 -0.073702 50.000000
-0.582457 -0.161238 0.032672 53.000000
0.301265 0.101424 0.008124 52.000000
0.640844 0.563741 -0.133435 50.000000
-0.421259 0.283896 0.431165 50.000000
0.301265 0.019598 -0.065519 52.000000
0.622841 0.014688 0.053129 52.000000
-0.021130 -0.035226 -0.117070 50.000000
-0.179872 -0.028680 -0.033607 50.000000
-0.476083 0.364904 0.393526 50.000000
-0.525179 0.250347 0.322337 50.000000
-0.074317 0.115334 0.166866 50.000000
0.368362 0.437729 0.258512 50.000000
0.782402 -0.180058 -0.022151 50.000000
0.283263 -0.201333 -0.063882 50.000000
-0.480993 -0.119507 -0.067156 50.000000
-0.078408 -0.264339 -0.112978 50.000000
-0.423715 -0.010678 -0.096613 50.000000
0.338087 -0.366622 -0.056518 51.000000
-0.108684 -0.297888 -0.089249 50.000000
-0.317340 -0.463995 0.095678 53.000000
0.058241 -0.178422 -0.106432 50.000000
0.162979 -0.006587 -0.069610 50.000000
0.090153 -0.277431 -0.114615 50.000000
-0.048951 -0.252883 -0.139981 50.000000
-0.435989 -0.175149 -0.081066 53.000000
0.455098 0.537556 0.167685 50.000000
-0.054679 -0.189059 -0.108069 50.000000
-0.338615 -0.338801 -0.103159 53.000000
-0.200330 -0.370713 -0.133435 53.000000
-0.093955 0.556377 0.233964 50.000000
-0.238787 -0.265157 -0.052427 50.000000
-0.368891 0.565378 -0.053245 50.000000
-0.230605 -0.208697 -0.110524 50.000000
-0.468719 -0.153056 -0.080248 50.000000
0.758673 -0.336346 0.052310 51.000000
-0.058770 -0.285613 -0.132616 50.000000
-0.044042 -0.417354 -0.031152 50.000000
-0.181509 -0.414899 -0.028697 53.000000
-0.588185 0.215162 0.058856 50.000000
0.440369 0.522828 0.222508 50.000000
0.774219 -0.030316 0.107952 52.000000
0.399456 -0.035226 -0.036880 52.000000
-0.068589 -0.335528 -0.041790 50.000000
0.562290 -0.191514 -0.036062 50.000000
0.186709 -0.258611 -0.056518 51.000000
-0.088227 -0.385442 -0.106432 50.000000
0.224348 0.573560 -0.014787 50.000000
0.311902 -0.362531 -0.096613 51.000000
0.773401 -0.255338 -0.037698 50.000000
0.580292 0.053146 0.053947 52.000000
0.392910 0.116152 0.001578 52.000000
-0.404076 0.088331 -0.025424 50.000000
-0.282974 -0.121143 -0.073702 50.000000
-0.522724 0.383723 -0.018878 50.000000
0.333177 -0.072048 -0.036880 52.000000
0.180980 -0.487724 0.005669 51.000000
0.140067 -0.279067 -0.099886 51.000000
0.508285 -0.431264 -0.072065 51.000000
0.620386 0.536738 -0.033607 50.000000
-0.381165 0.553922 -0.048336 50.000000
-0.032585 0.556377 0.183232 50.000000
0.353634 -0.258611 -0.117888 51.000000
-0.153688 0.541648 -0.010696 50.000000
-0.116866 -0.355166 -0.063064 50.000000
0.212074 -0.234882 -0.097431 50.000000
0.496011 0.570287 -0.100704 50.000000
-0.520269 -0.437811 0.089132 53.000000
0.599930 0.025326 0.033490 52.000000
0.480464 -0.418172 -0.071247 51.000000
-0.305067 -0.187422 -0.072065 50.000000
0.761946 -0.142418 -0.060609 50.000000
-0.369709 -0.165330 -0.101523 50.000000
0.581929 -0.054046 -0.000059 52.000000
0.763582 -0.140782 0.001578 50.000000
0.119611 0.567014 0.196324 50.000000
-0.413895 -0.196423 -0.076975 53.000000
0.748854 0.570287 -0.068792 50.000000
-0.444171 0.139882 0.074403 50.000000
-0.517815 -0.094959 -0.030334 50.000000
-0.405713 0.542467 -0.007423 50.000000
-0.446626 0.558014 -0.144890 50.000000
0.611386 -0.420627 0.031854 51.000000
0.613022 -0.380532 0.007306 51.000000
-0.422897 -0.077776 -0.106432 50.000000
0.129430 -0.430446 -0.052427 51.000000
0.038603 0.552286 0.120226 50.000000
-0.494903 0.018780 -0.033607 50.000000
0.215347 0.558014 0.395162 50.000000
-0.048951 -0.422263 0.020398 50.000000
0.583565 -0.117052 -0.022970 52.000000
0.415822 0.150519 0.059675 52.000000
-0.037495 -0.424718 -0.063882 50.000000
0.270171 0.553104 -0.082703 50.000000
0.304538 -0.247156 -0.116251 50.000000
-0.027676 -0.378896 -0.075339 50.000000
0.194073 0.585016 0.147228 50.000000
-0.326341 -0.033589 -0.091704 50.000000
0.392092 -0.191514 -0.119524 50.000000
-0.519451 -0.252883 -0.021333 53.000000
-0.299339 0.550649 -0.123616 50.000000
-0.555454 -0.069593 -0.000059 50.000000
-0.239606 -0.099869 -0.088431 50.000000
-0.196238 -0.144055 -0.089249 50.000000
-0.278883 0.013051 0.037582 50.000000
-0.239606 0.577652 0.305153 50.000000
0.359361 0.325628 0.154593 50.000000
0.661300 0.574379 -0.021333 50.000000
0.609749 -0.241428 0.003215 50.000000
0.339723 -0.483633 0.018762 51.000000
0.237440 0.544921 0.293697 50.000000
0.136794 -0.101505 -0.118706 50.000000
0.300447 -0.156329 -0.092522 50.000000
-0.562000 0.564560 -0.140800 50.000000
0.135976 0.551468 0.553086 50.000000
-0.403258 -0.229972 -0.079430 53.000000
0.413366 -0.010678 -0.039335 52.000000
-0.066135 0.573560 0.109589 50.000000
0.166252 -0.111324 -0.094977 50.000000
0.070515 0.588289 0.517901 50.000000
0.748035 -0.353529 -0.085976 51.000000
0.685029 -0.342892 -0.029516 51.000000
0.052514 -0.032771 -0.089249 50.000000
0.042695 -0.244701 -0.064701 50.000000
-0.250243 -0.208697 -0.058974 50.000000
0.368362 -0.167784 -0.077793 50.000000
-0.108684 -0.375623 -0.092522 53.000000
-0.369709 0.556377 -0.004968 50.000000
-0.062862 -0.045045 -0.095795 50.000000
0.443642 -0.250429 -0.053245 51.000000
0.288173 0.081785 0.055583 52.000000
0.196528 -0.361712 -0.068792 51.000000
-0.143051 -0.144873 -0.112978 50.000000
-0.152870 -0.001677 0.013033 50.000000
-0.084954 0.569469 0.184869 50.000000
-0.047315 -0.369077 -0.053245 50.000000
0.087699 -0.167784 -0.128525 50.000000
-0.392620 -0.207879 -0.072884 53.000000
0.027965 -0.264339 -0.142436 50.000000
-0.559546 0.242983 0.015489 50.000000
-0.469537 -0.218517 -0.072884 53.000000
-0.152870 -0.330618 -0.091704 50.000000
0.202255 -0.374805 -0.049154 51.000000
0.487010 -0.417354 -0.087612 51.000000
-0.531725 -0.276613 -0.013969 53.000000
-0.021948 0.522010 0.167685 50.000000
0.451825 -0.098232 -0.104796 52.000000
0.028784 -0.135053 -0.141617 50.000000
-0.426988 -0.263521 -0.058974 53.000000
-0.485084 -0.287251 -0.030334 53.000000
-0.137323 -0.065502 -0.063882 50.000000
0.460007 -0.191514 -0.080248 50.000000
0.036967 -0.344528 -0.094977 50.000000
0.641662 0.541648 -0.156346 50.000000
-0.489993 -0.196423 -0.090885 53.000000
0.215347 -0.110506 -0.090885 52.000000
-0.057134 -0.220971 -0.124434 50.000000
-0.322250 0.526101 0.434438 50.000000
-0.620915 -0.263521 -0.035243 53.000000
0.474736 -0.321617 -0.077793 51.000000
0.327449 0.581743 -0.166984 50.000000
-0.515360 0.257712 0.361613 50.000000
0.077061 0.019598 -0.026243 50.000000
-0.116866 -0.265975 -0.063882 50.000000
0.366726 0.422182 0.256058 50.000000
0.270171 -0.246337 -0.105614 50.000000
0.698121 -0.368259 -0.036062 51.000000
0.719397 0.585016 0.035127 50.000000
0.243168 -0.351074 -0.075339 51.000000
0.442824 -0.237337 -0.090067 50.000000
-0.248606 0.569469 0.031854 50.000000
-0.539089 0.152156 0.059675 50.000000
0.243168 -0.086777 -0.080248 52.000000
0.229258 -0.303616 -0.079430 51.000000
-0.512905 0.562923 -0.035243 50.000000
0.514831 -0.191514 -0.047517 50.000000
-0.261698 -0.219335 -0.080248 50.000000
0.453461 -0.145691 -0.130980 52.000000
0.752945 -0.348620 0.040037 51.000000
-0.467901 -0.164511 -0.089249 53.000000
-0.527634 -0.038499 -0.040153 50.000000
0.386364 0.414818 0.223327 50.000000
0.179344 -0.322436 -0.130980 51.000000
0.253805 -0.281522 -0.080248 51.000000
-0.262517 -0.319163 -0.076975 53.000000
0.480464 -0.418172 -0.071247 51.000000
-0.305885 -0.241428 -0.090885 50.000000
0.423186 -0.075321 -0.110524 52.000000
0.084425 -0.022134 -0.100704 50.000000
0.248896 -0.027862 -0.065519 52.000000
-0.095592 0.561287 0.077676 50.000000
-0.305885 -0.354347 -0.057336 53.000000
-0.423715 0.012233 -0.089249 50.000000
0.385546 -0.156329 -0.103159 50.000000
-0.500631 0.122698 0.035127 50.000000
0.644117 0.543284 0.344430 50.000000
-0.142233 -0.374805 -0.091704 53.000000
0.283263 -0.085958 -0.070429 52.000000
0.221894 -0.246337 -0.105614 50.000000
0.428095 -0.109688 -0.095795 52.000000
0.042695 -0.432901 -0.008241 50.000000
0.018965 -0.135053 -0.135889 50.000000
0.743944 -0.296252 0.057220 51.000000
0.363453 -0.109688 -0.094158 52.000000
0.562290 -0.325709 -0.036880 51.000000
0.596657 0.040872 0.057220 52.000000
0.652299 -0.216062 -0.001695 50.000000
0.313539 0.112879 0.003215 52.000000
0.267716 -0.351074 -0.076975 51.000000
-0.094773 -0.434537 -0.068792 53.000000
0.390455 -0.355984 -0.056518 51.000000
0.694030 -0.179240 0.021217 50.000000
-0.392620 -0.252065 -0.070429 53.000000
0.397819 0.351812 0.134955 50.000000
-0.069408 -0.178422 -0.130162 50.000000
-0.021130 -0.006587 -0.048336 50.000000
0.053332 -0.276613 -0.127707 50.000000
-0.485084 -0.252883 -0.025424 53.000000
-0.416350 -0.342074 -0.056518 53.000000
0.538560 0.544921 0.324792 50.000000
-0.449899 0.402544 0.427892 50.000000
-0.491630 -0.251247 -0.076157 53.000000
0.390455 0.342811 0.158684 50.000000
0.387182 -0.157147 -0.132616 50.000000
-0.097228 0.540829 -0.054882 50.000000
-0.217513 0.575197 0.165231 50.000000
-0.040768 0.110425 0.131682 50.000000
-0.212603 -0.443539 0.018762 53.000000
0.261989 0.044145 0.061311 52.000000
0.189982 -0.111324 -0.095795 52.000000
0.514831 -0.337982 -0.017242 51.000000
0.509103 0.565378 0.097315 50.000000
-0.093955 -0.401807 -0.060609 53.000000
0.414185 -0.225881 -0.094158 50.000000
0.010782 -0.381351 -0.049972 50.000000
0.082789 -0.323254 -0.094977 50.000000
0.268535 0.544921 -0.179258 50.000000
0.293900 -0.270885 -0.070429 51.000000
-0.539089 -0.004132 -0.040971 50.000000
-0.569365 -0.402625 0.101406 53.000000
0.155614 0.029417 -0.056518 50.000000
0.059060 -0.211152 -0.098250 50.000000
-0.540726 -0.094141 -0.027879 50.000000
0.265262 -0.281522 -0.081885 51.000000
0.202255 -0.223426 -0.089249 50.000000
-0.590640 0.558014 -0.094158 50.000000
-0.401621 -0.055682 -0.099886 50.000000
0.514013 -0.019679 -0.026243 52.000000
0.482100 -0.131780 -0.062247 52.000000
0.156433 0.561287 0.170958 50.000000
-0.237969 0.540011 -0.012332 50.000000
-0.474447 0.286351 0.366522 50.000000
0.369999 0.022871 -0.053245 52.000000
0.180162 -0.387078 -0.038517 51.000000
-0.538271 0.198797 0.046583 50.000000
-0.390984 -0.009042 -0.079430 50.000000
0.364271 -0.306071 -0.089249 51.000000
0.197346 0.567014 0.539176 50.000000
-0.359072 -0.197241 -0.098250 50.000000
0.534469 -0.155511 -0.067974 50.000000
0.219439 -0.086777 -0.076975 52.000000
-0.507996 0.567014 -0.094977 50.000000
0.016510 -0.146510 -0.149800 50.000000
-0.093137 -0.345347 -0.054882 50.000000
-0.587367 -0.361712 0.049856 53.000000
0.433823 0.473732 0.265058 50.000000
-0.302612 0.036781 0.040855 50.000000
-0.305885 -0.165330 -0.105614 50.000000
0.088517 0.008142 -0.029516 50.000000
0.016510 -0.146510 -0.149800 50.000000
-0.322250 0.571924 0.332156 50.000000
0.254624 -0.144055 -0.078612 52.000000
-0.380347 0.071148 -0.064701 50.000000
-0.122595 0.588289 0.197961 50.000000
0.131885 0.576015 0.521992 50.000000
0.293082 0.578470 0.394344 50.000000
0.348724 0.341993 0.165231 50.000000
0.445279 -0.191514 -0.049154 50.000000
-0.467082 -0.239791 -0.114615 53.000000
0.222712 -0.366622 -0.016424 51.000000
0.058241 -0.178422 -0.106432 50.000000
0.335632 -0.190695 -0.097431 50.000000
0.377363 0.561287 -0.165347 50.000000
0.595021 -0.130962 -0.061428 52.000000
0.631843 0.566196 0.259331 50.000000
-0.338615 -0.365804 -0.049154 53.000000
-0.381165 0.553922 -0.048336 50.000000
-0.293611 -0.088413 -0.091704 50.000000
0.690757 -0.386260 0.040855 51.000000
-0.179054 0.570287 -0.041790 50.000000
0.390455 -0.355984 -0.056518 51.000000
0.360180 0.557195 -0.134253 50.000000
-0.276428 0.046600 0.130045 50.000000
0.345451 -0.121961 -0.108069 52.000000
0.158069 0.562105 0.044946 50.000000
-0.322250 0.573560 0.120226 50.000000
0.581110 -0.325709 -0.059791 51.000000
-0.356617 0.563741 -0.057336 50.000000
-0.345979 0.558832 0.038400 50.000000
0.269353 0.013869 -0.001695 52.000000
-0.018675 0.005687 -0.036062 50.000000
-0.110320 -0.144873 -0.112978 50.000000
0.321721 0.123517 -0.014787 52.000000
0.121248 -0.178422 -0.082703 50.000000
0.350361 -0.414081 -0.061428 51.000000
-0.261698 -0.110506 -0.094977 50.000000
0.155614 0.599744 -0.043426 50.000000
0.679301 -0.036044 0.045764 52.000000
-0.114411 -0.391170 -0.045063 53.000000
-0.559546 0.147246 0.029399 50.000000
0.170343 -0.291342 -0.073702 51.000000
0.355270 0.556377 0.026126 50.000000
0.392092 0.022053 -0.064701 52.000000
0.063151 -0.432082 -0.026243 50.000000
0.687484 -0.117870 -0.055700 52.000000
-0.240424 -0.122780 -0.111342 50.000000
0.057423 -0.122780 -0.111342 50.000000
0.059060 -0.383805 -0.040971 50.000000
-0.032585 -0.057319 -0.114615 50.000000
0.704667 -0.180058 -0.049972 50.000000
0.204710 -0.004132 -0.048336 52.000000
0.627751 -0.074503 0.070312 52.000000
0.213711 -0.426354 -0.007423 51.000000
0.072152 -0.156329 -0.094158 50.000000
0.302083 0.552286 -0.014787 50.000000
-0.301794 0.055601 0.093224 50.000000
0.437096 0.028599 -0.014787 52.000000
0.658845 -0.266794 -0.019697 51.000000
-0.491630 -0.141600 -0.067156 50.000000
0.676028 -0.327345 -0.076975 51.000000
0.009964 0.550649 0.300243 50.000000
0.262807 0.567833 0.472079 50.000000
-0.625825 -0.315890 0.075221 53.000000
-0.625825 -0.420627 0.151320 53.000000
-0.480174 -0.096596 -0.067974 50.000000
-0.023585 -0.231609 -0.120343 50.000000
-0.454808 -0.067138 -0.125252 50.000000
0.366726 -0.013133 -0.056518 52.000000
0.554107 -0.361712 -0.058155 51.000000
-0.536635 0.112061 0.040855 50.000000
0.219439 -0.377259 -0.030334 51.000000
0.010782 -0.381351 -0.049972 50.000000
-0.494903 0.018780 -0.033607 50.000000
0.368362 0.086695 -0.027061 52.000000
-0.406531 0.109606 0.037582 50.000000
-0.627461 -0.288887 0.006488 53.000000
-0.168417 -0.006587 -0.039335 50.000000
0.307811 -0.450903 -0.037698 51.000000
0.186709 -0.258611 -0.056518 51.000000
-0.392620 -0.328982 -0.089249 53.000000
0.505830 0.553104 -0.029516 50.000000
-0.143051 0.058056 0.120226 50.000000
0.155614 0.573560 0.164412 50.000000
-0.172508 -0.076957 -0.081066 50.000000
0.051695 -0.368259 -0.081885 50.000000
-0.305885 -0.229972 -0.112978 50.000000
-0.392620 0.189796 0.390252 50.000000
0.748854 -0.102323 0.002396 52.000000
0.582747 0.566196 -0.061428 50.000000
0.685029 -0.127689 0.031854 52.000000
0.375727 -0.072866 -0.063882 52.000000
0.383909 0.535920 0.232328 50.000000
-0.467082 0.535920 0.007306 50.000000
0.338087 0.008142 -0.068792 52.000000
0.433005 -0.086777 -0.118706 52.000000
0.380636 -0.213607 -0.079430 50.000000
0.058241 -0.483633 0.008943 50.000000
-0.480174 0.400089 0.043310 50.000000
0.339723 0.169340 0.035127 52.000000
0.127794 0.094878 0.088313 50.000000
0.419095 -0.297888 -0.048336 51.000000
-0.210967 0.557195 0.333792 50.000000
0.050059 -0.092504 -0.150619 50.000000
-0.598004 -0.184968 -0.031970 53.000000
-0.411440 -0.121961 -0.120343 50.000000
0.323358 -0.156329 -0.099068 50.000000
-0.135687 -0.198060 -0.138344 50.000000
-0.070226 0.105515 0.098951 50.000000
-0.483447 0.018780 -0.035243 50.000000
0.695666 -0.102323 0.020398 52.000000
-0.488357 0.359176 0.368159 50.000000
-0.563637 -0.309344 -0.043426 53.000000
-0.424533 0.024507 -0.080248 50.000000
0.570473 -0.299525 -0.082703 51.000000
-0.327160 -0.208697 -0.075339 50.000000
-0.493266 0.006505 -0.045881 50.000000
-0.383620 -0.288069 -0.008241 53.000000
-0.156143 -0.188241 -0.127707 50.000000
-0.007220 0.544921 -0.015605 50.000000
0.032057 -0.102323 -0.129343 50.000000
-0.548908 0.547376 -0.148164 50.000000
0.191618 -0.301161 -0.128525 51.000000
0.162160 -0.396079 -0.063064 51.000000
0.154796 -0.066320 -0.095795 50.000000
-0.007220 -0.431264 -0.018878 50.000000
-0.114411 -0.391170 -0.045063 53.000000
0.254624 -0.064684 -0.085976 52.000000
-0.562000 0.564560 -0.140800 50.000000
0.264443 -0.076139 -0.093340 52.000000
0.007509 -0.157147 -0.136708 50.000000
-0.507996 0.079330 -0.018060 50.000000
0.092608 -0.178422 -0.103977 50.000000
-0.507177 0.297806 0.098951 50.000000
-0.054679 -0.166966 -0.107251 50.000000
-0.175781 -0.396079 -0.102341 53.000000
-0.422078 0.432819 0.428710 50.000000
-0.435989 0.004050 -0.063882 50.000000
-0.358254 -0.077776 -0.108069 50.000000
0.010782 -0.381351 -0.049972 50.000000
-0.359072 -0.153874 -0.098250 50.000000
-0.155325 -0.339619 -0.114615 50.000000
-0.513723 0.344447 0.023671 50.000000
0.282445 -0.414081 -0.031970 51.000000
-0.470355 -0.446812 0.058038 53.000000
0.648208 0.112879 0.094860 52.000000
0.548379 -0.301161 -0.035243 51.000000
-0.347617 0.568651 0.187324 50.000000
0.145795 -0.422263 -0.031970 51.000000
-0.539089 -0.139964 -0.043426 50.000000
-0.012947 -0.232427 -0.120343 50.000000
-0.347617 0.568651 0.187324 50.000000
-0.293611 -0.067957 -0.108069 50.000000
0.069697 0.076057 0.049037 50.000000
0.534469 0.547376 0.175050 50.000000
-0.435170 0.442638 0.406618 50.000000
0.302901 0.581743 -0.161256 50.000000
0.037785 0.092423 0.080131 50.000000
-0.113593 -0.220153 -0.134253 50.000000
0.178525 -0.088413 -0.094158 52.000000
-0.471174 0.040054 -0.047517 50.000000
0.261989 0.571924 0.326428 50.000000
0.334814 -0.303616 -0.136708 51.000000
0.644935 -0.413262 0.074403 51.000000
0.390455 0.342811 0.158684 50.000000
0.138431 -0.053227 -0.068792 50.000000
-0.140596 -0.231609 -0.083521 50.000000
0.431368 -0.024589 -0.061428 52.000000
-0.234696 0.558832 0.077676 50.000000
0.177707 -0.339619 -0.045063 51.000000
0.210438 -0.200514 -0.102341 50.000000
0.159706 -0.030316 -0.080248 50.000000
-0.038313 0.065420 0.069494 50.000000
-0.530088 0.056419 -0.019697 50.000000
-0.156961 0.548195 -0.064701 50.000000
-0.458900 -0.196423 -0.071247 53.000000
0.730852 0.531010 0.266695 50.000000
0.766855 -0.204606 -0.021333 50.000000
-0.390984 0.002414 -0.073702 50.000000
0.267716 0.585016 0.220872 50.000000
-0.216695 -0.088413 -0.084339 50.000000
0.171161 0.537556 -0.065519 50.000000
-0.513723 -0.306889 -0.083521 53.000000
-0.239606 -0.364986 -0.066337 53.000000
0.606476 -0.179240 -0.035243 50.000000
-0.548090 0.122698 0.030217 50.000000
0.568837 -0.043408 -0.029516 52.000000
-0.625825 -0.420627 0.151320 53.000000
-0.589003 0.228254 0.063766 50.000000
-0.422897 0.044145 -0.099886 50.000000
0.679301 0.037599 0.138228 52.000000
0.059060 0.580925 0.548995 50.000000
0.313539 -0.038499 -0.059791 52.000000
-0.445808 -0.175149 -0.102341 53.000000
-0.192146 0.545740 0.161958 50.000000
0.636751 0.473732 0.387797 50.000000
-0.099683 -0.363349 -0.107251 50.000000
0.164615 0.559650 0.080131 50.000000
-0.034222 -0.275794 -0.113797 50.000000
-0.461354 -0.309344 -0.045881 53.000000
-0.163507 -0.155511 -0.096613 50.000000
0.461644 -0.131780 -0.078612 52.000000
0.611386 0.083422 0.085040 52.000000
0.408457 -0.237337 -0.073702 50.000000
0.167888 -0.121961 -0.088431 50.000000
-0.292793 0.543284 0.494171 50.000000
0.189982 -0.189877 -0.090885 50.000000
-0.468719 -0.175149 -0.081885 53.000000
-0.527634 -0.195605 -0.046699 53.000000
0.598294 -0.057319 -0.058974 52.000000
-0.337797 -0.219335 -0.053245 50.000000
-0.602095 -0.409171 0.165231 53.000000
0.257078 0.567833 -0.038517 50.000000
-0.294429 0.576833 0.302698 50.000000
-0.402440 -0.098232 -0.083521 50.000000
0.050877 0.574379 0.021217 50.000000
-0.438443 0.089149 -0.022151 50.000000
0.001781 -0.461540 0.034309 50.000000
-0.476083 0.321536 0.394344 50.000000
-0.355799 0.567833 -0.116251 50.000000
-0.272337 -0.342892 -0.053245 53.000000
-0.126686 -0.220153 -0.156346 50.000000
0.105700 -0.089231 -0.104796 50.000000
-0.404076 -0.252065 -0.064701 53.000000
-0.045678 -0.166966 -0.121979 50.000000
0.310266 -0.235700 -0.098250 50.000000
-0.380347 -0.164511 -0.093340 50.000000
0.176889 -0.211152 -0.138344 50.000000
-0.454808 0.136609 0.050674 50.000000
-0.430261 -0.391170 -0.014787 53.000000
0.046786 -0.078594 -0.109705 50.000000
0.343815 -0.342074 -0.075339 51.000000
0.215347 -0.280704 -0.085976 51.000000
-0.251061 0.566196 -0.050790 50.000000
0.694848 0.078512 0.134136 52.000000
0.201437 0.582561 0.181596 50.000000
-0.556273 -0.426354 0.090769 53.000000
-0.539908 0.251984 0.059675 50.000000
0.784039 -0.045863 0.064584 50.000000
-0.183145 -0.343710 -0.054063 53.000000
-0.313249 0.068693 0.103043 50.000000
0.293082 -0.449266 -0.043426 51.000000
-0.196238 -0.133417 -0.097431 50.000000
0.134340 -0.167784 -0.126070 50.000000
0.553289 0.121062 0.086678 52.000000
0.742308 -0.321617 0.020398 51.000000
0.366726 -0.013133 -0.056518 52.000000
-0.143051 -0.209515 -0.108069 50.000000
0.294719 -0.438629 -0.036062 51.000000
0.656390 -0.009860 0.061311 52.000000
-0.539089 -0.139964 -0.043426 50.000000
0.198982 -0.132599 -0.059791 52.000000
0.645753 -0.024589 0.038400 52.000000
0.348724 -0.398534 -0.102341 51.000000
-0.249425 -0.401807 -0.035243 53.000000
-0.435989 -0.273340 -0.088431 53.000000
-0.556273 0.550649 0.162776 50.000000
-0.260880 -0.087595 -0.072884 50.000000
0.191618 -0.291342 -0.084339 51.000000
0.392092 0.022053 -0.064701 52.000000
0.297174 -0.144055 -0.063882 50.000000
-0.327160 -0.264339 -0.063882 50.000000
-0.086591 -0.100687 -0.100704 50.000000
-0.623370 0.243801 0.134955 50.000000
0.766855 -0.349438 0.036764 51.000000
0.372454 0.566196 0.232328 50.000000
-0.133232 -0.123598 -0.128525 50.000000
-0.069408 -0.113779 -0.139162 50.000000
0.383091 0.571924 0.022035 50.000000
0.279172 0.576015 -0.059791 50.000000
-0.405713 0.542467 -0.007423 50.000000
-0.326341 -0.046681 -0.120343 50.000000
-0.087409 0.584198 0.023671 50.000000
0.327449 -0.425536 -0.052427 51.000000
0.283263 -0.167784 -0.105614 50.000000
0.157251 -0.211152 -0.124434 50.000000
-0.359072 -0.197241 -0.098250 50.000000
0.313539 0.119425 0.045764 52.000000
0.735762 -0.256156 0.011398 51.000000
0.212074 -0.063047 -0.061428 52.000000
0.688302 0.517918 0.022853 50.000000
-0.114411 0.555559 -0.117888 50.000000
0.120429 -0.211152 -0.135071 50.000000
-0.513723 0.555559 -0.157983 50.000000
0.046786 -0.090050 -0.110524 50.000000
-0.471174 0.466368 0.084223 50.000000
-0.564455 -0.013133 -0.023788 50.000000
0.178525 -0.088413 -0.094158 52.000000
-0.458081 -0.218517 -0.088431 53.000000
-0.185600 -0.176785 -0.099886 50.000000
-0.414713 -0.284795 -0.085976 53.000000
0.373272 -0.099050 -0.105614 52.000000
0.647390 0.024507 0.004851 52.000000
0.148250 0.020416 -0.032789 50.000000
-0.610278 0.090787 0.051492 50.000000
0.503376 0.558014 0.170958 50.000000
0.455916 -0.202151 -0.089249 50.000000
-0.390984 0.013051 -0.081885 50.000000
-0.515360 0.257712 0.361613 50.000000
-0.392620 0.563741 -0.059791 50.000000
-0.569365 0.262621 -0.008241 50.000000
0.289809 -0.281522 -0.084339 51.000000
-0.460536 0.076057 -0.034425 50.000000
-0.379528 -0.079412 -0.126889 50.000000
-0.165962 0.553104 -0.015605 50.000000
-0.168417 -0.006587 -0.039335 50.000000
-0.121777 -0.166966 -0.115433 50.000000
0.559835 0.110425 0.103861 52.000000
-0.327978 -0.473814 0.076858 53.000000
-0.390984 -0.055682 -0.101523 50.000000
-0.512905 -0.207060 -0.087612 53.000000
-0.537453 0.535920 -0.144072 50.000000
-0.416350 -0.342074 -0.056518 53.000000
-0.230605 -0.384624 -0.094158 53.000000
-0.381165 0.570287 -0.041790 50.000000
-0.227332 -0.425536 -0.032789 53.000000
-0.490812 -0.097414 -0.082703 50.000000
-0.601277 0.069511 0.077676 50.000000
0.275081 0.031872 0.061311 52.000000
0.129430 -0.018043 -0.058974 50.000000
-0.507177 0.319900 0.254421 50.000000
0.431368 0.116152 -0.007423 52.000000
0.066424 -0.090868 -0.126889 50.000000
0.288173 0.081785 0.055583 52.000000
0.301265 -0.316708 -0.088431 51.000000
0.030420 0.038418 0.041673 50.000000
-0.093955 -0.378896 -0.062247 50.000000
-0.316522 -0.230791 -0.080248 50.000000
-0.477720 0.541648 -0.015605 50.000000
-0.066135 0.573560 0.109589 50.000000
-0.456445 0.023689 -0.091704 50.000000
-0.134050 -0.464813 -0.009878 53.000000
0.600748 0.574379 -0.127707 50.000000
0.129430 -0.491815 0.054765 51.000000
0.695666 -0.102323 0.020398 52.000000
-0.316522 -0.197241 -0.090885 50.000000
0.272626 0.583379 0.125136 50.000000
0.215347 0.569469 0.184869 50.000000
-0.080045 -0.177603 -0.127707 50.000000
-0.025221 0.585016 0.021217 50.000000
0.485373 0.571106 -0.053245 50.000000
0.395365 -0.050773 -0.084339 52.000000
-0.102956 -0.414081 -0.045063 53.000000
0.497648 0.047418 0.029399 52.000000
-0.502268 0.344447 0.026126 50.000000
0.469826 -0.437811 0.004851 51.000000
0.636751 0.478642 0.341975 50.000000
0.014055 -0.388715 -0.097431 50.000000
0.629387 -0.391170 -0.023788 51.000000
-0.305067 -0.132599 -0.097431 50.000000
-0.467901 0.488461 0.027763 50.000000
0.581110 -0.325709 -0.059791 51.000000
0.376545 0.352630 0.205325 50.000000
-0.252698 0.047418 0.131682 50.000000
-0.502268 0.049055 -0.076157 50.000000
0.270171 -0.109688 -0.071247 52.000000
0.388000 0.537556 0.002396 50.000000
-0.007220 0.568651 -0.024606 50.000000
-0.347617 -0.067138 -0.103977 50.000000
-0.462173 0.056419 -0.006605 50.000000
-0.338615 -0.387078 -0.058974 53.000000
-0.116866 -0.054864 -0.080248 50.000000
-0.247788 0.564560 0.513810 50.000000
-0.154507 -0.252883 -0.112978 50.000000
0.424822 0.101424 -0.022970 52.000000
-0.294429 -0.110506 -0.094158 50.000000
0.249714 0.569469 -0.069610 50.000000
0.047604 -0.318344 -0.157983 50.000000
0.430550 0.164429 0.060493 52.000000
-0.564455 -0.471359 0.153775 53.000000
0.258716 -0.086777 -0.069610 52.000000
-0.224877 0.547376 0.008124 50.000000
-0.496539 0.386996 -0.049972 50.000000
0.716124 0.551468 0.074403 50.000000
0.280808 0.059692 0.078495 52.000000
0.712032 -0.155511 -0.093340 50.000000
-0.197875 -0.395261 -0.102341 53.000000
0.197346 0.567014 0.539176 50.000000
0.572110 -0.351893 -0.018060 51.000000
0.435460 -0.385442 -0.008241 51.000000
-0.557909 0.204525 0.008943 50.000000
0.741489 -0.193150 -0.095795 50.000000
0.109791 0.569469 0.296970 50.000000
-0.423715 -0.031953 -0.084339 50.000000
-0.186419 -0.166148 -0.105614 50.000000
0.102427 0.567833 -0.043426 50.000000
0.433005 0.014688 -0.025424 52.000000
-0.044042 -0.417354 -0.031152 50.000000
-0.293611 0.541648 0.384524 50.000000
0.375727 -0.144873 -0.095795 52.000000
-0.461354 0.231527 0.380433 50.000000
-0.293611 -0.067957 -0.108069 50.000000
-0.395893 -0.413262 -0.024606 53.000000
-0.149597 -0.099050 -0.072884 50.000000
0.328267 0.163611 0.085040 52.000000
0.466553 -0.202151 -0.097431 50.000000
0.010782 -0.265157 -0.112978 50.000000
-0.464627 -0.346165 -0.001695 53.000000
0.479645 0.589925 0.003215 50.000000
0.401911 0.553922 0.235601 50.000000
0.182617 -0.053227 -0.083521 52.000000
-0.175781 0.529374 -0.148982 50.000000
-0.166780 0.567833 0.143137 50.000000
0.473099 -0.168603 -0.114615 50.000000
-0.547272 0.098969 0.029399 50.000000
-0.322250 0.586652 0.115317 50.000000
-0.630734 -0.219335 0.031036 53.000000
-0.026858 -0.113779 -0.144072 50.000000
0.268535 -0.145691 -0.114615 52.000000
0.680120 -0.302798 -0.068792 51.000000
-0.097228 0.540829 -0.054882 50.000000
-0.611915 -0.218517 -0.015605 53.000000
-0.264153 0.086695 0.144774 50.000000
-0.584094 0.536738 -0.040153 50.000000
-0.583276 -0.427991 0.108771 53.000000
0.383909 -0.073684 -0.077793 52.000000
-0.316522 -0.187422 -0.097431 50.000000
-0.577548 -0.116234 -0.010696 50.000000
-0.215058 0.049055 0.149683 50.000000
0.261170 0.576015 0.023671 50.000000
0.002599 0.562105 0.241329 50.000000
-0.260880 -0.087595 -0.072884 50.000000
0.221894 0.559650 0.152956 50.000000
0.180980 -0.487724 0.005669 51.000000
0.002599 0.575197 -0.045063 50.000000
-0.155325 0.525283 0.143137 50.000000
0.608113 -0.092504 -0.036062 52.000000
-0.441716 -0.311798 -0.000877 53.000000
0.576201 -0.227518 -0.069610 50.000000
0.421549 0.558832 0.058038 50.000000
