0.337268 -0.316708 -0.094977 51.000000
-0.172508 -0.088413 -0.075339 50.000000
-0.186419 -0.122780 -0.109705 50.000000
0.697303 0.553104 0.302698 50.000000
0.331540 0.067057 0.023671 52.000000
-0.201966 0.574379 -0.029516 50.000000
0.467372 0.577652 0.147228 50.000000
-0.336979 -0.154692 -0.126070 50.000000
-0.492448 -0.063047 -0.059791 50.000000
0.158887 -0.038499 -0.034425 50.000000
-0.427806 -0.330618 -0.055700 53.000000
0.102427 -0.244701 -0.110524 50.000000
0.072970 0.594835 0.240511 50.000000
0.642480 0.071966 0.087496 52.000000
-0.156143 -0.039317 -0.025424 50.000000
0.166252 -0.432082 -0.048336 51.000000
0.320903 -0.470541 -0.078612 51.000000
-0.369709 -0.121143 -0.090885 50.000000
-0.374619 -0.441083 0.011398 53.000000
0.389637 0.419727 0.183232 50.000000
0.484555 -0.407535 -0.060609 51.000000
0.510740 0.571924 -0.099886 50.000000
-0.468719 0.047418 -0.079430 50.000000
0.219439 -0.086777 -0.076975 50.000000
0.032057 0.540011 0.170958 50.000000
-0.522724 -0.075321 -0.092522 50.000000
-0.019493 -0.209515 -0.162892 50.000000
-0.440898 -0.367440 -0.025424 53.000000
-0.195420 -0.176785 -0.080248 50.000000
-0.447444 -0.040954 -0.061428 50.000000
0.108973 -0.301979 -0.083521 50.000000
-0.350071 -0.356802 -0.022970 53.000000
0.054968 0.572742 0.315791 50.000000
-0.048133 -0.178422 -0.135071 50.000000
0.333177 -0.201333 -0.106432 50.000000
0.604021 -0.045863 -0.078612 52.000000
0.620386 -0.023770 0.050674 52.000000
0.406002 0.579288 -0.124434 50.000000
0.498466 -0.300343 -0.020515 51.000000
0.599112 0.053964 0.062129 52.000000
-0.152052 -0.275794 -0.081885 50.000000
0.036967 -0.255338 -0.094158 50.000000
-0.265790 0.539193 0.375523 50.000000
0.177707 0.566196 -0.099886 50.000000
0.459189 0.571106 -0.162892 50.000000
0.342178 0.145610 0.047401 52.000000
-0.457263 0.427092 0.289606 50.000000
-0.069408 0.564560 -0.134253 50.000000
-0.605368 -0.219335 0.023671 53.000000
0.418276 -0.062229 -0.091704 52.000000
0.126975 -0.063865 -0.062247 50.000000
0.739853 -0.283159 0.048219 51.000000
0.333996 -0.225063 -0.065519 50.000000
0.806950 -0.071230 0.078495 52.000000
-0.349253 -0.316708 -0.108069 53.000000
-0.505541 -0.106415 -0.035243 50.000000
-0.382801 -0.308525 -0.060609 53.000000
0.239895 -0.099050 -0.089249 52.000000
0.104064 0.549012 0.547359 50.000000
-0.152052 0.524464 0.017125 50.000000
-0.505541 0.518737 0.032672 50.000000
0.719397 0.585016 0.035127 50.000000
-0.218331 0.559650 0.162776 50.000000
0.672755 -0.329800 -0.023788 51.000000
-0.263335 0.581743 0.462259 50.000000
-0.150415 -0.411626 -0.062247 53.000000
-0.380347 -0.032771 -0.088431 50.000000
0.229258 -0.435355 -0.045063 51.000000
-0.217513 -0.331436 -0.070429 53.000000
-0.379528 0.450003 0.439348 50.000000
0.645753 -0.055682 -0.052427 52.000000
0.108973 -0.301979 -0.083521 50.000000
-0.557091 0.490098 -0.057336 50.000000
-0.480993 -0.130144 -0.063064 50.000000
0.049241 0.558832 -0.130980 50.000000
-0.368073 -0.080230 -0.138344 50.000000
-0.584094 0.112879 0.038400 50.000000
0.498466 0.064602 0.067039 52.000000
0.349542 0.143155 0.026126 52.000000
-0.334524 0.569469 0.148047 50.000000
0.342996 0.192251 0.175868 52.000000
-0.308340 0.567014 0.319064 50.000000
-0.011311 -0.342074 -0.114615 50.000000
0.375727 0.113698 -0.009878 52.000000
0.229258 0.564560 0.123499 50.000000
0.350361 -0.155511 -0.057336 50.000000
0.658027 0.539193 0.209416 50.000000
0.628569 0.513827 0.356703 50.000000
0.100791 0.576015 0.420528 50.000000
-0.595549 -0.440266 0.103861 53.000000
0.517286 -0.441083 0.017944 51.000000
0.653936 0.552286 0.003215 50.000000
0.081152 -0.030316 -0.060609 50.000000
-0.251879 -0.134235 -0.126070 50.000000
-0.480174 0.438547 0.038400 50.000000
0.213711 0.580106 0.174231 50.000000
0.776674 -0.256156 -0.003332 51.000000
-0.162689 -0.461540 0.062129 53.000000
0.594202 0.082603 0.081768 52.000000
-0.045678 -0.156329 -0.119524 50.000000
-0.393439 -0.341255 -0.074520 53.000000
0.550016 0.175067 0.183232 52.000000
0.436278 0.560468 0.103861 50.000000
-0.383620 -0.333073 -0.025424 53.000000
-0.595549 0.135791 0.026944 50.000000
0.788948 -0.113779 0.017125 52.000000
-0.395893 -0.368259 -0.017242 53.000000
0.239895 -0.099050 -0.089249 52.000000
0.395365 -0.050773 -0.084339 52.000000
-0.405713 0.566196 -0.017242 50.000000
-0.395893 -0.413262 -0.024606 53.000000
0.275081 -0.036044 -0.018878 52.000000
-0.407349 0.503190 0.405799 50.000000
0.060696 0.544921 0.014671 50.000000
0.241532 -0.133417 -0.083521 50.000000
-0.498177 0.356721 -0.022970 50.000000
0.030420 0.065420 -0.030334 50.000000
0.514013 0.585016 0.020398 50.000000
0.581929 -0.240610 -0.024606 50.000000
-0.229787 -0.230791 -0.103977 50.000000
-0.272337 -0.078594 -0.110524 50.000000
0.282445 0.584198 0.000760 50.000000
0.048422 -0.464813 -0.040971 50.000000
0.566382 0.103879 0.049037 52.000000
-0.414713 0.567014 0.223327 50.000000
-0.400803 0.550649 0.219235 50.000000
-0.502268 -0.119507 -0.076975 50.000000
-0.546454 0.132518 0.014671 50.000000
-0.451535 -0.344528 -0.028697 53.000000
-0.073499 -0.045045 -0.093340 50.000000
0.455916 -0.191514 -0.122797 50.000000
0.248896 0.576833 -0.124434 50.000000
0.329904 0.115334 0.013033 52.000000
-0.360709 -0.242246 -0.016424 50.000000
0.042695 0.053964 -0.026243 50.000000
-0.598004 0.223344 0.035945 50.000000
0.531196 -0.166966 -0.042608 50.000000
-0.548090 0.461458 0.106316 50.000000
-0.038313 0.065420 0.069494 50.000000
-0.339433 -0.428809 0.004851 53.000000
0.523014 -0.143237 -0.062247 50.000000
0.709577 0.564560 -0.115433 50.000000
-0.458081 -0.052409 -0.069610 50.000000
-0.184782 -0.309344 -0.077793 50.000000
-0.452354 -0.447630 0.170140 53.000000
-0.566092 0.541648 0.013033 50.000000
0.181798 -0.166966 -0.076975 50.000000
-0.339433 -0.410808 -0.048336 53.000000
-0.633189 0.571106 -0.134253 50.000000
-0.359072 -0.229972 -0.106432 53.000000
-0.475265 -0.390351 -0.024606 53.000000
-0.240424 -0.285613 -0.092522 50.000000
0.204710 -0.096596 -0.041790 50.000000
-0.316522 -0.298706 -0.047517 53.000000
-0.626643 0.071966 -0.000877 50.000000
0.539379 0.587471 -0.067156 50.000000
0.522195 0.558832 -0.102341 50.000000
-0.315704 -0.132599 -0.090885 50.000000
-0.408167 0.436911 0.447530 50.000000
-0.056316 0.540011 0.094860 50.000000
-0.265790 0.539193 0.375523 50.000000
0.461644 -0.443539 -0.051609 51.000000
-0.566092 -0.218517 -0.009878 53.000000
-0.439262 -0.253702 -0.026243 53.000000
0.680120 0.558832 0.062948 50.000000
0.763582 -0.140782 0.001578 50.000000
-0.489993 0.367358 0.015489 50.000000
0.146613 -0.223426 -0.073702 50.000000
-0.524361 0.559650 -0.044244 50.000000
-0.322250 0.580106 0.407436 50.000000
-0.490812 0.308443 0.403345 50.000000
-0.091500 -0.177603 -0.136708 50.000000
-0.251879 0.036781 0.150501 50.000000
-0.379528 0.521191 0.471260 50.000000
0.067242 -0.211152 -0.116251 50.000000
-0.229787 -0.296252 -0.099068 50.000000
0.356088 -0.329800 -0.077793 51.000000
0.215347 -0.110506 -0.090885 50.000000
-0.424533 -0.120325 -0.076975 50.000000
-0.537453 0.547376 -0.148164 50.000000
0.167888 -0.363349 -0.037698 50.000000
-0.237969 -0.064684 -0.059791 50.000000
0.124521 -0.333891 -0.117070 50.000000
-0.419623 0.187341 0.373887 50.000000
-0.325523 0.062147 0.046583 50.000000
0.101609 0.574379 0.090769 50.000000
0.237440 0.544921 0.293697 50.000000
-0.264153 0.074421 0.148047 50.000000
0.388000 -0.191514 -0.094977 50.000000
0.175252 -0.448448 -0.013151 51.000000
-0.175781 0.063784 0.169322 50.000000
0.039422 -0.032771 -0.094158 50.000000
0.294719 -0.438629 -0.036062 51.000000
0.059878 -0.367440 -0.099068 50.000000
-0.001492 -0.492634 0.089951 50.000000
0.261170 0.576015 0.023671 50.000000
0.315993 -0.270885 -0.081066 51.000000
0.376545 0.379632 0.199597 50.000000
0.171161 0.573560 -0.078612 50.000000
-0.360709 -0.254520 -0.009059 53.000000
-0.607823 -0.077776 0.043310 50.000000
0.301265 -0.316708 -0.088431 51.000000
-0.037495 -0.390351 -0.067156 50.000000
-0.350890 -0.414899 -0.012332 53.000000
-0.259244 0.570287 0.071948 50.000000
0.706304 -0.153874 -0.016424 50.000000
-0.576730 -0.207060 -0.022151 53.000000
0.707940 -0.294615 0.016306 51.000000
0.032057 0.002414 -0.075339 50.000000
0.413366 -0.431264 -0.035243 51.000000
0.201437 0.582561 0.181596 50.000000
-0.204421 -0.076139 -0.059791 50.000000
-0.536635 -0.152238 -0.067974 50.000000
-0.203603 0.046600 0.124317 50.000000
-0.134050 -0.464813 -0.009878 53.000000
0.199801 0.631657 0.030217 50.000000
-0.037495 -0.065502 -0.076157 50.000000
0.045968 0.003232 -0.066337 50.000000
0.053332 -0.167784 -0.128525 50.000000
-0.104592 0.022871 0.022853 50.000000
0.410094 0.534283 0.121044 50.000000
0.144159 -0.123598 -0.135071 50.000000
-0.309976 0.560468 0.085040 50.000000
-0.271518 -0.032771 -0.080248 50.000000
-0.626643 0.071148 0.086678 50.000000
-0.087409 -0.209515 -0.099886 50.000000
-0.251061 -0.308525 -0.067156 50.000000
0.303720 -0.303616 -0.118706 51.000000
-0.485902 -0.344528 -0.028697 53.000000
0.143340 0.588289 0.401708 50.000000
0.158069 0.562105 0.044946 50.000000
-0.512905 0.562923 -0.035243 50.000000
0.135976 0.551468 0.553086 50.000000
-0.435170 0.046600 -0.086794 50.000000
-0.525179 0.250347 0.322337 50.000000
0.142522 -0.040135 -0.051609 50.000000
-0.589822 -0.459085 0.056402 53.000000
-0.153688 0.059692 0.134955 50.000000
-0.413077 0.001596 -0.081885 50.000000
-0.283792 -0.252883 -0.080248 50.000000
0.002599 0.555559 0.051492 50.000000
0.086880 -0.233245 -0.129343 50.000000
0.447734 0.495007 0.027763 50.000000
0.186709 -0.301979 -0.101523 51.000000
-0.553000 -0.128507 -0.020515 50.000000
0.014055 -0.388715 -0.097431 50.000000
-0.052224 0.062965 0.055583 50.000000
0.120429 -0.167784 -0.136708 50.000000
-0.206057 -0.110506 -0.086794 50.000000
0.401092 -0.415717 -0.066337 51.000000
0.508285 -0.431264 -0.072065 51.000000
-0.044860 -0.319981 -0.111342 50.000000
-0.537453 0.478642 0.117771 50.000000
-0.507177 -0.342892 -0.042608 53.000000
0.092608 -0.078594 -0.110524 50.000000
0.199801 0.631657 0.030217 50.000000
-0.346798 0.021234 -0.105614 50.000000
0.320085 -0.304434 -0.108069 51.000000
0.018146 0.566196 0.251966 50.000000
0.621205 -0.291342 -0.004150 51.000000
-0.460536 -0.274976 -0.054063 53.000000
0.679301 -0.229972 0.023671 50.000000
0.707940 -0.179240 0.017125 50.000000
0.421549 -0.319981 -0.076975 51.000000
0.441188 -0.048318 -0.068792 52.000000
0.373272 0.526101 0.304334 50.000000
0.629387 -0.303616 -0.018878 51.000000
-0.554636 -0.022952 -0.003332 50.000000
0.335632 0.265894 0.136591 50.000000
0.614659 0.054783 0.063766 52.000000
-0.485084 -0.287251 -0.030334 53.000000
0.571291 -0.389533 -0.022151 51.000000
-0.280519 0.577652 0.305153 50.000000
0.213711 -0.144873 -0.094158 50.000000
-0.557091 0.490098 -0.057336 50.000000
-0.489175 0.546558 -0.176803 50.000000
0.233349 0.590744 0.072767 50.000000
-0.539908 0.263440 0.053947 50.000000
-0.463809 0.477824 0.169322 50.000000
-0.454808 -0.207060 -0.123616 53.000000
-0.206876 -0.331436 -0.067974 53.000000
-0.179872 -0.051591 -0.027879 50.000000
0.253805 -0.167784 -0.081885 50.000000
-0.280519 0.573560 0.338702 50.000000
-0.434352 0.538375 0.368159 50.000000
0.650663 -0.408353 0.019580 51.000000
-0.547272 0.157883 0.022853 50.000000
0.322539 0.578470 0.387797 50.000000
0.468190 -0.156329 -0.094158 50.000000
-0.504723 0.309262 0.404163 50.000000
0.212074 -0.063047 -0.061428 50.000000
0.122066 -0.519637 0.077676 50.000000
0.420731 -0.047500 -0.050790 52.000000
-0.143869 0.569469 0.104679 50.000000
0.163797 -0.052409 -0.061428 50.000000
0.144159 -0.336346 -0.085976 50.000000
-0.656101 0.589925 0.017944 50.000000
0.464917 -0.155511 -0.068792 50.000000
-0.458081 0.004050 -0.065519 50.000000
0.428914 0.038418 -0.038517 52.000000
-0.305067 -0.187422 -0.072065 50.000000
-0.517815 -0.387897 0.073585 53.000000
-0.405713 0.566196 -0.017242 50.000000
0.580292 0.053146 0.053947 52.000000
0.123702 0.576015 0.468806 50.000000
-0.391802 -0.164511 -0.080248 50.000000
-0.107047 -0.121961 -0.088431 50.000000
0.341360 0.215162 0.075221 50.000000
-0.201966 -0.017224 -0.031152 50.000000
0.211256 0.583379 0.097315 50.000000
-0.578366 -0.150601 -0.002513 50.000000
0.185890 0.086695 0.116135 50.000000
0.385546 -0.433719 0.001578 51.000000
0.326631 -0.270067 -0.123616 51.000000
-0.126686 -0.076139 -0.062247 50.000000
0.171161 -0.463995 0.017944 51.000000
0.086880 0.542467 0.170958 50.000000
0.488647 0.560468 -0.001695 50.000000
0.489465 -0.010678 -0.052427 52.000000
0.388000 0.537556 0.002396 50.000000
0.031238 -0.058137 -0.135889 50.000000
0.338905 0.575197 -0.037698 50.000000
-0.092319 -0.124416 -0.144072 50.000000
-0.079227 -0.362531 -0.122797 53.000000
0.136794 -0.134235 -0.114615 50.000000
-0.380347 -0.164511 -0.093340 50.000000
-0.019493 0.573560 0.066221 50.000000
-0.155325 -0.285613 -0.113797 50.000000
-0.621734 -0.229972 -0.026243 53.000000
-0.262517 -0.353529 -0.071247 53.000000
-0.230605 -0.450903 -0.099068 53.000000
-0.064498 -0.024589 -0.112978 50.000000
-0.433534 -0.110506 -0.118706 50.000000
0.217802 -0.223426 -0.119524 50.000000
0.378181 -0.415717 -0.058155 51.000000
-0.664283 0.555559 -0.002513 50.000000
-0.586549 -0.116234 -0.027879 50.000000
-0.192965 0.560468 -0.066337 50.000000
-0.081681 -0.284795 -0.139981 50.000000
0.605658 -0.166966 -0.006605 50.000000
0.203074 -0.234882 -0.086794 50.000000
-0.449899 0.491734 0.418073 50.000000
-0.273155 -0.308525 -0.073702 53.000000
-0.566910 -0.364167 0.081768 53.000000
0.356088 -0.452539 0.073585 51.000000
0.455916 -0.062229 -0.097431 52.000000
0.730034 -0.229972 -0.030334 50.000000
0.271808 -0.235700 -0.100704 50.000000
-0.289520 0.053964 0.080131 50.000000
0.144159 -0.245519 -0.083521 50.000000
0.385546 0.286351 0.157866 50.000000
-0.170053 -0.438629 -0.026243 53.000000
0.378181 0.169340 0.026944 52.000000
-0.504723 -0.398534 0.057220 53.000000
-0.165144 0.061329 0.143955 50.000000
-0.476083 0.132518 0.022035 50.000000
0.343815 -0.342074 -0.075339 51.000000
0.221075 -0.234882 -0.108069 50.000000
0.638388 0.127608 0.106316 52.000000
0.616295 -0.289705 -0.046699 51.000000
-0.347617 -0.078594 -0.113797 50.000000
-0.551363 0.201252 0.059675 50.000000
-0.155325 -0.015588 -0.017242 50.000000
0.041876 0.031053 -0.025424 50.000000
0.689120 0.063784 0.121863 52.000000
0.373272 -0.035226 -0.036062 52.000000
0.326631 0.575197 0.224963 50.000000
0.005872 -0.243064 -0.142436 50.000000
0.281627 -0.490997 -0.000877 51.000000
-0.001492 0.087513 0.146410 50.000000
-0.358254 -0.144055 -0.126070 50.000000
-0.534180 -0.130144 -0.089249 50.000000
-0.413895 -0.316708 -0.106432 53.000000
-0.347617 -0.021316 -0.084339 50.000000
-0.206876 -0.264339 -0.082703 50.000000
0.205528 0.564560 0.418891 50.000000
-0.078408 -0.264339 -0.112978 50.000000
-0.289520 0.053964 0.080131 50.000000
-0.056316 0.555559 -0.017242 50.000000
0.689939 -0.267612 -0.018878 51.000000
0.198982 -0.179240 -0.103159 50.000000
-0.471174 -0.039317 -0.040971 50.000000
0.442006 -0.460722 0.001578 51.000000
-0.039131 -0.044227 -0.086794 50.000000
-0.280519 0.560468 0.346066 50.000000
-0.421259 0.576833 0.391889 50.000000
0.315175 -0.326527 -0.122797 51.000000
-0.271518 -0.175967 -0.045881 50.000000
0.527105 0.020416 0.000760 52.000000
-0.590640 -0.173512 -0.001695 53.000000
0.519741 -0.274976 -0.069610 51.000000
-0.435989 0.387815 0.429529 50.000000
-0.079227 0.558832 -0.113797 50.000000
0.117156 -0.312617 -0.097431 50.000000
-0.361527 -0.400989 -0.034425 53.000000
0.473918 0.000777 -0.058974 52.000000
-0.427806 -0.309344 -0.044244 53.000000
-0.496539 0.386996 -0.049972 50.000000
0.709577 0.564560 -0.115433 50.000000
-0.336160 -0.023770 -0.108069 50.000000
-0.543999 0.035963 0.004033 50.000000
-0.174963 -0.252883 -0.095795 50.000000
0.064787 -0.009042 -0.085158 50.000000
-0.005583 -0.167784 -0.144072 50.000000
-0.563637 0.165248 0.062948 50.000000
0.229258 0.575197 0.246238 50.000000
-0.336160 -0.014770 -0.127707 50.000000
-0.543181 -0.023770 -0.006605 50.000000
-0.261698 -0.132599 -0.088431 50.000000
-0.076772 -0.198878 -0.107251 50.000000
-0.540726 -0.351074 0.062948 53.000000
-0.481811 0.432819 0.063766 50.000000
0.650663 -0.342892 -0.007423 51.000000
-0.453990 -0.121961 -0.128525 50.000000
-0.151234 -0.387897 -0.072884 53.000000
-0.435170 -0.064684 -0.077793 50.000000
-0.192965 0.018780 0.100588 50.000000
0.621205 -0.291342 -0.004150 51.000000
0.322539 -0.155511 -0.063064 50.000000
-0.077590 -0.166966 -0.110524 50.000000
-0.203603 0.059692 0.130863 50.000000
0.609749 0.126790 0.112862 52.000000
0.523014 -0.143237 -0.062247 50.000000
0.060696 0.544921 0.014671 50.000000
0.442824 0.554741 -0.005786 50.000000
-0.215876 -0.065502 -0.074520 50.000000
-0.359072 -0.175967 -0.081885 50.000000
-0.586549 0.139882 0.054765 50.000000
-0.264971 0.058056 0.121044 50.000000
0.551652 0.125153 0.117771 52.000000
0.478009 -0.060592 -0.076157 52.000000
0.653117 0.048237 0.115317 52.000000
0.566382 -0.361712 -0.062247 51.000000
0.559017 -0.336346 -0.076975 51.000000
0.213711 0.580106 0.174231 50.000000
-0.369709 -0.165330 -0.101523 50.000000
0.775038 0.526919 -0.033607 50.000000
-0.295248 0.585834 0.239692 50.000000
0.262807 0.579288 -0.121979 50.000000
-0.295248 -0.365804 -0.053245 53.000000
0.261170 -0.292160 -0.096613 51.000000
0.239077 0.064602 0.022853 52.000000
-0.322250 0.545740 -0.067156 50.000000
0.554925 0.053146 0.062129 52.000000
0.226803 0.567833 -0.106432 50.000000
0.222712 0.038418 0.013852 52.000000
0.051695 -0.368259 -0.081885 50.000000
0.374090 0.269986 0.080131 50.000000
0.457553 -0.261066 -0.085976 51.000000
0.128612 -0.124416 -0.152255 50.000000
-0.597186 0.279805 0.121044 50.000000
-0.516996 0.303534 0.067857 50.000000
-0.435989 -0.240610 -0.085158 53.000000
0.383091 -0.420627 -0.005786 51.000000
-0.548090 0.291260 0.011398 50.000000
-0.610278 0.574379 0.059675 50.000000
-0.357436 -0.067957 -0.121979 50.000000
-0.422078 0.240528 0.432802 50.000000
-0.589822 -0.139145 -0.006605 50.000000
0.438733 -0.063047 -0.106432 52.000000
0.094245 -0.311798 -0.097431 50.000000
-0.026858 -0.092504 -0.148164 50.000000
0.286536 0.544921 0.445075 50.000000
0.142522 -0.040135 -0.051609 50.000000
0.722670 0.552286 0.409891 50.000000
0.682574 -0.022952 0.051492 52.000000
0.348724 0.154610 0.022035 52.000000
-0.531725 -0.276613 -0.013969 53.000000
0.616295 -0.289705 -0.046699 51.000000
0.045968 0.067875 -0.010696 50.000000
0.023056 -0.189059 -0.109705 50.000000
-0.652828 0.558832 0.008124 50.000000
0.696485 -0.111324 0.121044 52.000000
0.042695 -0.432901 -0.008241 50.000000
-0.065316 -0.429628 -0.019697 53.000000
-0.168417 -0.018043 -0.038517 50.000000
-0.575911 0.560468 -0.118706 50.000000
0.003418 -0.028680 -0.036880 50.000000
0.158887 0.596471 0.103043 50.000000
0.178525 -0.409171 -0.048336 51.000000
-0.487539 0.312535 0.350976 50.000000
0.356907 -0.179240 -0.109705 50.000000
-0.305067 -0.056500 -0.111342 50.000000
-0.371346 -0.285613 -0.068792 53.000000
-0.156961 0.548195 -0.064701 50.000000
-0.610278 0.574379 0.059675 50.000000
0.692393 0.585834 0.198779 50.000000
-0.141415 -0.353529 -0.085158 53.000000
0.045149 -0.067957 -0.118706 50.000000
0.404365 0.528556 0.151320 50.000000
0.251351 -0.269248 -0.088431 51.000000
0.302083 -0.280704 -0.124434 51.000000
0.532833 -0.031135 -0.015605 52.000000
0.112247 -0.279886 -0.067156 50.000000
0.398638 0.251984 0.115317 50.000000
0.023874 0.570287 0.013852 50.000000
-0.443353 0.510554 0.277332 50.000000
-0.656101 0.559650 -0.133435 50.000000
-0.282156 -0.130962 -0.044244 50.000000
-0.445808 -0.064684 -0.084339 50.000000
0.239895 -0.292160 -0.086794 51.000000
0.108973 -0.255338 -0.133435 50.000000
0.185890 0.585834 0.241329 50.000000
0.674392 -0.115415 0.008943 52.000000
-0.434352 0.290442 0.391071 50.000000
0.248078 0.541648 0.094042 50.000000
-0.618461 -0.148964 0.035945 53.000000
0.457553 -0.261066 -0.085976 51.000000
-0.260880 -0.378896 -0.034425 53.000000
-0.287883 0.539193 -0.118706 50.000000
0.184254 -0.014770 -0.032789 50.000000
-0.126686 -0.065502 -0.064701 50.000000
-0.626643 0.071966 -0.000877 50.000000
0.685029 -0.342892 -0.029516 51.000000
-0.346798 0.045782 -0.084339 50.000000
-0.278883 0.551468 0.415618 50.000000
0.757036 -0.180058 -0.010696 50.000000
0.385546 -0.433719 0.001578 51.000000
-0.024403 -0.308525 -0.122797 50.000000
0.664573 0.577652 0.342793 50.000000
0.290627 -0.156329 -0.084339 50.000000
0.440369 0.522828 0.222508 50.000000
0.824952 -0.085958 0.051492 52.000000
-0.126686 -0.220153 -0.156346 50.000000
0.748854 -0.154692 -0.054063 50.000000
0.081971 -0.157147 -0.153892 50.000000
-0.090682 -0.306889 -0.126070 50.000000
0.212074 -0.234882 -0.097431 50.000000
0.650663 -0.359257 0.056402 51.000000
-0.102956 0.036781 0.036764 50.000000
-0.001492 0.087513 0.146410 50.000000
0.699758 -0.066320 -0.035243 52.000000
-0.207694 0.550649 0.413164 50.000000
0.759491 -0.045863 0.079313 52.000000
0.742308 -0.321617 0.020398 51.000000
0.021419 -0.254520 -0.116251 50.000000
0.274262 -0.097414 -0.058155 52.000000
0.029602 0.554741 -0.102341 50.000000
-0.599641 -0.298706 -0.028697 53.000000
0.519741 -0.400989 -0.007423 51.000000
0.027147 -0.384624 -0.023788 50.000000
-0.335342 0.560468 0.392707 50.000000
0.122884 -0.233245 -0.122797 50.000000
0.471463 -0.406716 -0.058155 51.000000
-0.619279 -0.230791 0.032672 53.000000
0.285718 0.576833 0.499899 50.000000
0.632660 0.545740 0.356703 50.000000
0.505012 -0.009860 -0.049972 52.000000
-0.413077 0.058056 -0.080248 50.000000
-0.042405 -0.298706 -0.094977 50.000000
-0.261698 -0.176785 -0.082703 50.000000
0.034512 -0.079412 -0.115433 50.000000
-0.501450 0.257712 0.364886 50.000000
0.206347 -0.369077 -0.121161 51.000000
0.288991 0.101424 0.010579 52.000000
0.269353 0.560468 -0.136708 50.000000
-0.126686 -0.054046 -0.066337 50.000000
0.070515 0.588289 0.517901 50.000000
-0.214240 0.038418 0.165231 50.000000
-0.391802 -0.218517 -0.087612 53.000000
0.722670 0.552286 0.409891 50.000000
-0.595549 -0.440266 0.103861 53.000000
-0.173326 -0.275794 -0.072884 50.000000
0.193255 0.594835 -0.099068 50.000000
-0.426988 -0.207879 -0.051609 53.000000
-0.439262 -0.319981 -0.045881 53.000000
-0.021948 -0.353529 -0.111342 50.000000
-0.007220 -0.431264 -0.018878 50.000000
0.315993 -0.063865 -0.089249 52.000000
-0.158598 0.560468 0.079313 50.000000
0.021419 -0.068775 -0.125252 50.000000
-0.505541 0.518737 0.032672 50.000000
-0.252698 -0.252065 -0.118706 50.000000
0.153159 0.579288 0.016306 50.000000
-0.078408 -0.264339 -0.112978 50.000000
-0.630734 0.112879 0.028581 50.000000
0.512376 -0.058955 -0.060609 52.000000
0.480464 -0.412444 -0.000877 51.000000
-0.080863 -0.053227 -0.058974 50.000000
-0.571819 -0.296252 -0.063882 53.000000
0.496011 -0.047500 -0.067156 52.000000
0.023874 -0.354347 -0.104796 50.000000
0.180980 -0.027862 -0.045063 50.000000
-0.582457 -0.195605 0.028581 53.000000
0.736580 -0.269248 0.011398 51.000000
-0.261698 -0.230791 -0.067974 50.000000
-0.557909 0.542467 0.056402 50.000000
-0.152052 -0.319981 -0.081885 50.000000
0.110610 -0.167784 -0.127707 50.000000
-0.030131 -0.252883 -0.158801 50.000000
-0.447444 0.362449 0.382888 50.000000
0.379818 0.567014 -0.033607 50.000000
-0.091500 -0.394443 -0.131798 53.000000
0.120429 0.576015 0.052310 50.000000
0.080334 0.567833 0.295334 50.000000
-0.199511 0.079330 0.187324 50.000000
0.596657 -0.328982 0.005669 51.000000
-0.610278 0.574379 0.059675 50.000000
0.681756 0.560468 0.221690 50.000000
-0.392620 -0.328982 -0.089249 53.000000
-0.595549 0.555559 0.047401 50.000000
0.568837 -0.314253 -0.022151 51.000000
-0.239606 -0.274976 -0.077793 50.000000
0.360180 0.059692 -0.046699 52.000000
-0.428624 0.556377 0.235601 50.000000
-0.536635 0.183250 0.029399 50.000000
-0.466264 -0.261066 -0.121979 53.000000
-0.019493 -0.209515 -0.162892 50.000000
-0.511269 0.072784 0.021217 50.000000
-0.482629 0.558014 -0.114615 50.000000
-0.418805 0.546558 0.001578 50.000000
0.153159 -0.167784 -0.095795 50.000000
-0.008038 0.094060 0.101406 50.000000
-0.553000 -0.058955 -0.017242 50.000000
-0.340252 -0.472177 0.066221 53.000000
0.101609 -0.355166 -0.116251 50.000000
-0.542362 0.367358 0.059675 50.000000
0.614659 -0.338801 -0.049972 51.000000
-0.482629 -0.218517 -0.048336 53.000000
0.699758 -0.380532 -0.033607 51.000000
0.265262 -0.281522 -0.081885 51.000000
0.222712 -0.366622 -0.016424 51.000000
-0.600459 -0.457449 0.142319 53.000000
-0.336160 0.499099 0.505627 50.000000
0.752945 -0.332255 -0.018878 51.000000
-0.507177 -0.013951 -0.018878 50.000000
-0.464627 -0.300343 0.007306 53.000000
-0.227332 0.035963 0.147228 50.000000
0.009964 0.550649 0.300243 50.000000
-0.364800 0.538375 0.422164 50.000000
-0.452354 -0.288069 -0.004968 53.000000
0.667028 0.559650 0.069494 50.000000
0.045149 -0.067957 -0.118706 50.000000
0.782402 -0.180058 -0.022151 50.000000
0.099972 -0.382169 -0.072065 50.000000
-0.227332 -0.425536 -0.032789 53.000000
0.371635 0.548195 0.085040 50.000000
-0.547272 -0.195605 -0.072065 53.000000
0.504194 0.562923 0.001578 50.000000
-0.138142 -0.087595 -0.071247 50.000000
-0.293611 -0.088413 -0.091704 50.000000
0.066424 -0.189877 -0.121161 50.000000
0.338087 0.569469 -0.167802 50.000000
0.111429 0.571924 0.004033 50.000000
-0.048133 -0.021316 -0.077793 50.000000
0.314357 -0.212789 -0.085158 50.000000
-0.024403 -0.391988 -0.052427 50.000000
-0.162689 0.535920 -0.132616 50.000000
-0.110320 -0.231609 -0.108069 50.000000
0.741489 -0.193150 -0.095795 50.000000
-0.327160 -0.231609 -0.004150 50.000000
0.734125 0.578470 0.105498 50.000000
0.363453 -0.040954 -0.100704 52.000000
-0.478538 -0.142418 -0.099068 50.000000
-0.133232 -0.123598 -0.128525 50.000000
-0.393439 -0.241428 -0.043426 53.000000
-0.336979 -0.110506 -0.098250 50.000000
0.754581 0.549012 0.051492 50.000000
0.655572 0.603017 0.268331 50.000000
0.276717 -0.400170 -0.050790 51.000000
0.770128 0.555559 0.119408 50.000000
-0.217513 -0.342892 -0.062247 53.000000
0.544288 0.021234 0.008124 52.000000
-0.465446 0.578470 -0.026243 50.000000
-0.471992 -0.015588 -0.036062 50.000000
-0.283792 -0.219335 -0.068792 50.000000
-0.620915 0.139064 0.041673 50.000000
0.721033 -0.192332 -0.017242 50.000000
-0.283792 -0.319163 -0.076975 53.000000
0.285718 -0.027862 -0.067974 52.000000
0.087699 0.571924 0.087496 50.000000
-0.102956 -0.414081 -0.045063 53.000000
-0.102138 0.049055 0.040855 50.000000
0.324176 -0.416535 -0.024606 51.000000
0.580292 -0.388715 -0.032789 51.000000
-0.295248 -0.307707 -0.075339 53.000000
-0.548908 -0.313435 0.033490 53.000000
-0.239606 -0.089231 -0.104796 50.000000
0.598294 0.593198 0.204507 50.000000
-0.196238 0.562105 0.087496 50.000000
-0.149597 0.079330 0.188960 50.000000
-0.048951 -0.422263 0.020398 50.000000
-0.555454 -0.353529 0.092405 53.000000
-0.421259 0.553104 0.059675 50.000000
-0.218331 -0.274976 -0.081885 50.000000
0.148250 0.008142 -0.033607 50.000000
-0.122595 -0.230791 -0.116251 50.000000
0.120429 0.576015 0.052310 50.000000
-0.449081 0.500735 0.394344 50.000000
-0.543181 -0.425536 0.080949 53.000000
-0.540726 0.551468 0.005669 50.000000
0.627751 -0.074503 0.070312 52.000000
0.310266 -0.440266 -0.027879 51.000000
-0.292793 0.552286 0.472079 50.000000
0.374090 0.418909 0.131682 50.000000
0.267716 -0.351074 -0.076975 51.000000
-0.109502 -0.253702 -0.099886 50.000000
0.201437 -0.133417 -0.094977 50.000000
0.087699 -0.256156 -0.072884 50.000000
-0.012947 0.558832 0.232328 50.000000
-0.287883 0.076057 0.161958 50.000000
0.315993 0.102242 0.013033 52.000000
0.262807 -0.071230 -0.013151 52.000000
0.460007 0.584198 0.035127 50.000000
0.650663 -0.359257 0.056402 51.000000
0.477191 0.562923 -0.032789 50.000000
-0.173326 0.552286 -0.123616 50.000000
-0.090682 -0.274976 -0.126889 50.000000
-0.414713 0.549831 -0.096613 50.000000
0.343815 -0.039317 -0.083521 52.000000
-0.102138 0.049055 0.040855 50.000000
0.377363 0.013051 -0.029516 52.000000
0.022238 -0.288069 -0.110524 50.000000
-0.152052 -0.319981 -0.081885 50.000000
0.078698 0.560468 0.476988 50.000000
-0.110320 -0.231609 -0.108069 50.000000
-0.059589 -0.425536 -0.058155 53.000000
0.401092 -0.415717 -0.066337 51.000000
-0.380347 -0.197241 -0.109705 50.000000
-0.377892 0.545740 0.395162 50.000000
0.189982 -0.144873 -0.094158 50.000000
-0.489993 0.367358 0.015489 50.000000
-0.451535 -0.344528 -0.028697 53.000000
0.202255 -0.374805 -0.049154 51.000000
-0.156143 -0.295433 -0.127707 50.000000
-0.054679 -0.166966 -0.107251 50.000000
0.485373 -0.309344 -0.085158 51.000000
0.063969 -0.403443 -0.076975 50.000000
0.683393 -0.203787 -0.060609 50.000000
0.598294 0.601381 0.039218 50.000000
-0.111957 -0.307707 -0.120343 50.000000
0.435460 -0.391988 -0.079430 51.000000
0.619568 0.517918 0.375523 50.000000
0.385546 0.286351 0.157866 50.000000
0.146613 -0.427991 -0.080248 50.000000
0.296355 -0.085958 -0.069610 52.000000
0.126157 -0.311798 -0.108069 50.000000
-0.251879 0.549012 0.359158 50.000000
0.730852 0.067057 0.141501 52.000000
-0.615188 0.072784 0.005669 50.000000
-0.402440 -0.120325 -0.079430 50.000000
0.088517 -0.343710 -0.123616 50.000000
0.683393 -0.329800 -0.032789 51.000000
0.280808 -0.013951 -0.043426 52.000000
-0.369709 0.537556 -0.019697 50.000000
0.529560 0.091605 0.067857 52.000000
0.670301 -0.356802 0.000760 51.000000
-0.550545 0.272440 0.038400 50.000000
-0.381983 -0.252883 -0.059791 53.000000
-0.368891 -0.187422 -0.144072 50.000000
0.419095 0.555559 -0.156346 50.000000
0.505012 -0.309344 -0.103159 51.000000
-0.369709 0.563741 -0.022970 50.000000
0.032057 0.540011 0.170958 50.000000
-0.261698 -0.400989 -0.043426 53.000000
-0.481811 0.508099 0.043310 50.000000
0.045968 0.003232 -0.066337 50.000000
0.550016 0.175067 0.183232 52.000000
-0.434352 0.290442 0.391071 50.000000
-0.598822 0.164429 0.054765 50.000000
-0.662647 0.562105 -0.093340 50.000000
-0.154507 -0.252883 -0.112978 50.000000
0.435460 -0.385442 -0.008241 51.000000
0.499284 0.574379 -0.130162 50.000000
0.703849 0.063784 0.120226 52.000000
-0.535816 0.074421 0.031036 50.000000
-0.110320 -0.231609 -0.108069 50.000000
0.069697 -0.221790 -0.102341 50.000000
0.546743 -0.364167 -0.010696 51.000000
-0.440080 0.560468 0.203689 50.000000
0.372454 0.211071 0.043310 52.000000
0.245623 0.042509 0.048219 52.000000
0.366726 0.422182 0.256058 50.000000
0.526287 -0.384624 -0.057336 51.000000
0.650663 -0.400989 0.087496 51.000000
0.097518 -0.145691 -0.136708 50.000000
0.752945 -0.332255 -0.018878 51.000000
-0.643008 0.549831 0.025308 50.000000
-0.403258 0.557195 -0.076157 50.000000
-0.505541 0.030235 -0.040153 50.000000
-0.566910 -0.364167 0.081768 53.000000
-0.450717 -0.456631 0.139864 53.000000
0.379818 0.074421 -0.030334 52.000000
-0.272337 -0.154692 -0.085158 50.000000
0.103245 -0.344528 -0.109705 50.000000
0.383091 -0.420627 -0.005786 51.000000
0.574564 -0.414899 -0.016424 51.000000
-0.660192 0.562105 0.057220 50.000000
-0.382801 0.571924 0.035945 50.000000
0.392910 0.042509 -0.099886 52.000000
0.213711 0.580106 0.174231 50.000000
-0.136505 0.571924 -0.109705 50.000000
-0.461354 0.405817 0.378796 50.000000
0.072970 -0.232427 -0.139981 50.000000
-0.333706 0.565378 -0.016424 50.000000
0.025511 -0.210333 -0.093340 50.000000
0.052514 -0.032771 -0.089249 50.000000
-0.096410 -0.099869 -0.088431 50.000000
-0.010493 -0.298706 -0.105614 50.000000
-0.543181 -0.023770 -0.006605 50.000000
0.434642 -0.297070 -0.077793 51.000000
-0.216695 -0.088413 -0.084339 50.000000
-0.053043 -0.210333 -0.095795 50.000000
-0.463809 0.503190 0.158684 50.000000
0.547561 -0.130144 -0.040153 52.000000
-0.294429 -0.100687 -0.118706 50.000000
0.286536 0.583379 0.122681 50.000000
-0.066953 0.558014 -0.009878 50.000000
0.629387 -0.391170 -0.023788 51.000000
-0.424533 -0.175149 -0.081885 53.000000
0.540197 -0.044227 -0.030334 52.000000
0.410912 -0.073684 -0.074520 52.000000
0.302901 -0.247156 -0.082703 51.000000
-0.541544 0.536738 -0.106432 50.000000
-0.560364 -0.084322 -0.054063 50.000000
0.054150 -0.221790 -0.121979 50.000000
-0.143051 -0.220153 -0.102341 50.000000
0.143340 -0.016406 -0.048336 50.000000
-0.436807 0.483552 0.446712 50.000000
0.131067 -0.077776 -0.097431 50.000000
0.421549 0.571106 -0.075339 50.000000
0.205528 0.570287 0.018762 50.000000
-0.111957 0.103879 0.178323 50.000000
0.498466 0.064602 0.067039 52.000000
0.375727 0.113698 -0.009878 52.000000
0.493557 -0.338801 0.000760 51.000000
0.547561 -0.289705 -0.004968 51.000000
0.407638 -0.402625 -0.082703 51.000000
-0.215876 -0.065502 -0.074520 50.000000
-0.618461 -0.148964 0.035945 53.000000
-0.646281 -0.429628 0.117771 53.000000
0.594202 -0.277431 -0.031152 51.000000
0.680938 -0.192332 -0.005786 50.000000
-0.009674 -0.405898 -0.035243 50.000000
0.316812 0.571924 0.081768 50.000000
0.243986 -0.212789 -0.072065 50.000000
0.046786 -0.134235 -0.105614 50.000000
-0.485902 0.345266 0.134136 50.000000
0.680938 0.545740 0.068675 50.000000
0.481282 -0.083504 -0.067156 52.000000
-0.461354 0.454094 0.135773 50.000000
-0.070226 0.105515 0.098951 50.000000
-0.333706 0.585834 -0.000059 50.000000
0.122884 -0.382169 -0.077793 50.000000
-0.484266 0.577652 -0.099886 50.000000
-0.240424 -0.176785 -0.104796 50.000000
0.590929 -0.315890 -0.006605 51.000000
-0.249425 -0.438629 -0.018060 53.000000
0.379000 -0.236518 -0.084339 50.000000
0.099972 -0.421445 -0.019697 50.000000
-0.055497 -0.144873 -0.113797 50.000000
0.778311 -0.020497 0.050674 52.000000
-0.543181 0.345266 0.076040 50.000000
0.059878 -0.067138 -0.105614 50.000000
0.365089 0.297806 0.087496 50.000000
0.026329 -0.310980 -0.088431 50.000000
-0.407349 -0.333891 -0.009878 53.000000
-0.295248 -0.229972 -0.132616 50.000000
0.077879 -0.288069 -0.118706 50.000000
-0.093955 0.081785 0.108771 50.000000
-0.626643 0.071148 0.086678 50.000000
-0.604550 -0.242246 0.014671 53.000000
0.616295 0.032690 0.103861 52.000000
-0.480993 -0.229154 -0.074520 53.000000
0.734125 -0.143237 -0.082703 50.000000
-0.247788 0.536738 0.057220 50.000000
-0.476901 -0.381351 0.001578 53.000000
-0.073499 0.576833 0.040855 50.000000
-0.563637 -0.309344 -0.043426 53.000000
0.442824 0.035145 -0.072065 52.000000
-0.456445 0.023689 -0.091704 50.000000
0.031238 0.019598 -0.017242 50.000000
0.087699 -0.354347 -0.128525 50.000000
-0.348435 -0.219335 -0.058155 50.000000
-0.473628 -0.309344 -0.033607 53.000000
0.538560 0.544921 0.324792 50.000000
-0.482629 0.558014 -0.114615 50.000000
0.108156 -0.112961 -0.142436 50.000000
0.375727 0.301897 0.168504 50.000000
0.237440 0.544921 0.293697 50.000000
0.621205 -0.155511 -0.066337 50.000000
0.348724 0.571106 0.255239 50.000000
-0.621734 0.090787 0.049856 50.000000
0.699758 0.580925 0.178323 50.000000
-0.458081 -0.399352 0.071130 53.000000
-0.654464 -0.232427 0.109589 53.000000
-0.449899 0.491734 0.418073 50.000000
-0.523542 -0.381351 0.133318 53.000000
-0.056316 0.047418 0.026944 50.000000
-0.609460 -0.148964 0.055583 50.000000
0.146613 -0.300343 -0.121161 50.000000
-0.079227 0.560468 0.115317 50.000000
-0.559546 0.242983 0.015489 50.000000
-0.485084 0.374723 0.308426 50.000000
0.408457 0.571924 0.057220 50.000000
0.451825 -0.121143 -0.103159 52.000000
-0.365618 0.586652 0.476170 50.000000
-0.123413 -0.252883 -0.127707 50.000000
0.334814 -0.073684 -0.069610 52.000000
-0.454808 -0.132599 -0.124434 50.000000
0.090153 -0.123598 -0.118706 50.000000
-0.422897 0.044145 -0.099886 50.000000
-0.460536 -0.274976 -0.054063 53.000000
-0.025221 0.044145 -0.007423 50.000000
-0.449899 0.112879 -0.024606 50.000000
0.322539 -0.155511 -0.063064 50.000000
0.401092 -0.144873 -0.097431 50.000000
0.075425 -0.076957 -0.083521 50.000000
-0.514542 -0.130144 -0.062247 50.000000
0.653936 0.013051 0.020398 52.000000
-0.457263 0.427092 0.289606 50.000000
-0.501450 0.538375 -0.027061 50.000000
-0.224877 -0.418990 0.010579 53.000000
-0.042405 -0.429628 -0.020515 50.000000
-0.486720 0.130881 0.010579 50.000000
-0.413895 0.013869 -0.072065 50.000000
-0.263335 -0.284795 -0.109705 50.000000
0.345451 0.563741 0.138228 50.000000
-0.069408 -0.113779 -0.139162 50.000000
-0.491630 0.336265 0.044128 50.000000
-0.523542 0.375541 -0.004968 50.000000
-0.348435 -0.252065 -0.093340 53.000000
0.178525 0.573560 -0.043426 50.000000
0.511558 -0.202969 -0.055700 50.000000
-0.608642 -0.104778 -0.035243 50.000000
0.056605 -0.310162 -0.109705 50.000000
-0.539908 0.263440 0.053947 50.000000
0.225985 0.571106 -0.059791 50.000000
0.334814 -0.257793 -0.135071 51.000000
0.069697 -0.134235 -0.105614 50.000000
0.315993 -0.063865 -0.089249 52.000000
-0.383620 -0.354347 -0.045881 53.000000
0.090153 0.013869 -0.079430 50.000000
-0.044042 0.035963 0.026944 50.000000
-0.010493 0.004050 -0.054882 50.000000
-0.543181 -0.023770 -0.006605 50.000000
-0.039131 -0.099869 -0.084339 50.000000
-0.423715 -0.044227 -0.097431 50.000000
-0.449081 0.099787 -0.033607 50.000000
0.726761 -0.166966 -0.007423 50.000000
-0.522724 0.298624 0.283060 50.000000
-0.360709 -0.319981 -0.061428 53.000000
0.167888 -0.468086 -0.046699 51.000000
0.336450 -0.144055 -0.058974 50.000000
-0.604550 0.144791 0.008943 50.000000
0.752945 -0.004132 0.094860 52.000000
0.442006 -0.121143 -0.094158 52.000000
-0.678194 0.572742 0.005669 50.000000
0.702213 -0.229154 -0.054063 50.000000
0.406002 0.555559 0.008943 50.000000
-0.017039 0.567833 -0.097431 50.000000
0.655572 0.603017 0.268331 50.000000
-0.516178 -0.285613 -0.061428 53.000000
-0.251061 -0.219335 -0.097431 50.000000
-0.540726 -0.297888 -0.036880 53.000000
-0.585730 -0.290524 0.046583 53.000000
-0.489175 -0.153056 -0.103977 50.000000
0.608113 -0.191514 -0.031970 50.000000
-0.434352 0.335447 0.395162 50.000000
-0.174963 0.555559 0.480261 50.000000
0.477191 -0.274976 -0.037698 51.000000
0.087699 -0.167784 -0.128525 50.000000
0.216166 -0.223426 -0.084339 50.000000
0.054150 -0.221790 -0.121979 50.000000
-0.021948 -0.041772 -0.052427 50.000000
-0.548090 0.461458 0.106316 50.000000
0.282445 -0.426354 -0.032789 51.000000
0.257078 0.567833 -0.038517 50.000000
0.189982 -0.111324 -0.095795 50.000000
0.090972 -0.382987 -0.059791 50.000000
0.121248 0.555559 -0.005786 50.000000
0.239895 -0.179240 -0.086794 50.000000
0.608113 -0.191514 -0.031970 50.000000
-0.349253 -0.295433 -0.091704 53.000000
0.072970 -0.066320 -0.097431 50.000000
-0.003128 0.020416 -0.012332 50.000000
-0.563637 0.189796 0.060493 50.000000
0.217802 0.012233 -0.002513 50.000000
-0.527634 -0.207060 -0.051609 53.000000
-0.579184 -0.033589 0.005669 50.000000
-0.348435 -0.262702 -0.090067 53.000000
0.276717 -0.400170 -0.050790 51.000000
-0.133232 -0.263521 -0.114615 50.000000
0.583565 -0.104778 -0.023788 52.000000
0.248078 -0.374805 -0.062247 51.000000
-0.272337 -0.057319 -0.117070 50.000000
0.351997 -0.201333 -0.088431 50.000000
0.183436 -0.279067 -0.115433 51.000000
-0.076772 -0.134235 -0.110524 50.000000
-0.141415 -0.188241 -0.093340 50.000000
0.326631 0.101424 0.003215 52.000000
-0.214240 0.038418 0.165231 50.000000
-0.544817 0.553104 0.048219 50.000000
0.331540 0.146428 0.055583 52.000000
-0.480993 -0.130144 -0.063064 50.000000
0.666209 0.588289 0.215962 50.000000
-0.447444 0.004050 -0.062247 50.000000
0.730034 -0.229972 -0.030334 50.000000
0.275081 -0.036044 -0.018878 52.000000
0.351179 -0.378896 -0.057336 51.000000
-0.218331 -0.264339 -0.087612 50.000000
-0.363982 0.578470 0.400072 50.000000
-0.338615 -0.338801 -0.103159 53.000000
-0.481811 0.040054 -0.049154 50.000000
0.439551 -0.144873 -0.099068 50.000000
0.247259 0.588289 0.020398 50.000000
-0.093137 0.022871 0.015489 50.000000
-0.438443 -0.163693 -0.040971 50.000000
-0.336160 -0.077776 -0.094158 50.000000
0.022238 -0.288069 -0.110524 50.000000
-0.287883 0.089968 0.174231 50.000000
0.158887 -0.178422 -0.071247 50.000000
0.090153 0.043327 -0.027061 50.000000
0.091790 -0.411626 0.000760 50.000000
-0.271518 -0.066320 -0.090885 50.000000
0.625296 -0.192332 -0.027061 50.000000
-0.401621 -0.022134 -0.094158 50.000000
-0.519451 0.103879 -0.014787 50.000000
0.148250 -0.053227 -0.075339 50.000000
0.739853 0.555559 0.239692 50.000000
-0.294429 0.576833 0.302698 50.000000
-0.113593 0.565378 0.014671 50.000000
0.779947 -0.061411 0.026944 52.000000
-0.427806 -0.330618 -0.055700 53.000000
0.569655 -0.354347 0.010579 51.000000
0.299628 0.058874 -0.032789 52.000000
-0.503904 -0.163693 -0.060609 53.000000
-0.371346 -0.339619 -0.089249 53.000000
-0.134050 0.517100 0.252785 50.000000
0.041058 -0.414081 -0.077793 50.000000
-0.080863 -0.053227 -0.058974 50.000000
-0.446626 0.025326 -0.075339 50.000000
-0.196238 0.562105 0.087496 50.000000
-0.240424 -0.155511 -0.112160 50.000000
-0.482629 0.098969 -0.041790 50.000000
-0.081681 -0.043408 -0.071247 50.000000
-0.120140 -0.286432 -0.092522 50.000000
-0.303430 0.004050 -0.051609 50.000000
0.229258 0.564560 0.123499 50.000000
0.176889 -0.122780 -0.099886 50.000000
-0.196238 0.562105 0.087496 50.000000
0.005054 -0.210333 -0.145709 50.000000
-0.053043 -0.210333 -0.095795 50.000000
-0.403258 -0.229972 -0.079430 53.000000
0.644117 -0.229154 0.013033 50.000000
0.657209 0.085058 0.085040 52.000000
0.051695 -0.102323 -0.140800 50.000000
0.122884 -0.189877 -0.125252 50.000000
0.503376 -0.390351 0.022853 51.000000
0.552471 -0.363349 -0.030334 51.000000
-0.185600 -0.364167 -0.085158 53.000000
-0.547272 -0.195605 -0.072065 53.000000
-0.136505 0.585834 0.032672 50.000000
0.275899 -0.258611 -0.087612 51.000000
0.141704 -0.358439 -0.094977 50.000000
0.111429 -0.042590 -0.083521 50.000000
-0.027676 0.558832 -0.085976 50.000000
0.097518 0.535920 0.239692 50.000000
0.303720 -0.049954 -0.049154 52.000000
-0.458081 -0.218517 -0.088431 53.000000
-0.227332 -0.198060 -0.052427 50.000000
-0.420441 0.366540 0.405799 50.000000
-0.165144 -0.263521 -0.106432 50.000000
0.366726 0.322354 0.134955 50.000000
0.135976 0.612018 0.531811 50.000000
-0.219149 -0.285613 -0.093340 50.000000
0.231713 -0.405080 0.012216 51.000000
-0.239606 0.022871 0.140682 50.000000
-0.240424 -0.155511 -0.112160 50.000000
0.201437 -0.473814 -0.011514 51.000000
-0.396712 0.542467 0.071130 50.000000
0.766855 -0.204606 -0.021333 50.000000
0.620386 -0.023770 0.050674 52.000000
0.324176 0.156247 0.119408 52.000000
0.437915 -0.431264 -0.040971 51.000000
-0.059589 -0.481996 0.021217 53.000000
0.137613 -0.382987 -0.065519 50.000000
-0.293611 -0.088413 -0.091704 50.000000
-0.195420 -0.089231 -0.090885 50.000000
-0.076772 -0.308525 -0.103159 50.000000
-0.552181 -0.229972 -0.036062 53.000000
0.063969 -0.403443 -0.076975 50.000000
0.135976 -0.291342 -0.067974 50.000000
-0.438443 -0.431264 0.141501 53.000000
0.602385 0.039236 0.038400 52.000000
-0.093955 0.081785 0.108771 50.000000
-0.136505 0.585834 0.032672 50.000000
0.799586 -0.230791 0.009760 50.000000
-0.573456 0.565378 -0.036062 50.000000
0.149886 -0.522092 0.084223 51.000000
-0.240424 -0.453358 -0.080248 53.000000
-0.360709 -0.331436 -0.054063 53.000000
-0.610278 0.574379 0.059675 50.000000
-0.435170 -0.064684 -0.077793 50.000000
-0.576730 0.069511 0.077676 50.000000
0.570473 -0.142418 -0.019697 50.000000
-0.114411 -0.391170 -0.045063 53.000000
0.096699 0.581743 0.492535 50.000000
-0.014584 -0.020497 -0.076975 50.000000
0.092608 -0.178422 -0.103977 50.000000
-0.347617 -0.067138 -0.103977 50.000000
-0.126686 -0.065502 -0.064701 50.000000
0.071333 0.027780 -0.058155 50.000000
-0.596368 0.209434 0.027763 50.000000
-0.410622 -0.423081 0.062129 53.000000
0.162979 0.588289 0.347703 50.000000
-0.251061 -0.219335 -0.097431 50.000000
0.385546 -0.283159 -0.100704 51.000000
-0.523542 -0.369895 0.004851 53.000000
-0.408167 0.388633 0.436893 50.000000
-0.155325 -0.339619 -0.114615 53.000000
0.293082 -0.449266 -0.043426 51.000000
0.384727 0.481097 0.197961 50.000000
0.373272 -0.390351 -0.068792 51.000000
-0.110320 -0.144873 -0.112978 50.000000
0.087699 -0.054046 -0.082703 50.000000
0.683393 -0.090050 -0.004150 52.000000
-0.476083 0.321536 0.394344 50.000000
0.617113 0.016324 0.072767 52.000000
0.421549 -0.132599 -0.077793 52.000000
-0.305885 -0.274158 -0.089249 50.000000
-0.572638 0.257712 0.022853 50.000000
-0.358254 -0.043408 -0.082703 50.000000
0.653936 -0.077776 -0.002513 52.000000
-0.295248 -0.219335 -0.106432 50.000000
-0.582457 -0.020497 0.028581 50.000000
-0.062862 -0.089231 -0.093340 50.000000
-0.152052 -0.242246 -0.086794 50.000000
0.761946 -0.142418 -0.060609 50.000000
0.374090 -0.270067 -0.132616 51.000000
0.485373 0.031872 0.000760 52.000000
-0.066135 0.004869 -0.045063 50.000000
0.698121 -0.368259 -0.036062 51.000000
0.766037 -0.319981 -0.023788 51.000000
0.014055 -0.288069 -0.095795 50.000000
-0.239606 -0.089231 -0.104796 50.000000
-0.314886 0.015507 -0.051609 50.000000
-0.468719 -0.075321 -0.072884 50.000000
-0.080863 -0.230791 -0.135071 50.000000
-0.392620 0.088331 -0.027061 50.000000
0.284900 0.014688 0.008124 52.000000
-0.447444 0.260166 0.383706 50.000000
-0.531725 -0.378078 -0.031152 53.000000
-0.435170 0.442638 0.406618 50.000000
0.493557 -0.338801 0.000760 51.000000
-0.007220 -0.263521 -0.153892 50.000000
0.148250 0.008142 -0.033607 50.000000
0.049241 0.558832 -0.130980 50.000000
0.447734 -0.144873 -0.112160 50.000000
0.014873 -0.453358 -0.029516 50.000000
-0.425351 0.549012 0.169322 50.000000
0.560654 0.550649 0.340338 50.000000
0.288991 -0.362531 -0.090067 51.000000
-0.174145 -0.297888 -0.084339 50.000000
0.455098 0.553104 0.031036 50.000000
-0.154507 -0.417354 -0.110524 53.000000
-0.083318 0.549012 0.209416 50.000000
-0.019493 -0.157147 -0.163711 50.000000
0.486191 0.549012 -0.118706 50.000000
-0.094773 -0.412444 -0.067156 53.000000
0.072970 -0.199696 -0.086794 50.000000
0.625296 0.553922 -0.027061 50.000000
0.119611 -0.005769 -0.051609 50.000000
-0.241242 -0.296252 -0.102341 50.000000
-0.464627 0.132518 0.024490 50.000000
0.069697 0.552286 -0.080248 50.000000
0.602385 -0.228336 -0.043426 50.000000
-0.126686 -0.054046 -0.066337 50.000000
0.063969 0.562105 0.281423 50.000000
0.000145 0.045782 0.002396 50.000000
0.156433 -0.020497 -0.093340 50.000000
-0.273155 -0.286432 -0.074520 50.000000
0.196528 0.025326 0.011398 50.000000
-0.109502 -0.253702 -0.099886 50.000000
0.362634 -0.026225 -0.067974 52.000000
0.357725 0.428728 0.173413 50.000000
-0.602095 -0.027043 0.088313 50.000000
0.284081 -0.438629 -0.028697 51.000000
0.572110 -0.339619 -0.016424 51.000000
-0.601277 0.204525 0.065402 50.000000
0.153978 -0.277431 -0.138344 50.000000
0.205528 0.580106 0.415618 50.000000
-0.665920 0.557195 -0.072884 50.000000
0.422368 -0.283159 -0.107251 51.000000
-0.338615 -0.319163 -0.072065 53.000000
0.295537 0.553922 -0.085976 50.000000
-0.517815 0.278986 0.396799 50.000000
-0.336160 -0.056500 -0.112160 50.000000
-0.428624 0.556377 0.235601 50.000000
-0.588185 -0.081867 -0.018060 50.000000
0.104064 -0.018861 -0.066337 50.000000
0.738216 0.568651 -0.023788 50.000000
0.356088 -0.452539 0.073585 51.000000
0.357725 0.098969 -0.021333 52.000000
-0.195420 -0.077776 -0.088431 50.000000
-0.003947 -0.210333 -0.135889 50.000000
0.233349 0.590744 0.072767 50.000000
0.420731 -0.097414 -0.083521 52.000000
0.310266 -0.440266 -0.027879 51.000000
0.421549 0.531829 0.206962 50.000000
-0.269882 0.576833 0.171777 50.000000
-0.535816 0.302716 0.006488 50.000000
0.095063 -0.028680 -0.051609 50.000000
0.317630 0.594835 0.240511 50.000000
0.001781 -0.178422 -0.102341 50.000000
-0.618461 0.551468 0.034309 50.000000
0.268535 0.071966 0.080949 52.000000
0.327449 -0.425536 -0.052427 51.000000
0.302901 -0.257793 -0.119524 51.000000
-0.134869 0.553922 0.229054 50.000000
0.194891 0.567014 -0.135889 50.000000
0.146613 -0.300343 -0.121161 50.000000
0.279172 0.576015 -0.059791 50.000000
0.527105 -0.108051 -0.088431 52.000000
-0.393439 0.478642 0.430347 50.000000
0.655572 -0.155511 -0.057336 50.000000
-0.477720 0.386178 0.421346 50.000000
-0.167599 -0.349438 -0.132616 53.000000
0.327449 -0.425536 -0.052427 51.000000
0.378181 0.573560 0.305971 50.000000
0.407638 0.134972 0.040037 52.000000
-0.050588 -0.400170 -0.079430 53.000000
0.282445 -0.479542 0.005669 51.000000
0.009145 -0.391988 -0.059791 50.000000
-0.128323 -0.099869 -0.080248 50.000000
-0.525179 -0.360075 0.029399 53.000000
-0.684740 0.559650 -0.031970 50.000000
-0.440898 -0.367440 -0.025424 53.000000
0.200619 -0.074503 -0.058155 50.000000
0.810223 -0.283977 0.028581 51.000000
0.216984 -0.476269 -0.000059 51.000000
0.434642 0.597290 0.038400 50.000000
-0.543181 -0.275794 -0.013969 53.000000
-0.350071 -0.400170 -0.041790 53.000000
-0.305885 -0.401807 -0.032789 53.000000
-0.048133 -0.076957 -0.067974 50.000000
0.475554 0.527737 0.283060 50.000000
-0.052224 -0.465631 -0.011514 53.000000
-0.570184 -0.230791 0.024490 53.000000
0.189982 -0.144873 -0.094158 50.000000
-0.443353 0.523646 0.272423 50.000000
0.305356 -0.375623 -0.077793 51.000000
0.628569 0.586652 -0.101523 50.000000
0.721851 0.562923 0.011398 50.000000
0.017328 -0.199696 -0.138344 50.000000
0.364271 0.448366 0.188960 50.000000
-0.273155 -0.122780 -0.120343 50.000000
-0.261698 -0.176785 -0.082703 50.000000
-0.513723 0.241346 0.348521 50.000000
-0.088227 -0.005769 -0.033607 50.000000
0.167888 -0.347801 -0.086794 50.000000
0.039422 -0.443539 -0.023788 50.000000
-0.586549 -0.116234 -0.027879 50.000000
0.431368 -0.024589 -0.061428 52.000000
-0.403258 0.049873 -0.056518 50.000000
-0.537453 0.558014 -0.153073 50.000000
0.493557 0.105515 0.086678 52.000000
0.417458 0.486825 0.208598 50.000000
-0.251061 -0.121961 -0.099886 50.000000
-0.000674 -0.243064 -0.117070 50.000000
0.481282 -0.083504 -0.067156 52.000000
0.503376 0.558014 0.170958 50.000000
-0.334524 0.587471 0.157866 50.000000
0.018965 -0.232427 -0.130980 50.000000
0.131885 0.577652 0.181596 50.000000
-0.607005 0.250347 0.105498 50.000000
-0.490812 0.358358 0.031036 50.000000
0.194073 0.585016 0.147228 50.000000
-0.126686 -0.198878 -0.154710 50.000000
-0.431897 0.268349 0.350976 50.000000
0.032057 0.097333 0.117771 50.000000
-0.117684 0.563741 -0.027061 50.000000
0.649026 0.014688 0.042491 52.000000
0.036149 0.058056 0.002396 50.000000
0.068060 -0.178422 -0.112160 50.000000
-0.327160 -0.154692 -0.098250 50.000000
-0.272337 -0.165330 -0.090885 50.000000
0.379000 0.490098 0.177505 50.000000
-0.561182 0.563741 -0.039335 50.000000
-0.093137 -0.042590 -0.067974 50.000000
0.221075 0.582561 -0.137527 50.000000
0.046786 0.555559 0.007306 50.000000
0.586838 -0.278249 -0.013969 51.000000
0.171161 -0.463995 0.017944 51.000000
-0.102956 0.085876 0.140682 50.000000
0.480464 0.130881 0.085040 52.000000
-0.469537 -0.229972 -0.072884 53.000000
-0.027676 0.558832 -0.085976 50.000000
-0.095592 -0.468904 0.018762 53.000000
-0.491630 -0.141600 -0.067156 50.000000
0.253805 -0.407535 -0.086794 51.000000
0.357725 0.250347 0.120226 50.000000
-0.618461 0.062147 0.116953 50.000000
0.167888 -0.178422 -0.084339 50.000000
-0.217513 -0.132599 -0.085158 50.000000
-0.229787 -0.307707 -0.085976 50.000000
0.607294 0.584198 0.030217 50.000000
-0.337797 -0.208697 -0.044244 50.000000
-0.350071 -0.342892 -0.048336 53.000000
0.388819 -0.179240 -0.058155 50.000000
-0.467901 -0.108869 -0.092522 50.000000
0.330722 -0.167784 -0.074520 50.000000
-0.608642 0.077694 0.042491 50.000000
-0.172508 -0.165330 -0.067974 50.000000
-0.036677 0.547376 -0.148164 50.000000
-0.327160 -0.197241 -0.084339 50.000000
0.063969 -0.232427 -0.130162 50.000000
-0.305067 -0.088413 -0.092522 50.000000
-0.295248 -0.341255 -0.080248 53.000000
0.517286 -0.385442 -0.046699 51.000000
0.682574 -0.360894 0.058038 51.000000
0.635934 -0.203787 -0.035243 50.000000
-0.336979 -0.165330 -0.085976 50.000000
-0.507996 0.567014 -0.094977 50.000000
-0.080045 -0.461540 0.049856 53.000000
-0.446626 -0.153056 -0.088431 50.000000
0.376545 -0.329800 -0.093340 51.000000
0.323358 -0.156329 -0.099068 50.000000
0.146613 0.558832 0.517901 50.000000
0.288991 -0.362531 -0.090067 51.000000
0.385546 0.008960 -0.079430 52.000000
0.384727 -0.458267 -0.003332 51.000000
0.239895 0.593198 -0.114615 50.000000
-0.003947 -0.468086 -0.004968 50.000000
0.599112 -0.216062 -0.050790 50.000000
-0.085773 0.077694 0.075221 50.000000
0.284081 0.577652 0.062948 50.000000
-0.564455 -0.013133 -0.023788 50.000000
-0.597186 -0.041772 0.051492 50.000000
-0.496539 0.079330 -0.015605 50.000000
0.120429 0.579288 -0.017242 50.000000
0.028784 -0.379714 -0.077793 50.000000
0.325812 0.170158 0.123499 52.000000
0.033694 0.033508 -0.004968 50.000000
0.741489 -0.382169 -0.043426 51.000000
-0.170872 -0.065502 -0.063882 50.000000
0.074606 0.551468 -0.118706 50.000000
0.438733 -0.213607 -0.131798 50.000000
0.051695 0.551468 -0.113797 50.000000
-0.525179 -0.130144 -0.070429 50.000000
0.591748 -0.155511 -0.067156 50.000000
0.188345 -0.017224 -0.065519 50.000000
0.503376 -0.375623 -0.011514 51.000000
-0.664283 0.555559 -0.002513 50.000000
0.508285 0.576015 0.178323 50.000000
0.266898 -0.330618 -0.038517 51.000000
0.161342 0.589107 0.507263 50.000000
0.478827 -0.062229 -0.108069 52.000000
0.261170 0.576015 0.023671 50.000000
-0.473628 0.067875 -0.011514 50.000000
-0.447444 0.522010 0.363249 50.000000
-0.503086 -0.185786 -0.067974 53.000000
0.368362 0.437729 0.258512 50.000000
0.542652 -0.457449 0.042491 51.000000
-0.401621 -0.022134 -0.094158 50.000000
0.121248 -0.474632 0.018762 50.000000
0.547561 0.018780 -0.019697 52.000000
0.611386 0.083422 0.085040 52.000000
-0.574275 -0.290524 0.053947 53.000000
-0.105411 0.568651 0.100588 50.000000
0.435460 -0.167784 -0.109705 50.000000
-0.223241 -0.014770 -0.001695 50.000000
-0.217513 0.565378 0.514628 50.000000
0.277535 0.593198 0.199597 50.000000
0.023874 0.570287 0.013852 50.000000
0.595021 -0.423081 0.062948 51.000000
0.210438 0.086695 0.109589 50.000000
0.579474 -0.378896 -0.003332 51.000000
-0.206876 0.017143 0.079313 50.000000
0.433823 0.051510 -0.027061 52.000000
-0.036677 -0.156329 -0.137527 50.000000
-0.423715 -0.010678 -0.096613 50.000000
-0.526815 0.126790 0.058856 50.000000
0.662936 0.571106 -0.118706 50.000000
-0.336160 -0.045045 -0.105614 50.000000
-0.420441 0.558014 0.382888 50.000000
-0.474447 0.216798 0.377160 50.000000
0.348724 0.567833 -0.174348 50.000000
-0.215876 -0.065502 -0.074520 50.000000
-0.492448 0.351812 0.056402 50.000000
-0.371346 -0.339619 -0.089249 53.000000
-0.578366 0.542467 0.014671 50.000000
-0.273973 -0.362531 -0.095795 53.000000
-0.337797 -0.274976 -0.061428 53.000000
-0.044042 -0.330618 -0.108887 50.000000
-0.076772 -0.198878 -0.107251 50.000000
0.631843 0.148064 0.160321 52.000000
-0.372164 -0.364167 -0.067156 53.000000
-0.077590 -0.006587 -0.045063 50.000000
-0.428624 -0.242246 -0.013151 53.000000
-0.161053 -0.434537 -0.058155 53.000000
-0.549727 0.210252 0.038400 50.000000
-0.458900 -0.018043 -0.060609 50.000000
0.773401 -0.230791 -0.008241 50.000000
0.703849 0.063784 0.120226 52.000000
0.097518 -0.432082 -0.031970 50.000000
-0.381165 -0.186604 -0.067974 50.000000
-0.085773 0.573560 -0.074520 50.000000
-0.435989 -0.153056 -0.082703 50.000000
-0.473628 0.398453 0.347703 50.000000
-0.152052 -0.242246 -0.086794 50.000000
-0.067771 -0.198878 -0.121161 50.000000
-0.337797 -0.328163 -0.107251 53.000000
0.149068 -0.018861 -0.074520 50.000000
-0.460536 -0.274976 -0.054063 53.000000
-0.011311 -0.320799 -0.109705 50.000000
0.077879 -0.189877 -0.120343 50.000000
-0.296066 0.574379 0.162776 50.000000
-0.076772 -0.374805 -0.103977 53.000000
-0.567728 -0.463177 0.191415 53.000000
0.310266 -0.440266 -0.027879 51.000000
0.123702 0.576015 0.468806 50.000000
0.286536 -0.283159 -0.053245 51.000000
0.391273 0.488461 0.170140 50.000000
0.104064 -0.333891 -0.103977 50.000000
-0.570184 0.038418 0.024490 50.000000
0.144159 -0.123598 -0.135071 50.000000
0.410912 0.052328 -0.014787 52.000000
-0.524361 0.303534 0.011398 50.000000
0.001781 0.067875 0.089951 50.000000
-0.316522 -0.285613 -0.079430 53.000000
-0.406531 0.436092 0.385343 50.000000
0.022238 -0.482815 0.011398 50.000000
-0.019493 0.107970 0.108771 50.000000
-0.310794 0.553922 -0.115433 50.000000
-0.202784 0.560468 -0.029516 50.000000
-0.539908 0.140700 0.067039 50.000000
0.005054 -0.067138 -0.094158 50.000000
0.297992 0.123517 0.081768 52.000000
-0.527634 -0.038499 -0.040153 50.000000
-0.150415 -0.411626 -0.062247 53.000000
-0.413895 0.037599 -0.064701 50.000000
0.562290 -0.191514 -0.036062 50.000000
0.290627 -0.389533 -0.045063 51.000000
0.333996 -0.224245 -0.101523 50.000000
0.699758 -0.166966 0.001578 50.000000
-0.066953 0.558014 -0.009878 50.000000
0.215347 -0.292160 -0.085158 51.000000
-0.359890 0.545740 0.121044 50.000000
-0.249425 -0.109688 -0.061428 50.000000
0.420731 -0.213607 -0.112160 50.000000
0.009145 0.540829 0.009760 50.000000
-0.093955 -0.401807 -0.060609 53.000000
0.378181 -0.202151 -0.085976 50.000000
0.266898 -0.314253 -0.117888 51.000000
0.540197 -0.415717 0.004851 51.000000
-0.175781 0.537556 0.224963 50.000000
0.330722 0.224163 0.130045 50.000000
-0.562000 0.564560 -0.140800 50.000000
0.072152 -0.103142 -0.152255 50.000000
-0.435989 0.036781 -0.070429 50.000000
0.642480 -0.303616 -0.023788 51.000000
0.074606 -0.021316 -0.091704 50.000000
-0.075135 -0.276613 -0.087612 50.000000
-0.448262 0.074421 -0.046699 50.000000
0.423186 -0.343710 -0.073702 51.000000
-0.647099 -0.207060 0.062948 53.000000
-0.454808 -0.132599 -0.124434 50.000000
-0.620915 0.139064 0.041673 50.000000
0.163797 -0.167784 -0.102341 50.000000
-0.092319 -0.124416 -0.144072 50.000000
0.284081 0.055601 0.044128 52.000000
0.263625 -0.388715 -0.049972 51.000000
-0.161871 -0.298706 -0.070429 50.000000
0.259534 0.592380 0.244602 50.000000
0.261989 0.087513 0.103861 52.000000
0.500103 0.597290 0.061311 50.000000
-0.293611 -0.022134 -0.085976 50.000000
0.284081 -0.190695 -0.102341 50.000000
-0.042405 -0.429628 -0.020515 50.000000
-0.411440 0.554741 0.143955 50.000000
0.360998 -0.340437 -0.100704 51.000000
-0.417168 0.573560 0.287151 50.000000
0.005054 -0.067138 -0.094158 50.000000
0.005054 -0.419808 -0.016424 50.000000
0.401092 0.549831 -0.166984 50.000000
-0.144688 -0.241428 -0.125252 50.000000
0.699758 0.580925 0.178323 50.000000
-0.293611 -0.036044 -0.121161 50.000000
-0.179054 0.536738 0.179141 50.000000
0.416640 0.229072 0.131682 52.000000
0.005054 -0.210333 -0.145709 50.000000
0.204710 -0.004132 -0.048336 50.000000
-0.435170 0.058874 -0.076157 50.000000
0.698121 -0.166966 -0.032789 50.000000
0.203074 -0.234882 -0.086794 50.000000
0.632660 0.545740 0.356703 50.000000
-0.348435 -0.175967 -0.081885 50.000000
-0.228968 -0.089231 -0.099068 50.000000
-0.220786 0.567014 0.101406 50.000000
0.653936 0.565378 -0.000059 50.000000
0.331540 -0.097414 -0.076975 52.000000
-0.521088 -0.069593 0.008124 50.000000
-0.309976 0.560468 0.085040 50.000000
-0.427806 0.552286 -0.054882 50.000000
-0.401621 -0.132599 -0.112978 50.000000
0.519741 0.553104 0.008124 50.000000
-0.501450 -0.382169 0.013852 53.000000
0.536924 -0.057319 -0.036062 52.000000
-0.504723 -0.422263 0.053947 53.000000
-0.305885 -0.252065 -0.087612 50.000000
0.680938 -0.216880 -0.036062 50.000000
0.725124 -0.216880 -0.068792 50.000000
0.009145 -0.080230 -0.132616 50.000000
-0.402440 -0.064684 -0.074520 50.000000
0.175252 -0.111324 -0.104796 50.000000
0.276717 -0.463995 -0.014787 51.000000
0.243986 -0.212789 -0.072065 50.000000
0.212893 0.592380 0.165231 50.000000
-0.502268 0.014688 -0.073702 50.000000
-0.087409 -0.016406 -0.027879 50.000000
-0.348435 -0.197241 -0.080248 50.000000
-0.089046 -0.341255 -0.114615 50.000000
-0.273155 -0.331436 -0.066337 53.000000
0.641662 -0.422263 0.032672 51.000000
0.614659 0.160338 0.155411 52.000000
0.640844 0.563741 -0.133435 50.000000
-0.506359 0.546558 -0.112160 50.000000
-0.539908 0.140700 0.067039 50.000000
0.036967 0.046600 0.009760 50.000000
0.287354 0.558014 0.378796 50.000000
-0.554636 -0.022952 -0.003332 50.000000
0.672755 -0.216880 -0.022151 50.000000
0.058241 -0.483633 0.008943 50.000000
0.481282 -0.083504 -0.067156 52.000000
0.636751 0.473732 0.387797 50.000000
-0.240424 -0.176785 -0.104796 50.000000
-0.205239 -0.209515 -0.058155 50.000000
-0.449081 0.550649 -0.096613 50.000000
0.518104 0.140700 0.146410 52.000000
-0.656101 0.559650 -0.133435 50.000000
0.253805 -0.167784 -0.081885 50.000000
-0.110320 -0.177603 -0.112160 50.000000
-0.110320 -0.144873 -0.112978 50.000000
-0.433534 0.202888 0.380433 50.000000
-0.190510 0.568651 0.188142 50.000000
0.085244 0.017961 -0.045063 50.000000
0.461644 -0.443539 -0.051609 51.000000
0.062333 0.573560 -0.129343 50.000000
-0.295248 -0.365804 -0.053245 53.000000
0.187527 0.592380 -0.068792 50.000000
0.664573 -0.293797 0.022853 51.000000
0.534469 -0.032771 -0.043426 52.000000
-0.350071 0.520373 0.415618 50.000000
0.213711 0.580106 0.174231 50.000000
-0.322250 0.526101 0.434438 50.000000
0.399456 0.390269 0.176686 50.000000
-0.383620 -0.333073 -0.025424 53.000000
0.171161 -0.463995 0.017944 51.000000
0.069697 -0.134235 -0.105614 50.000000
-0.491630 -0.040954 -0.065519 50.000000
0.062333 0.573560 -0.129343 50.000000
0.348724 0.269986 0.087496 50.000000
-0.147142 -0.198060 -0.152255 50.000000
-0.252698 -0.439447 -0.099068 53.000000
-0.504723 0.303534 0.066221 50.000000
-0.088227 -0.005769 -0.033607 50.000000
-0.240424 -0.285613 -0.092522 50.000000
-0.406531 0.537556 0.017125 50.000000
-0.582457 0.527737 0.049856 50.000000
-0.487539 -0.164511 -0.118706 53.000000
-0.505541 0.328901 0.067039 50.000000
-0.566910 -0.173512 -0.004150 53.000000
-0.068589 -0.008223 -0.058155 50.000000
0.558199 0.547376 -0.150619 50.000000
0.336450 -0.247974 -0.096613 51.000000
-0.408167 0.388633 0.436893 50.000000
-0.225695 -0.405898 -0.000059 53.000000
0.574564 0.054783 0.073585 52.000000
0.648208 0.112879 0.094860 52.000000
0.084425 -0.319981 -0.139981 50.000000
0.101609 -0.355166 -0.116251 50.000000
0.216984 -0.121961 -0.082703 50.000000
-0.491630 -0.218517 -0.078612 53.000000
0.157251 -0.266794 -0.123616 50.000000
0.582747 -0.228336 0.008943 50.000000
-0.095592 -0.262702 -0.165347 50.000000
-0.044860 -0.319981 -0.111342 50.000000
-0.656101 0.559650 -0.133435 50.000000
0.407638 -0.402625 -0.082703 51.000000
0.293082 0.571924 0.270786 50.000000
-0.100501 -0.264339 -0.117888 50.000000
0.137613 -0.501635 0.031854 50.000000
-0.424533 -0.130962 -0.081885 50.000000
0.455098 0.553104 0.031036 50.000000
-0.219149 0.568651 0.472079 50.000000
-0.047315 0.575197 0.286333 50.000000
0.478827 -0.062229 -0.108069 52.000000
0.506649 -0.373168 -0.038517 51.000000
-0.280519 0.577652 0.305153 50.000000
0.004236 0.562923 -0.112160 50.000000
-0.080045 -0.461540 0.049856 53.000000
0.498466 -0.297888 -0.086794 51.000000
-0.566092 -0.218517 -0.009878 53.000000
-0.423715 0.012233 -0.089249 50.000000
0.348724 -0.398534 -0.102341 51.000000
0.410912 -0.073684 -0.074520 52.000000
-0.125050 -0.274158 -0.137527 50.000000
0.616295 -0.105596 -0.048336 52.000000
0.087699 0.562105 0.018762 50.000000
-0.482629 -0.218517 -0.048336 53.000000
-0.214240 -0.040954 -0.040971 50.000000
-0.447444 0.260166 0.383706 50.000000
0.075425 -0.145691 -0.134253 50.000000
0.087699 -0.487724 0.032672 50.000000
0.421549 0.571106 -0.075339 50.000000
0.180980 -0.027862 -0.045063 50.000000
0.619568 -0.180058 -0.099886 50.000000
-0.047315 -0.459085 0.028581 50.000000
-0.532543 -0.333891 -0.012332 53.000000
0.315175 0.555559 0.366522 50.000000
-0.360709 -0.331436 -0.054063 53.000000
-0.273973 -0.262702 -0.114615 50.000000
-0.358254 0.560468 0.042491 50.000000
0.709577 -0.128507 -0.011514 52.000000
0.708759 -0.142418 -0.042608 50.000000
0.275081 0.031872 0.061311 52.000000
-0.348435 0.585016 0.280605 50.000000
-0.336160 0.092423 0.096497 50.000000
0.424822 0.562105 -0.061428 50.000000
0.079516 -0.299525 -0.110524 50.000000
-0.456445 0.545740 0.035127 50.000000
0.437096 -0.310980 -0.036062 51.000000
-0.526815 -0.185786 -0.058974 53.000000
0.388000 -0.341255 -0.097431 51.000000
-0.199511 -0.001677 0.011398 50.000000
-0.229787 -0.352711 -0.085976 53.000000
-0.405713 0.231527 0.385343 50.000000
-0.261698 -0.110506 -0.094977 50.000000
-0.309976 0.554741 0.028581 50.000000
-0.616006 -0.409989 0.176686 53.000000
-0.111138 -0.340437 -0.112160 53.000000
0.184254 -0.064684 -0.074520 50.000000
-0.055497 -0.144873 -0.113797 50.000000
0.068060 -0.178422 -0.112160 50.000000
0.018146 0.566196 0.251966 50.000000
0.563927 -0.081049 -0.038517 52.000000
0.397001 0.211889 0.117771 52.000000
0.156433 0.561287 0.170958 50.000000
0.406002 0.579288 -0.124434 50.000000
0.645753 -0.055682 -0.052427 52.000000
0.460007 0.583379 0.121863 50.000000
-0.038313 0.065420 0.069494 50.000000
-0.452354 -0.288069 -0.004968 53.000000
-0.264971 0.035145 0.133318 50.000000
-0.371346 -0.263521 -0.060609 53.000000
0.385546 0.008960 -0.079430 52.000000
0.591748 0.571924 0.238873 50.000000
-0.164326 -0.198060 -0.103977 50.000000
0.393728 0.050691 -0.025424 52.000000
0.057423 -0.122780 -0.111342 50.000000
-0.590640 0.255257 0.071130 50.000000
0.319266 -0.247156 -0.109705 51.000000
-0.363163 -0.445993 0.051492 53.000000
-0.489993 -0.371532 0.022035 53.000000
0.189982 -0.074503 -0.053245 50.000000
-0.149597 0.079330 0.188960 50.000000
0.568837 0.574379 0.012216 50.000000
-0.305885 -0.274158 -0.089249 50.000000
0.008327 -0.124416 -0.132616 50.000000
0.314357 -0.190695 -0.085158 50.000000
-0.218331 0.544921 0.161958 50.000000
-0.553000 0.179159 0.071130 50.000000
-0.404076 -0.274158 -0.067974 53.000000
0.191618 -0.348620 -0.085158 51.000000
0.336450 0.181613 0.109589 52.000000
-0.476901 -0.445993 0.161139 53.000000
0.267716 -0.351074 -0.076975 51.000000
-0.363163 0.573560 0.335429 50.000000
-0.380347 0.058874 -0.071247 50.000000
-0.175781 0.076057 0.166866 50.000000
0.474736 -0.022952 -0.054063 52.000000
0.412548 -0.481178 0.074403 51.000000
0.274262 0.560468 -0.022970 50.000000
0.727579 -0.242246 -0.034425 50.000000
0.291446 0.051510 0.116953 52.000000
-0.586549 0.139882 0.054765 50.000000
-0.467082 -0.239791 -0.114615 53.000000
-0.327160 -0.241428 -0.061428 50.000000
-0.412259 -0.088413 -0.108887 50.000000
-0.153688 -0.308525 -0.094158 50.000000
0.431368 0.527737 0.190597 50.000000
-0.045678 -0.166966 -0.121979 50.000000
0.100791 -0.457449 -0.018878 50.000000
0.099972 0.558014 0.086678 50.000000
0.401092 0.525283 0.191415 50.000000
0.309447 -0.036044 -0.031970 52.000000
-0.304248 -0.009042 -0.072884 50.000000
0.274262 0.560468 -0.022970 50.000000
0.385546 -0.433719 0.001578 51.000000
0.709577 0.564560 -0.115433 50.000000
-0.102138 -0.189059 -0.131798 50.000000
-0.551363 0.201252 0.059675 50.000000
-0.007220 -0.263521 -0.153892 50.000000
-0.161053 -0.099050 -0.067974 50.000000
-0.179054 0.046600 0.129227 50.000000
0.473918 -0.032771 -0.021333 52.000000
0.212893 -0.040135 -0.060609 50.000000
-0.413895 0.071966 -0.058974 50.000000
0.525468 -0.324072 -0.057336 51.000000
-0.534998 0.169340 0.020398 50.000000
0.499284 0.574379 -0.130162 50.000000
0.072970 0.594835 0.240511 50.000000
-0.023585 -0.220971 -0.118706 50.000000
0.341360 -0.063047 -0.088431 52.000000
0.159706 0.592380 0.410709 50.000000
-0.628280 0.558014 0.011398 50.000000
0.294719 -0.454994 0.004033 51.000000
0.384727 -0.012315 -0.044244 52.000000
0.613022 0.569469 -0.061428 50.000000
-0.508814 0.352630 -0.037698 50.000000
0.053332 0.556377 0.046583 50.000000
-0.259244 0.570287 0.071948 50.000000
-0.471992 0.030235 -0.036062 50.000000
0.350361 -0.461540 -0.065519 51.000000
-0.284610 -0.306889 -0.091704 53.000000
-0.485084 -0.287251 -0.030334 53.000000
0.379000 -0.446812 -0.094977 51.000000
0.302083 -0.280704 -0.124434 51.000000
-0.204421 -0.391170 -0.031152 53.000000
0.340542 0.556377 0.072767 50.000000
-0.199511 0.567833 0.274059 50.000000
0.180980 -0.487724 0.005669 51.000000
0.751308 -0.090050 -0.025424 52.000000
-0.372982 0.562105 0.126772 50.000000
0.329085 0.584198 0.351794 50.000000
0.070515 0.551468 0.071948 50.000000
-0.207694 0.550649 0.413164 50.000000
0.503376 -0.375623 -0.011514 51.000000
0.158069 -0.422263 -0.032789 51.000000
-0.186419 -0.208697 -0.104796 50.000000
0.177707 -0.339619 -0.045063 51.000000
-0.616824 -0.184968 0.020398 53.000000
-0.507177 0.407454 -0.067156 50.000000
0.304538 -0.351893 -0.080248 51.000000
0.285718 -0.027862 -0.067974 52.000000
-0.260880 -0.425536 -0.027061 53.000000
-0.347617 -0.099050 -0.080248 50.000000
0.418276 0.002414 -0.025424 52.000000
0.112247 -0.156329 -0.122797 50.000000
0.149886 -0.267612 -0.108069 50.000000
-0.025221 0.044145 -0.007423 50.000000
0.325812 -0.134235 -0.128525 52.000000
0.004236 0.017143 -0.040153 50.000000
0.379818 -0.110506 -0.121161 52.000000
0.131067 -0.486088 0.006488 50.000000
-0.196238 -0.231609 -0.081885 50.000000
-0.219149 -0.385442 -0.093340 53.000000
-0.499813 -0.311798 0.007306 53.000000
-0.193783 -0.054046 -0.071247 50.000000
0.755400 -0.256156 0.017944 51.000000
0.202255 -0.374805 -0.049154 51.000000
0.447734 -0.144873 -0.112160 50.000000
-0.576730 0.228254 0.062948 50.000000
-0.525179 -0.456631 0.139046 53.000000
0.513195 -0.191514 -0.083521 50.000000
-0.227332 -0.425536 -0.032789 53.000000
-0.168417 -0.040135 -0.035243 50.000000
-0.517815 -0.342074 -0.051609 53.000000
-0.434352 0.538375 0.368159 50.000000
0.348724 0.269986 0.087496 50.000000
0.280808 0.030235 0.036764 52.000000
0.619568 -0.180058 -0.099886 50.000000
-0.350071 0.512191 0.440984 50.000000
0.297992 -0.458267 -0.068792 51.000000
-0.182327 -0.447630 -0.044244 53.000000
0.511558 -0.226699 -0.054063 50.000000
-0.558727 0.121880 0.021217 50.000000
0.350361 -0.461540 -0.065519 51.000000
-0.241242 0.008142 0.116953 50.000000
0.035330 -0.355166 -0.104796 50.000000
0.779947 -0.061411 0.026944 52.000000
-0.409804 0.589107 0.483534 50.000000
0.670301 -0.356802 0.000760 51.000000
0.062333 -0.044227 -0.093340 50.000000
0.605658 0.553922 0.075221 50.000000
-0.285429 0.566196 0.022035 50.000000
0.568018 -0.016406 -0.001695 52.000000
-0.525179 0.343629 0.018762 50.000000
-0.408167 0.388633 0.436893 50.000000
0.251351 -0.121961 -0.092522 52.000000
-0.054679 -0.375623 -0.104796 53.000000
-0.443353 0.538375 0.269150 50.000000
-0.623370 -0.136691 0.068675 50.000000
-0.308340 0.544921 0.395162 50.000000
-0.102956 0.085876 0.140682 50.000000
0.218620 -0.200514 -0.117888 50.000000
-0.448262 0.555559 0.103861 50.000000
-0.172508 -0.076957 -0.081066 50.000000
-0.174963 -0.319163 -0.093340 50.000000
0.297992 -0.329800 -0.058974 51.000000
0.592566 0.545740 0.006488 50.000000
-0.228968 -0.144055 -0.094977 50.000000
-0.195420 -0.089231 -0.090885 50.000000
0.345451 0.563741 0.138228 50.000000
0.218620 -0.256975 -0.117070 51.000000
-0.494085 0.548195 0.040037 50.000000
0.143340 -0.200514 -0.134253 50.000000
0.555744 -0.289705 -0.018878 51.000000
-0.305885 -0.252065 -0.087612 50.000000
-0.581639 0.074421 0.021217 50.000000
0.295537 0.553922 -0.085976 50.000000
0.594202 -0.277431 -0.031152 51.000000
0.480464 0.564560 0.057220 50.000000
-0.486720 0.094878 0.008943 50.000000
0.473918 -0.386260 -0.016424 51.000000
-0.158598 0.572742 0.075221 50.000000
-0.502268 -0.119507 -0.076975 50.000000
-0.508814 -0.298706 -0.019697 53.000000
-0.327978 -0.473814 0.076858 53.000000
0.444461 -0.284795 -0.084339 51.000000
-0.227332 -0.198060 -0.052427 50.000000
-0.514542 0.445093 0.013033 50.000000
0.280808 0.556377 0.004033 50.000000
0.045149 -0.332255 -0.110524 50.000000
-0.602914 -0.207060 0.004851 53.000000
0.390455 -0.403443 -0.058155 51.000000
-0.530088 -0.001677 -0.019697 50.000000
0.369181 -0.060592 -0.045881 52.000000
0.558199 0.006505 -0.026243 52.000000
0.296355 0.579288 0.108771 50.000000
0.042695 -0.020497 -0.077793 50.000000
-0.390984 -0.131780 -0.096613 50.000000
0.189163 -0.211971 -0.137527 50.000000
-0.085773 0.553104 0.179141 50.000000
0.170343 -0.200514 -0.073702 50.000000
0.559835 0.110425 0.103861 52.000000
-0.203603 -0.064684 -0.054063 50.000000
-0.358254 -0.077776 -0.108069 50.000000
0.573746 0.549831 0.072767 50.000000
0.049241 0.583379 -0.065519 50.000000
0.487010 -0.417354 -0.087612 51.000000
-0.530907 0.247893 0.383706 50.000000
-0.387711 0.564560 0.217599 50.000000
-0.412259 -0.110506 -0.117070 50.000000
0.648208 -0.228336 -0.070429 50.000000
0.235804 -0.316708 -0.058155 51.000000
-0.438443 -0.297888 -0.047517 53.000000
0.699758 -0.166966 0.001578 50.000000
-0.132414 -0.286432 -0.104796 50.000000
0.275899 -0.179240 -0.089249 50.000000
0.349542 -0.340437 -0.097431 51.000000
0.107337 0.098151 0.113680 50.000000
-0.576730 -0.104778 -0.014787 50.000000
0.180980 -0.027862 -0.045063 50.000000
-0.003947 -0.124416 -0.140800 50.000000
-0.420441 0.249529 0.402526 50.000000
-0.381165 -0.142418 -0.077793 50.000000
0.199801 -0.449266 -0.015605 51.000000
-0.322250 0.545740 -0.067156 50.000000
-0.020312 0.549012 -0.112160 50.000000
0.676028 -0.327345 -0.076975 51.000000
0.496011 0.592380 0.092405 50.000000
0.748035 -0.089231 -0.000877 52.000000
-0.408167 0.499917 0.449985 50.000000
-0.489993 -0.446812 0.166049 53.000000
-0.276428 0.059692 0.130045 50.000000
0.311902 -0.362531 -0.096613 51.000000
-0.462173 0.056419 -0.006605 50.000000
0.275899 -0.291342 -0.128525 51.000000
-0.541544 -0.036044 -0.017242 50.000000
0.030420 -0.323254 -0.068792 50.000000
-0.549727 0.210252 0.038400 50.000000
0.388819 -0.179240 -0.058155 50.000000
0.437096 -0.085140 -0.075339 52.000000
0.732489 -0.166966 -0.027061 50.000000
0.204710 -0.399352 -0.040971 51.000000
-0.559546 0.147246 0.029399 50.000000
-0.295248 -0.377259 -0.052427 53.000000
-0.315704 -0.090868 -0.135071 50.000000
0.189982 -0.189877 -0.090885 50.000000
0.487828 -0.180058 -0.110524 50.000000
-0.338615 -0.387078 -0.058974 53.000000
0.050059 -0.055682 -0.098250 50.000000
0.311084 -0.201333 -0.096613 50.000000
-0.010493 -0.276613 -0.108887 50.000000
-0.422078 0.240528 0.432802 50.000000
0.427277 0.523646 0.228236 50.000000
0.555744 0.592380 0.266695 50.000000
-0.175781 -0.208697 -0.108887 50.000000
0.302901 -0.167784 -0.084339 50.000000
0.379000 -0.122780 -0.123616 52.000000
-0.017039 0.030235 -0.025424 50.000000
-0.044860 0.557195 -0.121979 50.000000
-0.494903 0.323173 0.097315 50.000000
0.407638 0.244620 0.145592 52.000000
0.478827 -0.299525 -0.033607 51.000000
-0.497358 -0.276613 -0.014787 53.000000
-0.435170 -0.054046 -0.083521 50.000000
-0.116048 -0.412444 -0.058155 53.000000
-0.662647 0.562105 -0.093340 50.000000
-0.499813 0.108788 0.024490 50.000000
-0.435989 0.036781 -0.070429 50.000000
0.074606 -0.021316 -0.091704 50.000000
-0.381165 -0.120325 -0.078612 50.000000
-0.448262 0.074421 -0.046699 50.000000
-0.413077 0.553922 -0.120343 50.000000
0.014055 -0.388715 -0.097431 50.000000
-0.165144 -0.329800 -0.106432 53.000000
-0.228968 -0.330618 -0.074520 53.000000
0.135976 -0.291342 -0.067974 50.000000
0.069697 -0.144873 -0.103977 50.000000
-0.202784 -0.052409 -0.042608 50.000000
-0.305067 -0.121961 -0.096613 50.000000
-0.575093 -0.373986 0.049037 53.000000
0.482100 -0.131780 -0.062247 52.000000
-0.327160 -0.132599 -0.098250 50.000000
0.506649 -0.373168 -0.038517 51.000000
-0.061225 -0.099869 -0.081885 50.000000
-0.423715 0.558014 -0.142436 50.000000
0.042695 -0.210333 -0.124434 50.000000
0.011600 -0.298706 -0.111342 50.000000
-0.524361 0.559650 -0.044244 50.000000
-0.523542 0.375541 -0.004968 50.000000
0.048422 -0.122780 -0.100704 50.000000
0.577837 0.546558 -0.031970 50.000000
-0.300157 0.101424 0.161139 50.000000
0.383091 -0.294615 -0.109705 51.000000
-0.337797 -0.197241 -0.063064 50.000000
0.449370 -0.225881 -0.106432 50.000000
0.253805 -0.167784 -0.081885 50.000000
0.170343 0.577652 0.312517 50.000000
0.433005 0.014688 -0.025424 52.000000
-0.544817 -0.322436 -0.004968 53.000000
0.470645 0.164429 0.132500 52.000000
-0.239606 -0.364986 -0.066337 53.000000
0.301265 0.577652 0.499899 50.000000
-0.548908 -0.240610 -0.063064 53.000000
-0.093137 0.541648 -0.015605 50.000000
-0.576730 0.069511 0.077676 50.000000
0.503376 -0.375623 -0.011514 51.000000
-0.102138 0.049055 0.040855 50.000000
0.545925 -0.313435 -0.040971 51.000000
0.230076 0.090787 0.135773 52.000000
-0.305885 -0.263521 -0.083521 50.000000
0.376545 -0.121143 -0.094158 52.000000
-0.471174 0.415636 0.098133 50.000000
0.286536 -0.015588 -0.067156 52.000000
-0.524361 0.316626 0.013033 50.000000
-0.175781 -0.155511 -0.112160 50.000000
-0.380347 0.058874 -0.071247 50.000000
0.428095 -0.109688 -0.095795 52.000000
-0.336160 0.024507 -0.072884 50.000000
-0.025221 -0.210333 -0.129343 50.000000
-0.507996 0.079330 -0.018060 50.000000
-0.218331 0.559650 0.162776 50.000000
-0.485084 -0.241428 -0.025424 53.000000
0.120429 0.579288 -0.017242 50.000000
0.793040 -0.022134 0.018762 52.000000
-0.317340 -0.463995 0.095678 53.000000
-0.346798 0.008960 -0.113797 50.000000
-0.019493 0.070330 0.111225 50.000000
-0.521906 0.131699 0.011398 50.000000
-0.175781 -0.188241 -0.108069 50.000000
-0.161871 -0.220971 -0.067974 50.000000
-0.239606 0.048237 0.139046 50.000000
-0.440898 0.553104 0.224963 50.000000
0.085244 -0.189877 -0.136708 50.000000
-0.101319 -0.123598 -0.130162 50.000000
-0.454808 0.472096 0.243784 50.000000
-0.027676 -0.378896 -0.075339 50.000000
-0.172508 -0.110506 -0.072884 50.000000
0.568837 -0.314253 -0.022151 51.000000
0.364271 0.096514 -0.040971 52.000000
-0.594731 0.000777 0.125954 50.000000
-0.327160 -0.154692 -0.098250 50.000000
0.198982 -0.179240 -0.103159 50.000000
-0.113593 -0.220153 -0.134253 50.000000
0.084425 -0.401807 -0.093340 50.000000
-0.273155 -0.286432 -0.074520 50.000000
0.018146 0.007323 -0.025424 50.000000
-0.537453 0.535920 -0.144072 50.000000
-0.314886 -0.031135 -0.065519 50.000000
-0.500631 0.122698 0.035127 50.000000
-0.539089 -0.004132 -0.040971 50.000000
-0.107047 -0.468904 0.021217 53.000000
-0.541544 -0.058955 -0.018060 50.000000
0.177707 -0.156329 -0.094977 50.000000
-0.386074 -0.430446 0.019580 53.000000
0.391273 0.488461 0.170140 50.000000
0.387182 0.511372 0.249512 50.000000
0.148250 0.008142 -0.033607 50.000000
0.118793 -0.431264 -0.044244 50.000000
-0.028494 0.553104 0.218417 50.000000
-0.441716 -0.311798 -0.000877 53.000000
-0.249425 -0.087595 -0.072884 50.000000
-0.132414 -0.286432 -0.104796 50.000000
0.331540 -0.122780 -0.113797 52.000000
-0.134050 -0.464813 -0.009878 53.000000
0.271808 -0.235700 -0.100704 50.000000
-0.479356 0.522828 0.007306 50.000000
-0.257607 -0.013951 0.003215 50.000000
-0.283792 -0.274976 -0.075339 50.000000
0.338905 0.575197 -0.037698 50.000000
0.270989 -0.450085 -0.030334 51.000000
-0.206057 -0.320799 -0.058974 50.000000
0.368362 0.453276 0.152138 50.000000
0.282445 0.584198 0.000760 50.000000
0.460007 0.583379 0.121863 50.000000
-0.379528 0.450003 0.439348 50.000000
0.033694 0.014688 -0.068792 50.000000
-0.119322 0.549012 0.257694 50.000000
0.761946 -0.345347 -0.031970 51.000000
-0.462991 -0.456631 0.138228 53.000000
0.164615 0.559650 0.080131 50.000000
0.336450 -0.027043 -0.069610 52.000000
0.531196 -0.166966 -0.042608 50.000000
-0.465446 0.391906 0.446712 50.000000
-0.350071 0.520373 0.415618 50.000000
0.424822 0.016324 -0.011514 52.000000
-0.308340 0.508918 0.430347 50.000000
-0.178236 -0.442720 0.010579 53.000000
-0.227332 0.035963 0.147228 50.000000
-0.598004 -0.184968 -0.031970 53.000000
-0.316522 -0.165330 -0.079430 50.000000
0.732489 -0.153874 0.003215 50.000000
-0.393439 -0.341255 -0.074520 53.000000
-0.114411 0.558014 0.152138 50.000000
-0.217513 -0.242246 -0.074520 50.000000
0.658845 0.130063 0.116135 52.000000
-0.459718 -0.175149 -0.055700 53.000000
0.150705 -0.211971 -0.103159 50.000000
0.424822 0.101424 -0.022970 52.000000
0.277535 0.088331 0.111225 52.000000
-0.470355 0.373904 0.091586 50.000000
-0.514542 -0.140782 -0.066337 50.000000
0.684211 0.518737 -0.022151 50.000000
-0.286247 0.582561 -0.042608 50.000000
0.063151 -0.254520 -0.133435 50.000000
0.243986 -0.121143 -0.074520 52.000000
0.455098 0.005687 -0.002513 52.000000
0.410912 -0.073684 -0.074520 52.000000
0.189982 -0.111324 -0.095795 50.000000
-0.203603 0.046600 0.124317 50.000000
0.344633 -0.282340 -0.108069 51.000000
0.505012 0.536738 0.053129 50.000000
0.753763 0.557195 -0.020515 50.000000
-0.556273 -0.162057 0.009760 53.000000
0.553289 -0.056500 -0.031152 52.000000
0.446097 0.063784 -0.032789 52.000000
-0.363982 0.578470 0.400072 50.000000
-0.578366 0.542467 0.014671 50.000000
-0.426988 -0.263521 -0.058974 53.000000
0.065606 -0.288069 -0.121161 50.000000
-0.402440 0.013051 -0.080248 50.000000
-0.096410 -0.229972 -0.175166 50.000000
0.354452 0.399271 0.167685 50.000000
0.555744 0.078512 0.062129 52.000000
