0.487828 -0.180058 -0.110524 50.000000
0.666209 0.074421 0.106316 52.000000
0.001781 -0.090050 -0.110524 50.000000
0.607294 0.584198 0.030217 50.000000
-0.673284 0.548195 -0.096613 50.000000
-0.443353 0.523646 0.272423 50.000000
0.000145 -0.112142 -0.117888 50.000000
-0.280519 0.577652 0.305153 50.000000
0.258716 -0.449266 -0.030334 51.000000
0.333996 0.566196 -0.138344 50.000000
-0.027676 -0.328982 -0.144890 50.000000
-0.107047 -0.121961 -0.088431 50.000000
0.494375 -0.348620 -0.032789 51.000000
-0.460536 0.100606 -0.029516 50.000000
0.496830 0.551468 0.200416 50.000000
0.444461 -0.284795 -0.084339 51.000000
-0.033404 -0.342074 -0.110524 50.000000
0.574564 0.054783 0.073585 52.000000
-0.435989 -0.273340 -0.088431 53.000000
-0.260880 -0.425536 -0.027061 53.000000
-0.268245 0.576833 0.256876 50.000000
0.476372 0.116971 0.076858 52.000000
0.275899 -0.292978 -0.090067 51.000000
0.028784 0.573560 0.227418 50.000000
0.360180 0.566196 0.188960 50.000000
-0.442535 -0.346983 0.009760 53.000000
0.056605 -0.112142 -0.115433 50.000000
-0.383620 -0.387897 -0.048336 53.000000
0.300447 -0.156329 -0.092522 50.000000
0.194891 -0.337982 -0.073702 51.000000
0.269353 0.560468 -0.136708 50.000000
-0.673284 0.548195 -0.096613 50.000000
0.000963 -0.364986 -0.108069 50.000000
0.662936 -0.396079 0.015489 51.000000
0.338087 0.012233 -0.027879 52.000000
-0.107047 -0.055682 -0.090067 50.000000
0.608931 -0.104778 -0.033607 52.000000
-0.458081 0.526101 0.059675 50.000000
-0.563637 -0.309344 -0.043426 53.000000
0.498466 -0.300343 -0.020515 51.000000
-0.477720 0.541648 -0.015605 50.000000
0.013237 0.568651 0.216781 50.000000
0.180980 -0.487724 0.005669 51.000000
-0.479356 0.474551 0.023671 50.000000
0.668664 0.546558 0.076040 50.000000
-0.435170 0.368995 0.413982 50.000000
0.324176 -0.416535 -0.024606 51.000000
0.272626 -0.498362 0.058038 51.000000
-0.627461 -0.346165 0.170140 53.000000
-0.106229 -0.366622 -0.067974 50.000000
0.150705 -0.436174 -0.010696 51.000000
-0.105411 0.568651 0.100588 50.000000
-0.067771 -0.018861 -0.053245 50.000000
0.360180 0.557195 -0.134253 50.000000
-0.445808 -0.131780 -0.094977 50.000000
0.050877 0.083422 0.014671 50.000000
0.036967 -0.255338 -0.094158 50.000000
-0.538271 -0.252065 -0.055700 53.000000
-0.012947 0.558832 0.232328 50.000000
-0.240424 -0.144055 -0.112978 50.000000
-0.414713 -0.175149 -0.068792 53.000000
0.242350 -0.201333 -0.119524 50.000000
-0.401621 -0.468086 0.134955 53.000000
-0.020312 0.558832 0.063766 50.000000
0.239077 0.064602 0.022853 52.000000
-0.217513 -0.132599 -0.085158 50.000000
0.509922 -0.226699 -0.091704 50.000000
-0.499813 0.323173 0.151320 50.000000
0.719397 -0.229972 0.008943 50.000000
-0.525179 -0.431264 0.140682 53.000000
-0.282156 -0.130962 -0.044244 50.000000
0.388000 -0.155511 -0.061428 50.000000
-0.403258 -0.240610 -0.091704 53.000000
0.400274 -0.121143 -0.099068 52.000000
-0.476901 0.364085 0.007306 50.000000
0.415003 0.073603 -0.044244 52.000000
0.771765 0.566196 0.155411 50.000000
0.063151 -0.342074 -0.135071 50.000000
-0.261698 -0.274976 -0.075339 50.000000
0.248896 -0.438629 -0.018878 51.000000
0.517286 -0.385442 -0.046699 51.000000
0.418276 0.290442 0.166866 50.000000
0.570473 -0.299525 -0.082703 51.000000
-0.285429 0.566196 0.022035 50.000000
-0.300975 0.084240 0.130045 50.000000
0.094245 -0.311798 -0.097431 50.000000
0.380636 -0.213607 -0.079430 50.000000
0.392910 0.398453 0.154593 50.000000
-0.251879 -0.408353 -0.079430 53.000000
-0.382801 -0.319163 -0.063882 53.000000
0.018146 -0.021316 -0.087612 50.000000
-0.179054 0.046600 0.129227 50.000000
0.059878 0.004869 -0.053245 50.000000
0.238259 0.551468 -0.153892 50.000000
0.348724 0.071148 -0.043426 52.000000
-0.308340 0.564560 0.264240 50.000000
0.720215 0.559650 -0.091704 50.000000
-0.035858 -0.297070 -0.124434 50.000000
-0.260880 -0.391170 -0.026243 53.000000
0.366726 -0.013133 -0.056518 52.000000
-0.054679 0.004869 -0.045063 50.000000
-0.617642 -0.161238 0.025308 53.000000
-0.326341 -0.066320 -0.090885 50.000000
0.509922 0.004050 -0.037698 52.000000
0.042695 -0.210333 -0.124434 50.000000
-0.531725 0.196342 0.101406 50.000000
-0.439262 0.515464 0.502354 50.000000
-0.219149 -0.306889 -0.100704 50.000000
-0.546454 -0.404262 0.112862 53.000000
0.014873 -0.453358 -0.029516 50.000000
-0.415532 -0.308525 -0.063064 53.000000
-0.419623 0.125972 0.067857 50.000000
0.685029 -0.342892 -0.029516 51.000000
0.290627 -0.316708 -0.082703 51.000000
-0.571819 -0.324890 0.026126 53.000000
-0.495721 0.032690 -0.018878 50.000000
-0.327978 -0.456631 0.036764 53.000000
0.126975 -0.349438 -0.057336 51.000000
-0.091500 -0.394443 -0.131798 53.000000
0.086062 0.576015 0.422164 50.000000
0.407638 -0.402625 -0.082703 51.000000
0.519741 0.553104 0.008124 50.000000
0.326631 0.101424 0.003215 52.000000
0.774219 -0.030316 0.107952 52.000000
0.289809 0.564560 0.199597 50.000000
-0.576730 0.106333 0.077676 50.000000
0.474736 -0.022952 -0.054063 52.000000
-0.537453 0.558014 -0.153073 50.000000
-0.092319 -0.031135 -0.062247 50.000000
0.153159 0.094878 0.087496 50.000000
-0.546454 -0.404262 0.112862 53.000000
-0.544817 0.553104 0.048219 50.000000
0.392910 -0.260248 -0.081066 51.000000
-0.464627 -0.346165 -0.001695 53.000000
-0.572638 0.076876 0.042491 50.000000
0.369999 0.466368 0.256058 50.000000
-0.564455 -0.275794 -0.027061 53.000000
-0.413895 -0.196423 -0.076975 53.000000
-0.037495 -0.424718 -0.063882 50.000000
0.595021 0.603017 0.238056 50.000000
-0.672466 0.129245 0.134136 50.000000
0.329085 -0.304434 -0.117888 51.000000
0.254624 -0.064684 -0.085976 52.000000
0.237440 0.544921 0.293697 50.000000
0.210438 -0.327345 -0.061428 51.000000
0.351997 0.584198 0.154593 50.000000
-0.480993 -0.421445 0.045764 53.000000
-0.219968 -0.188241 -0.119524 50.000000
-0.138142 0.544103 0.032672 50.000000
-0.066135 0.004869 -0.045063 50.000000
-0.294429 -0.263521 -0.076975 50.000000
0.358543 0.441820 0.220872 50.000000
-0.392620 0.609563 0.398435 50.000000
0.649844 -0.241428 -0.036880 50.000000
0.177707 -0.497543 -0.009878 51.000000
-0.462991 0.323173 0.403345 50.000000
0.099154 -0.135053 -0.130980 50.000000
0.233349 0.590744 0.072767 50.000000
0.104064 0.549012 0.547359 50.000000
0.513195 -0.031953 -0.027061 52.000000
0.231713 0.571106 0.015489 50.000000
-0.527634 -0.117870 -0.045881 50.000000
0.488647 -0.034408 -0.053245 52.000000
-0.187237 -0.471359 0.050674 53.000000
0.602385 0.039236 0.038400 52.000000
0.224348 -0.048318 -0.017242 52.000000
0.595021 0.603017 0.238056 50.000000
-0.038313 0.065420 0.069494 50.000000
-0.552181 0.008960 -0.031970 50.000000
-0.504723 0.309262 0.404163 50.000000
0.442824 -0.237337 -0.090067 50.000000
0.648208 -0.278249 -0.040971 51.000000
0.739853 0.555559 0.239692 50.000000
-0.446626 -0.196423 -0.083521 53.000000
-0.581639 -0.219335 0.017944 53.000000
-0.482629 0.098969 -0.041790 50.000000
0.369999 0.466368 0.256058 50.000000
-0.590640 -0.459904 0.167685 53.000000
-0.461354 -0.264339 -0.042608 53.000000
-0.532543 -0.322436 -0.009878 53.000000
0.284081 0.577652 0.062948 50.000000
-0.445808 -0.399352 0.065402 53.000000
0.041058 -0.414081 -0.077793 50.000000
0.071333 -0.179240 -0.151437 50.000000
-0.337797 -0.295433 -0.100704 53.000000
-0.207694 -0.242246 -0.091704 50.000000
0.476372 0.116971 0.076858 52.000000
-0.051406 -0.388715 -0.085158 50.000000
0.282445 -0.098232 -0.073702 52.000000
0.441188 -0.048318 -0.068792 52.000000
0.427277 -0.049136 -0.068792 52.000000
-0.514542 -0.085140 -0.062247 50.000000
0.302083 0.585834 0.364886 50.000000
-0.227332 -0.131780 -0.070429 50.000000
-0.077590 -0.017224 -0.036880 50.000000
-0.541544 0.291260 0.067039 50.000000
-0.206876 -0.198060 -0.080248 50.000000
0.501739 0.103879 0.069494 52.000000
-0.594731 0.000777 0.125954 50.000000
0.204710 0.053146 0.040855 52.000000
0.356088 0.045782 -0.056518 52.000000
0.118793 -0.044227 -0.099886 50.000000
-0.490812 0.408272 0.023671 50.000000
0.204710 -0.410808 -0.040153 51.000000
-0.135687 -0.416535 -0.022970 53.000000
0.711214 -0.279886 -0.036880 51.000000
0.049241 -0.100687 -0.095795 50.000000
-0.531725 -0.265157 -0.013151 53.000000
-0.111957 0.542467 0.191415 50.000000
0.485373 -0.238155 -0.084339 50.000000
-0.432716 0.545740 0.341975 50.000000
0.762764 -0.390351 0.058038 51.000000
0.353634 -0.025407 -0.056518 52.000000
-0.536635 0.098969 0.035945 50.000000
0.149886 -0.522092 0.084223 51.000000
0.399456 0.509736 0.188960 50.000000
0.198164 -0.490179 0.022853 51.000000
0.197346 0.055601 0.060493 52.000000
-0.538271 0.211071 0.046583 50.000000
-0.358254 -0.165330 -0.106432 50.000000
-0.615188 0.143155 -0.004968 50.000000
0.099972 -0.421445 -0.019697 50.000000
-0.182327 -0.087595 -0.066337 50.000000
-0.548090 0.122698 0.030217 50.000000
0.284081 -0.438629 -0.028697 51.000000
-0.454808 0.136609 0.050674 50.000000
-0.471992 0.443457 0.098951 50.000000
-0.261698 -0.274976 -0.075339 50.000000
-0.348435 0.093241 0.101406 50.000000
0.039422 -0.157147 -0.141617 50.000000
-0.021130 -0.035226 -0.117070 50.000000
-0.261698 -0.176785 -0.082703 50.000000
-0.412259 0.520373 0.171777 50.000000
-0.372164 -0.364167 -0.067156 53.000000
-0.059589 -0.054046 -0.071247 50.000000
-0.272337 -0.219335 -0.079430 50.000000
0.350361 0.576833 0.003215 50.000000
0.140067 -0.279067 -0.099886 51.000000
-0.447444 0.260166 0.383706 50.000000
-0.654464 -0.232427 0.109589 53.000000
-0.251061 -0.241428 -0.081885 50.000000
-0.456445 0.545740 0.035127 50.000000
0.267716 0.572742 0.053947 50.000000
0.662936 0.571106 -0.118706 50.000000
0.224348 0.546558 0.519537 50.000000
0.766037 -0.061411 0.031854 52.000000
0.546743 0.578470 0.031854 50.000000
0.599112 -0.277431 -0.050790 51.000000
0.230894 0.071966 0.087496 52.000000
0.392910 -0.444357 -0.018878 51.000000
0.063151 -0.342074 -0.135071 50.000000
0.176071 -0.099869 -0.104796 52.000000
-0.295248 -0.219335 -0.106432 50.000000
0.343815 0.481097 0.157048 50.000000
-0.412259 -0.033589 -0.108069 50.000000
0.648208 0.112879 0.094860 52.000000
-0.501450 0.257712 0.364886 50.000000
-0.413077 0.553922 -0.120343 50.000000
0.473918 -0.386260 -0.016424 51.000000
-0.454808 -0.067138 -0.125252 50.000000
0.302901 -0.257793 -0.119524 51.000000
0.781584 -0.269248 0.006488 50.000000
-0.465446 0.391906 0.446712 50.000000
-0.539908 0.274895 0.050674 50.000000
-0.028494 -0.443539 -0.007423 50.000000
-0.415532 0.537556 -0.057336 50.000000
0.234986 -0.302798 -0.102341 51.000000
-0.253516 0.589107 0.292061 50.000000
-0.336160 0.077694 0.072767 50.000000
-0.535816 -0.174330 -0.076157 53.000000
-0.102956 0.545740 -0.112160 50.000000
0.755400 0.009778 0.099770 52.000000
-0.395893 -0.368259 -0.017242 53.000000
-0.524361 0.559650 -0.044244 50.000000
-0.560364 0.052328 0.041673 50.000000
-0.539908 0.274895 0.050674 50.000000
-0.529270 0.478642 0.033490 50.000000
-0.661010 0.586652 -0.030334 50.000000
-0.424533 -0.053227 -0.077793 50.000000
-0.115230 -0.273340 -0.150619 50.000000
-0.520269 -0.437811 0.089132 53.000000
-0.485902 -0.281522 -0.153892 53.000000
-0.503086 0.233163 0.385343 50.000000
0.761946 -0.142418 -0.060609 50.000000
-0.155325 0.525283 0.143137 50.000000
0.747217 0.571106 0.029399 50.000000
0.644117 0.543284 0.344430 50.000000
-0.583276 -0.324890 0.022853 53.000000
0.762764 -0.390351 0.058038 51.000000
-0.519451 0.285532 0.098133 50.000000
-0.452354 -0.265157 -0.008241 53.000000
0.197346 0.055601 0.060493 52.000000
-0.400803 -0.001677 -0.116251 50.000000
-0.359890 -0.285613 -0.065519 53.000000
-0.369709 0.563741 -0.022970 50.000000
0.041876 -0.479542 -0.015605 50.000000
0.468190 -0.358439 -0.063882 51.000000
-0.119322 -0.133417 -0.094977 50.000000
-0.336979 -0.088413 -0.086794 50.000000
-0.012129 -0.330618 -0.117070 50.000000
-0.125050 -0.274158 -0.137527 50.000000
-0.149597 -0.109688 -0.063064 50.000000
0.671937 -0.154692 -0.055700 50.000000
0.249714 0.569469 -0.069610 50.000000
-0.457263 0.510554 0.053129 50.000000
-0.194602 -0.321617 -0.054882 50.000000
0.762764 -0.192332 -0.029516 50.000000
-0.564455 -0.471359 0.153775 53.000000
0.406002 0.555559 0.008943 50.000000
-0.432716 0.545740 0.341975 50.000000
-0.058770 0.559650 -0.042608 50.000000
0.392092 0.022053 -0.064701 52.000000
-0.435170 0.058874 -0.076157 50.000000
-0.578366 -0.265157 -0.009878 53.000000
0.015691 -0.067138 -0.095795 50.000000
0.595021 -0.291342 0.003215 51.000000
-0.043223 0.553104 0.090769 50.000000
0.428095 -0.109688 -0.095795 52.000000
0.466553 -0.167784 -0.097431 50.000000
0.703849 -0.355984 -0.024606 51.000000
0.460007 -0.191514 -0.080248 50.000000
-0.381165 -0.053227 -0.066337 50.000000
0.757854 0.013051 0.135773 52.000000
-0.327978 -0.369077 -0.009878 53.000000
-0.067771 -0.198878 -0.121161 50.000000
-0.489175 0.289624 0.381251 50.000000
0.351179 -0.352711 -0.092522 51.000000
-0.451535 -0.344528 -0.028697 53.000000
-0.481811 0.040054 -0.049154 50.000000
0.373272 -0.035226 -0.036062 52.000000
-0.360709 -0.319981 -0.061428 53.000000
0.054150 -0.221790 -0.121979 50.000000
0.411730 -0.026225 -0.076975 52.000000
0.012418 -0.428809 -0.044244 50.000000
-0.269882 0.576833 0.171777 50.000000
-0.512905 -0.229154 -0.090885 53.000000
0.658845 -0.203787 -0.019697 50.000000
-0.098865 -0.231609 -0.100704 50.000000
-0.587367 -0.361712 0.049856 53.000000
-0.476083 -0.207060 -0.127707 53.000000
0.005054 0.576015 -0.114615 50.000000
0.310266 -0.050773 -0.067974 52.000000
0.514831 -0.191514 -0.047517 50.000000
0.410912 -0.260248 -0.102341 51.000000
0.622841 -0.067957 -0.037698 52.000000
-0.461354 0.259348 0.377978 50.000000
-0.598822 -0.326527 0.053129 53.000000
0.410094 -0.086777 -0.110524 52.000000
-0.040768 0.541648 0.229054 50.000000
-0.062862 -0.354347 -0.085158 50.000000
0.279172 -0.460722 -0.047517 51.000000
-0.143051 -0.329800 -0.103977 50.000000
-0.307521 0.574379 0.389434 50.000000
0.033694 -0.008223 -0.066337 50.000000
-0.264971 0.035145 0.133318 50.000000
-0.391802 -0.153874 -0.094158 50.000000
-0.313249 0.105515 0.103043 50.000000
-0.479356 -0.163693 -0.082703 53.000000
-0.582457 -0.161238 0.032672 53.000000
0.199801 -0.224245 -0.052427 50.000000
-0.089864 -0.252883 -0.116251 50.000000
-0.261698 -0.230791 -0.067974 50.000000
-0.560364 -0.184968 -0.056518 53.000000
0.227621 0.569469 0.377978 50.000000
-0.273973 -0.362531 -0.095795 53.000000
-0.394257 -0.320799 -0.043426 53.000000
-0.449899 0.402544 0.427892 50.000000
0.261989 0.044145 0.061311 52.000000
-0.505541 -0.106415 -0.035243 50.000000
0.114702 -0.243883 -0.157983 50.000000
-0.048133 -0.021316 -0.077793 50.000000
0.014055 -0.288069 -0.095795 50.000000
0.581929 -0.228336 -0.024606 50.000000
0.460007 0.056419 0.004033 52.000000
-0.153688 -0.308525 -0.094158 50.000000
-0.607823 -0.090050 0.043310 50.000000
-0.205239 -0.087595 -0.065519 50.000000
-0.327160 -0.208697 -0.075339 50.000000
0.180162 -0.382169 -0.086794 51.000000
-0.357436 -0.067957 -0.121979 50.000000
-0.305067 -0.175967 -0.081066 50.000000
-0.434352 0.220890 0.405799 50.000000
-0.073499 -0.355166 -0.074520 50.000000
0.069697 -0.134235 -0.105614 50.000000
-0.627461 0.182432 0.080949 50.000000
0.568837 0.574379 0.012216 50.000000
0.697303 0.553104 0.302698 50.000000
-0.573456 0.089968 0.048219 50.000000
0.136794 0.549012 0.013033 50.000000
-0.260062 -0.153874 -0.050790 50.000000
0.008327 -0.124416 -0.132616 50.000000
0.270171 -0.109688 -0.071247 52.000000
0.023874 -0.298706 -0.104796 50.000000
0.097518 -0.054864 -0.092522 50.000000
-0.431897 0.268349 0.350976 50.000000
-0.547272 0.157883 0.022853 50.000000
-0.296884 0.569469 0.068675 50.000000
-0.216695 -0.088413 -0.084339 50.000000
0.167888 0.071148 0.096497 50.000000
-0.327160 -0.197241 -0.084339 50.000000
-0.473628 -0.309344 -0.033607 53.000000
-0.261698 -0.274976 -0.075339 50.000000
-0.582457 0.527737 0.049856 50.000000
-0.305067 -0.088413 -0.092522 50.000000
-0.432716 0.561287 0.041673 50.000000
-0.539908 0.251984 0.059675 50.000000
-0.260880 -0.253702 -0.045881 50.000000
0.144159 -0.123598 -0.135071 50.000000
-0.471174 -0.351893 -0.072884 53.000000
-0.405713 0.231527 0.385343 50.000000
0.077061 -0.310162 -0.121161 50.000000
0.589293 -0.054864 -0.015605 52.000000
-0.140596 -0.231609 -0.083521 50.000000
0.607294 -0.263521 -0.094977 51.000000
0.435460 0.559650 -0.149800 50.000000
-0.598004 -0.184968 -0.031970 53.000000
0.540197 -0.044227 -0.030334 52.000000
-0.305885 -0.274158 -0.089249 50.000000
-0.447444 -0.141600 -0.068792 50.000000
0.075425 0.585834 0.258512 50.000000
-0.134050 -0.394443 -0.119524 53.000000
-0.621734 0.090787 0.049856 50.000000
0.205528 0.570287 0.018762 50.000000
-0.680649 0.552286 0.025308 50.000000
0.346269 0.568651 -0.099068 50.000000
-0.459718 -0.175149 -0.055700 53.000000
0.727579 -0.302798 -0.094158 51.000000
-0.327160 -0.241428 -0.061428 50.000000
0.581110 -0.265975 0.005669 51.000000
-0.316522 -0.197241 -0.090885 50.000000
-0.557909 0.542467 0.056402 50.000000
-0.480993 -0.006587 -0.058155 50.000000
-0.402440 -0.087595 -0.090885 50.000000
0.364271 -0.098232 -0.094977 52.000000
-0.099683 -0.363349 -0.107251 50.000000
-0.172508 -0.132599 -0.075339 50.000000
0.418276 -0.062229 -0.091704 52.000000
-0.381983 -0.241428 -0.060609 53.000000
-0.073499 -0.045045 -0.093340 50.000000
0.680120 -0.009860 0.045764 52.000000
0.268535 0.071966 0.080949 52.000000
-0.542362 0.132518 0.094042 50.000000
-0.452354 -0.288069 -0.004968 53.000000
-0.107047 -0.133417 -0.087612 50.000000
-0.423715 0.354266 0.481898 50.000000
-0.461354 -0.264339 -0.042608 53.000000
0.755400 -0.256156 0.017944 50.000000
0.628569 0.513827 0.356703 50.000000
-0.012947 -0.064684 -0.061428 50.000000
-0.458081 -0.052409 -0.069610 50.000000
0.487828 -0.084322 -0.082703 52.000000
0.133521 -0.121961 -0.081066 50.000000
-0.425351 0.560468 0.161139 50.000000
0.018146 -0.102323 -0.141617 50.000000
0.040240 -0.454994 -0.021333 50.000000
0.553289 0.112879 0.123499 52.000000
0.820861 -0.059773 0.041673 50.000000
-0.544817 0.553104 0.048219 50.000000
-0.204421 0.553922 0.188142 50.000000
0.644935 -0.413262 0.074403 51.000000
0.221075 0.582561 -0.137527 50.000000
-0.350890 -0.414899 -0.012332 53.000000
-0.237969 0.574379 0.341157 50.000000
0.388819 -0.179240 -0.058155 50.000000
-0.192965 -0.357621 -0.027061 53.000000
-0.347617 -0.153874 -0.090067 50.000000
-0.085773 0.077694 0.075221 50.000000
-0.272337 -0.100687 -0.110524 50.000000
-0.480993 -0.040135 -0.057336 50.000000
-0.350071 0.560468 0.444257 50.000000
-0.305885 -0.354347 -0.057336 53.000000
-0.023585 -0.145691 -0.121161 50.000000
0.286536 -0.283159 -0.053245 51.000000
0.457553 -0.261066 -0.085976 51.000000
0.419913 -0.168603 -0.114615 50.000000
0.065606 0.580106 0.288788 50.000000
0.189982 -0.189877 -0.090885 50.000000
-0.371346 -0.297070 -0.058974 53.000000
-0.260880 0.576833 0.013852 50.000000
0.089335 0.567014 -0.043426 50.000000
-0.010493 -0.220971 -0.108069 50.000000
-0.126686 -0.198878 -0.154710 50.000000
-0.481811 0.432819 0.063766 50.000000
0.212074 -0.478723 -0.066337 51.000000
-0.672466 0.129245 0.134136 50.000000
0.592566 0.562923 0.157866 50.000000
0.536106 0.035145 0.019580 52.000000
0.008327 -0.124416 -0.132616 50.000000
0.632660 -0.266794 -0.009878 51.000000
0.137613 -0.112142 -0.112978 50.000000
0.356907 -0.201333 -0.110524 50.000000
0.060696 0.544921 0.014671 50.000000
-0.336979 -0.132599 -0.106432 50.000000
-0.066953 -0.330618 -0.112160 50.000000
0.059060 -0.211152 -0.098250 50.000000
0.134340 -0.167784 -0.126070 50.000000
0.058241 -0.178422 -0.106432 50.000000
-0.608642 -0.104778 -0.035243 50.000000
-0.283792 -0.389533 -0.043426 53.000000
0.194073 -0.041772 -0.084339 52.000000
-0.403258 -0.240610 -0.091704 53.000000
0.195709 0.573560 0.295334 50.000000
0.021419 -0.254520 -0.116251 50.000000
-0.604550 -0.386260 0.189778 53.000000
-0.604550 -0.067957 0.016306 50.000000
-0.378710 0.536738 0.417255 50.000000
0.123702 0.576015 0.468806 50.000000
-0.010493 0.004050 -0.054882 50.000000
-0.333706 0.534283 -0.063882 50.000000
-0.151234 0.546558 -0.138344 50.000000
0.496830 0.551468 0.200416 50.000000
0.618750 -0.153874 0.022035 50.000000
-0.087409 0.565378 0.306789 50.000000
-0.153688 -0.134235 -0.112978 50.000000
0.061514 -0.407535 -0.030334 50.000000
0.438733 -0.213607 -0.131798 50.000000
-0.282156 -0.021316 -0.081885 50.000000
0.497648 -0.274158 -0.087612 51.000000
-0.534180 0.429546 0.092405 50.000000
-0.040768 0.110425 0.131682 50.000000
-0.238787 0.545740 -0.032789 50.000000
-0.527634 -0.195605 -0.046699 53.000000
-0.204421 -0.098232 -0.062247 50.000000
0.364271 0.448366 0.188960 50.000000
0.218620 -0.256975 -0.117070 51.000000
-0.349253 -0.307707 -0.076157 53.000000
-0.392620 -0.229972 -0.063882 53.000000
-0.260880 -0.054864 -0.085976 50.000000
-0.305067 -0.144055 -0.117888 50.000000
-0.012947 0.550649 -0.143254 50.000000
0.658845 -0.203787 -0.019697 50.000000
0.627751 -0.074503 0.070312 52.000000
0.336450 -0.144055 -0.058974 50.000000
-0.230605 -0.384624 -0.094158 53.000000
0.202255 -0.456631 -0.054063 51.000000
0.391273 0.488461 0.170140 50.000000
0.018146 -0.102323 -0.141617 50.000000
0.132703 -0.268430 -0.082703 50.000000
-0.646281 -0.451721 0.203689 53.000000
0.644117 -0.229154 0.013033 50.000000
0.040240 -0.253702 -0.135071 50.000000
-0.633189 0.102242 0.040855 50.000000
-0.251061 -0.154692 -0.099886 50.000000
0.366726 0.422182 0.256058 50.000000
0.279172 0.546558 -0.140800 50.000000
-0.629098 0.122698 0.016306 50.000000
0.195709 0.573560 0.295334 50.000000
0.128612 0.576833 0.094042 50.000000
0.192436 0.589107 0.344430 50.000000
-0.627461 -0.346165 0.170140 53.000000
0.374090 -0.270067 -0.132616 51.000000
-0.114411 0.558014 0.152138 50.000000
0.537742 0.064602 0.056402 52.000000
-0.101319 -0.252883 -0.119524 50.000000
-0.425351 0.549831 0.512173 50.000000
0.033694 -0.008223 -0.066337 50.000000
-0.368891 -0.187422 -0.144072 50.000000
0.388819 -0.179240 -0.058155 50.000000
0.397001 -0.099050 -0.110524 52.000000
-0.251879 -0.408353 -0.079430 53.000000
0.402729 0.567833 0.183232 50.000000
0.122884 -0.233245 -0.122797 50.000000
-0.097228 0.540829 -0.054882 50.000000
0.235804 -0.316708 -0.058155 51.000000
-0.037495 -0.135053 -0.141617 50.000000
-0.173326 0.562105 -0.132616 50.000000
-0.494903 0.323173 0.097315 50.000000
-0.607005 0.250347 0.105498 50.000000
-0.305067 -0.067138 -0.102341 50.000000
-0.489993 -0.196423 -0.090885 53.000000
0.247259 -0.109688 -0.063064 52.000000
0.338905 0.060511 -0.033607 52.000000
0.142522 0.604654 0.086678 50.000000
-0.143051 -0.209515 -0.108069 50.000000
0.682574 -0.360894 0.058038 51.000000
0.025511 -0.210333 -0.093340 50.000000
0.000963 -0.364986 -0.108069 50.000000
-0.418805 -0.401807 -0.022151 53.000000
0.238259 0.574379 -0.162892 50.000000
0.027147 -0.277431 -0.085158 50.000000
-0.390984 -0.009042 -0.079430 50.000000
-0.178236 -0.016406 -0.020515 50.000000
-0.112775 -0.381351 -0.027061 53.000000
-0.458081 0.014688 -0.072884 50.000000
0.424822 0.562105 -0.061428 50.000000
0.300447 -0.348620 -0.130980 51.000000
0.292264 -0.257793 -0.116251 51.000000
-0.442535 -0.346983 0.009760 53.000000
0.371635 0.123517 -0.022970 52.000000
-0.300975 0.072784 0.137409 50.000000
0.405184 0.034326 -0.065519 52.000000
-0.537453 0.558014 -0.153073 50.000000
-0.364800 0.538375 0.422164 50.000000
0.788131 -0.363349 0.044128 51.000000
-0.044860 -0.319981 -0.111342 50.000000
0.627751 0.540829 -0.153892 50.000000
-0.506359 -0.286432 -0.042608 53.000000
-0.635644 0.566196 -0.113797 50.000000
0.316812 -0.013951 -0.050790 52.000000
0.786493 -0.204606 -0.013969 50.000000
-0.493266 0.006505 -0.045881 50.000000
0.235804 -0.190695 -0.100704 50.000000
0.401092 0.549831 -0.166984 50.000000
0.418276 0.569469 0.184869 50.000000
0.125339 0.580106 0.144774 50.000000
-0.566092 -0.218517 -0.009878 53.000000
-0.080045 -0.031135 -0.059791 50.000000
0.328267 -0.168603 -0.121161 50.000000
0.342178 0.073603 -0.025424 52.000000
-0.529270 -0.025407 -0.023788 50.000000
-0.038313 0.031053 -0.015605 50.000000
0.413366 0.373086 0.224963 50.000000
0.281627 -0.060592 -0.036062 52.000000
0.032875 -0.493452 0.000760 50.000000
-0.402440 -0.087595 -0.090885 50.000000
-0.045678 -0.166966 -0.121979 50.000000
0.422368 -0.492634 0.061311 51.000000
0.679301 -0.242246 -0.008241 50.000000
-0.569365 0.179159 0.004033 50.000000
-0.138142 -0.423900 -0.056518 53.000000
0.720215 0.559650 -0.091704 50.000000
-0.490812 -0.097414 -0.082703 50.000000
0.197346 0.055601 0.060493 52.000000
0.735762 -0.009860 0.030217 52.000000
0.347906 0.087513 -0.010696 52.000000
0.094245 -0.311798 -0.097431 50.000000
0.762764 -0.390351 0.058038 51.000000
0.559835 0.110425 0.103861 52.000000
0.039422 -0.408353 -0.023788 50.000000
0.148250 -0.411626 -0.019697 51.000000
-0.055497 -0.144873 -0.113797 50.000000
-0.196238 -0.133417 -0.097431 50.000000
0.570473 0.592380 0.262604 50.000000
0.565563 0.039236 0.055583 52.000000
0.568837 -0.028680 0.001578 52.000000
-0.205239 -0.209515 -0.058155 50.000000
0.788948 -0.113779 0.017125 50.000000
-0.338615 -0.379714 -0.017242 53.000000
0.243168 0.566196 0.527720 50.000000
0.532014 -0.130962 -0.041790 52.000000
0.388819 -0.133417 -0.094977 52.000000
0.388000 0.537556 0.002396 50.000000
0.261170 -0.036862 -0.023788 52.000000
0.381454 -0.085958 -0.083521 52.000000
-0.217513 -0.365804 -0.058974 53.000000
-0.637280 0.574379 -0.021333 50.000000
0.239895 0.593198 -0.114615 50.000000
0.094245 -0.124416 -0.150619 50.000000
-0.449899 0.112879 -0.024606 50.000000
0.689939 0.570287 0.198779 50.000000
0.065606 0.554741 0.123499 50.000000
0.290627 0.565378 -0.013151 50.000000
0.440369 -0.097414 -0.099886 52.000000
-0.048951 -0.422263 0.020398 50.000000
-0.292793 -0.009042 -0.067156 50.000000
-0.485084 -0.287251 -0.030334 53.000000
0.074606 -0.021316 -0.091704 50.000000
-0.292793 0.543284 0.494171 50.000000
0.311084 -0.271703 -0.058155 51.000000
-0.210149 0.553104 0.062129 50.000000
-0.384438 -0.445175 -0.051609 53.000000
0.054150 0.024507 -0.087612 50.000000
0.388819 -0.133417 -0.094977 52.000000
0.289809 0.564560 0.199597 50.000000
-0.489993 -0.175149 -0.096613 53.000000
-0.102138 0.556377 0.145592 50.000000
0.279990 -0.109688 -0.080248 52.000000
0.342178 0.235618 0.117771 50.000000
0.001781 -0.090050 -0.110524 50.000000
0.493557 0.105515 0.086678 52.000000
0.766037 -0.319981 -0.023788 51.000000
0.131885 -0.004950 -0.048336 50.000000
0.469826 -0.036044 -0.064701 52.000000
0.108156 -0.111324 -0.089249 50.000000
0.365089 0.297806 0.087496 50.000000
0.116338 -0.122780 -0.105614 50.000000
0.231713 -0.405080 0.012216 51.000000
-0.446626 0.059692 -0.072884 50.000000
0.251351 0.571924 0.490080 50.000000
0.287354 0.558014 0.378796 50.000000
0.373272 -0.099050 -0.105614 52.000000
0.383909 0.535920 0.232328 50.000000
0.341360 -0.414899 -0.050790 51.000000
0.668664 -0.415717 0.091586 51.000000
0.435460 0.559650 -0.149800 50.000000
0.548379 -0.142418 -0.036880 52.000000
0.215347 -0.110506 -0.090885 52.000000
0.283263 -0.201333 -0.063882 50.000000
-0.586549 0.568651 -0.134253 50.000000
-0.452354 -0.447630 0.170140 53.000000
-0.642190 0.544103 -0.065519 50.000000
-0.111957 -0.285613 -0.119524 50.000000
0.037785 -0.310980 -0.091704 50.000000
0.253805 -0.361712 -0.084339 51.000000
-0.618461 -0.424718 0.189778 53.000000
-0.508814 0.093241 -0.001695 50.000000
0.427277 -0.049136 -0.068792 52.000000
0.032057 -0.102323 -0.129343 50.000000
0.648208 -0.228336 -0.070429 50.000000
-0.305885 -0.219335 -0.108887 50.000000
-0.360709 -0.319981 -0.061428 53.000000
0.339723 -0.352711 -0.090067 51.000000
-0.252698 -0.439447 -0.099068 53.000000
-0.012129 -0.330618 -0.117070 50.000000
-0.580821 -0.138327 0.019580 53.000000
0.525468 -0.107233 -0.058974 52.000000
-0.217513 -0.176785 -0.072884 50.000000
0.422368 0.558832 -0.108069 50.000000
-0.238787 -0.413262 -0.036880 53.000000
-0.565273 -0.070411 -0.013969 50.000000
-0.165144 0.061329 0.143955 50.000000
0.286536 0.583379 0.122681 50.000000
-0.192965 -0.391170 -0.034425 53.000000
0.063969 -0.232427 -0.130162 50.000000
0.519741 0.080149 0.082586 52.000000
-0.629098 0.122698 0.016306 50.000000
0.437915 0.562105 0.018762 50.000000
0.548379 -0.094959 -0.070429 52.000000
-0.497358 0.058056 0.000760 50.000000
0.711214 -0.279886 -0.036880 51.000000
0.639207 -0.203787 0.003215 50.000000
0.360998 -0.340437 -0.100704 51.000000
-0.338615 -0.397716 -0.064701 53.000000
0.653117 0.048237 0.115317 52.000000
-0.458081 0.403362 0.310063 50.000000
-0.283792 -0.100687 -0.108887 50.000000
-0.369709 -0.218517 -0.093340 50.000000
-0.059589 0.079330 0.086678 50.000000
0.150705 -0.134235 -0.108887 50.000000
0.000145 0.551468 0.123499 50.000000
-0.660192 0.562105 0.057220 50.000000
0.200619 0.558014 -0.053245 50.000000
0.455916 -0.062229 -0.097431 52.000000
-0.272337 -0.321617 -0.040971 53.000000
0.058241 -0.034408 -0.117070 50.000000
0.375727 0.301897 0.168504 50.000000
0.294719 -0.454994 0.004033 51.000000
-0.548090 0.063784 0.038400 50.000000
0.059060 0.580925 0.548995 50.000000
0.058241 -0.302798 -0.044244 50.000000
-0.359072 -0.175967 -0.081885 50.000000
0.221075 0.582561 -0.137527 50.000000
0.662936 -0.141600 -0.011514 52.000000
-0.541544 -0.058955 -0.018060 50.000000
0.348724 0.154610 0.022035 52.000000
0.280808 0.556377 0.004033 50.000000
0.177707 -0.156329 -0.094977 50.000000
0.048422 0.090787 0.068675 50.000000
0.075425 0.585834 0.258512 50.000000
-0.408986 0.426273 0.466351 50.000000
-0.002310 -0.220971 -0.126889 50.000000
0.583565 -0.143237 -0.054063 52.000000
-0.260062 -0.044227 -0.082703 50.000000
-0.161871 0.539193 0.229873 50.000000
0.342178 0.235618 0.117771 50.000000
-0.537453 -0.162875 -0.060609 53.000000
-0.471992 0.030235 -0.036062 50.000000
-0.272337 -0.154692 -0.085158 50.000000
-0.075135 0.076057 0.059675 50.000000
-0.295248 -0.307707 -0.075339 53.000000
-0.486720 0.130881 0.010579 50.000000
-0.282974 -0.405080 -0.001695 53.000000
0.365907 -0.394443 -0.014787 51.000000
0.135976 -0.291342 -0.067974 51.000000
-0.149597 -0.109688 -0.063064 50.000000
-0.524361 0.559650 -0.044244 50.000000
0.717760 0.573560 -0.000059 50.000000
-0.510450 0.001596 0.021217 50.000000
0.648208 -0.228336 -0.070429 50.000000
0.085244 0.558014 0.521992 50.000000
-0.306703 -0.422263 -0.053245 53.000000
0.142522 0.582561 0.238873 50.000000
-0.372164 -0.333073 -0.031970 53.000000
0.144159 0.589925 0.170958 50.000000
-0.565273 -0.070411 -0.013969 50.000000
0.479645 0.589925 0.003215 50.000000
-0.059589 -0.481996 0.021217 50.000000
-0.368891 -0.055682 -0.104796 50.000000
0.260351 -0.060592 -0.023788 52.000000
0.000963 -0.310162 -0.103159 50.000000
-0.303430 0.004050 -0.051609 50.000000
0.313539 0.112879 0.003215 52.000000
-0.458081 -0.075321 -0.075339 50.000000
-0.421259 0.576833 0.391889 50.000000
-0.100501 -0.166966 -0.117888 50.000000
0.380636 0.034326 -0.061428 52.000000
0.310266 -0.235700 -0.098250 50.000000
-0.119322 -0.133417 -0.094977 50.000000
0.593384 -0.408353 -0.099886 51.000000
0.518104 -0.413262 -0.012332 51.000000
-0.055497 -0.144873 -0.113797 50.000000
-0.627461 -0.346165 0.170140 53.000000
0.488647 -0.399352 -0.013969 51.000000
0.365907 -0.394443 -0.014787 51.000000
0.777492 0.008960 0.078495 52.000000
-0.240424 -0.453358 -0.080248 53.000000
0.129430 -0.018043 -0.058974 50.000000
0.126157 -0.311798 -0.108069 50.000000
0.014055 -0.277431 -0.094977 50.000000
0.608931 0.574379 0.241329 50.000000
0.728397 -0.130144 -0.064701 50.000000
0.502557 -0.310162 -0.076975 51.000000
0.106518 0.569469 -0.147345 50.000000
-0.240424 -0.219335 -0.091704 50.000000
-0.295248 -0.318344 -0.092522 53.000000
0.159706 0.571924 0.115317 50.000000
0.575383 0.124335 0.102224 52.000000
0.122884 -0.233245 -0.122797 50.000000
0.066424 -0.090868 -0.126889 50.000000
-0.024403 -0.286432 -0.124434 50.000000
0.201437 -0.063047 -0.055700 52.000000
-0.048133 -0.264339 -0.131798 50.000000
0.207165 -0.312617 -0.116251 51.000000
-0.449899 0.402544 0.427892 50.000000
-0.446626 0.558014 -0.144890 50.000000
0.039422 -0.032771 -0.094158 50.000000
-0.206876 -0.264339 -0.082703 50.000000
-0.512087 0.326446 0.004851 50.000000
0.321721 -0.121961 -0.105614 52.000000
-0.350071 -0.400170 -0.041790 53.000000
0.042695 -0.210333 -0.124434 50.000000
0.467372 0.537556 0.115317 50.000000
0.108156 -0.233245 -0.137527 50.000000
0.640844 0.563741 -0.133435 50.000000
0.301265 0.075239 0.100588 52.000000
-0.305885 -0.252065 -0.087612 50.000000
0.261989 0.571924 0.326428 50.000000
-0.590640 -0.459904 0.167685 53.000000
0.014055 -0.178422 -0.099068 50.000000
-0.096410 -0.229972 -0.175166 50.000000
-0.077590 -0.017224 -0.036880 50.000000
-0.349253 0.590744 0.390252 50.000000
-0.607005 -0.172694 0.033490 53.000000
0.141704 0.045782 -0.012332 50.000000
0.489465 -0.010678 -0.052427 52.000000
-0.379528 -0.099869 -0.108887 50.000000
-0.575093 0.544103 -0.018878 50.000000
-0.262517 0.580106 -0.049154 50.000000
0.576201 0.557195 0.245420 50.000000
0.554107 0.553922 0.141501 50.000000
-0.470355 -0.028680 -0.058155 50.000000
-0.071044 0.558014 0.191415 50.000000
0.315993 -0.258611 -0.118706 51.000000
-0.494903 0.089149 -0.028697 50.000000
0.447734 0.140700 0.072767 52.000000
0.184254 -0.064684 -0.074520 52.000000
-0.273973 -0.394443 -0.103159 53.000000
-0.066135 -0.364167 -0.104796 50.000000
-0.206876 -0.264339 -0.082703 50.000000
0.090153 -0.299525 -0.114615 50.000000
-0.435989 0.036781 -0.070429 50.000000
-0.401621 -0.154692 -0.121161 50.000000
0.087699 -0.265975 -0.126070 50.000000
0.298810 0.076057 0.003215 52.000000
-0.424533 0.002414 -0.080248 50.000000
0.051695 -0.102323 -0.140800 50.000000
0.248896 0.576833 -0.124434 50.000000
0.018965 -0.156329 -0.131798 50.000000
-0.088227 -0.090868 -0.117070 50.000000
0.180980 -0.302798 -0.080248 51.000000
0.581929 -0.054046 -0.000059 52.000000
-0.119322 0.549012 0.257694 50.000000
0.274262 0.034326 -0.030334 52.000000
-0.087409 0.579288 -0.094977 50.000000
0.820861 -0.019679 0.038400 50.000000
-0.454808 -0.132599 -0.124434 50.000000
0.555744 -0.289705 -0.018878 51.000000
-0.468719 -0.175149 -0.081885 53.000000
-0.423715 0.369813 0.484352 50.000000
0.421549 -0.319981 -0.076975 51.000000
-0.237969 -0.064684 -0.059791 50.000000
-0.139778 0.086695 0.145592 50.000000
-0.246152 -0.013951 -0.000059 50.000000
0.176071 0.010596 -0.018060 50.000000
-0.006401 -0.265975 -0.079430 50.000000
0.636751 0.567014 0.316609 50.000000
-0.534180 0.503190 -0.053245 50.000000
0.360998 -0.340437 -0.100704 51.000000
0.600748 -0.349438 -0.081066 51.000000
0.240713 -0.049954 -0.048336 52.000000
0.436278 -0.250429 -0.036880 51.000000
0.170343 -0.401807 -0.124434 51.000000
-0.447444 0.362449 0.382888 50.000000
-0.508814 0.010596 -0.004968 50.000000
0.258716 -0.485269 -0.032789 51.000000
0.087699 -0.265975 -0.126070 50.000000
-0.053043 -0.111324 -0.099068 50.000000
0.418276 -0.062229 -0.091704 52.000000
-0.118503 -0.001677 0.008124 50.000000
0.668664 0.546558 0.076040 50.000000
-0.173326 0.562105 -0.132616 50.000000
-0.062862 -0.262702 -0.158801 50.000000
0.298810 -0.097414 -0.061428 52.000000
-0.140596 0.558832 0.155411 50.000000
0.146613 -0.223426 -0.073702 50.000000
0.712032 -0.192332 -0.064701 50.000000
0.512376 -0.287251 -0.053245 51.000000
-0.127504 -0.389533 -0.061428 53.000000
0.404365 -0.085958 -0.092522 52.000000
0.376545 -0.202151 -0.126070 50.000000
0.365089 0.107152 0.038400 52.000000
-0.162689 -0.364986 -0.072884 53.000000
-0.579184 -0.242246 -0.003332 53.000000
0.519741 0.080149 0.082586 52.000000
0.403547 -0.330618 -0.090885 51.000000
0.334814 -0.073684 -0.069610 52.000000
0.063969 -0.346165 -0.076157 50.000000
0.182617 -0.053227 -0.083521 52.000000
-0.507996 0.567014 -0.094977 50.000000
-0.529270 0.478642 0.033490 50.000000
0.331540 -0.122780 -0.113797 52.000000
0.227621 -0.337982 -0.086794 51.000000
0.102427 0.567833 -0.043426 50.000000
-0.494903 -0.026225 -0.028697 50.000000
0.158887 -0.038499 -0.034425 50.000000
-0.383620 -0.432901 -0.058155 53.000000
0.397001 0.211889 0.117771 52.000000
0.127794 0.044964 -0.021333 50.000000
0.315175 0.125972 0.005669 52.000000
-0.310794 0.553922 -0.115433 50.000000
-0.379528 0.521191 0.471260 50.000000
0.626932 -0.428809 -0.031152 51.000000
0.532833 -0.069593 -0.045063 52.000000
0.273444 -0.247974 -0.056518 51.000000
0.505012 -0.309344 -0.103159 51.000000
-0.026039 0.125972 0.148047 50.000000
0.420731 -0.213607 -0.112160 50.000000
0.072970 0.566196 0.246238 50.000000
0.295537 -0.133417 -0.108069 52.000000
-0.379528 0.450003 0.439348 50.000000
-0.157780 -0.381351 -0.018878 53.000000
-0.445808 -0.207060 -0.100704 53.000000
0.128612 -0.134235 -0.102341 50.000000
-0.327160 -0.175967 -0.090885 50.000000
-0.434352 0.335447 0.395162 50.000000
-0.383620 -0.399352 -0.050790 53.000000
0.081971 -0.395261 -0.047517 50.000000
-0.484266 0.577652 -0.099886 50.000000
-0.604550 -0.195605 0.019580 53.000000
0.743944 -0.296252 0.057220 51.000000
0.322539 0.578470 0.387797 50.000000
0.071333 -0.367440 -0.098250 50.000000
0.162979 -0.472177 -0.014787 51.000000
0.027965 -0.264339 -0.142436 50.000000
0.024692 -0.056500 -0.108887 50.000000
0.180980 -0.348620 -0.082703 51.000000
0.624478 -0.025407 0.026944 52.000000
-0.381165 -0.186604 -0.067974 50.000000
0.420731 0.531829 0.157048 50.000000
-0.280519 0.577652 0.305153 50.000000
0.605658 -0.155511 -0.067974 50.000000
0.209620 -0.431264 -0.068792 51.000000
-0.365618 0.586652 0.476170 50.000000
-0.201966 0.574379 -0.029516 50.000000
-0.316522 -0.175967 -0.101523 50.000000
-0.182327 -0.042590 -0.067974 50.000000
0.145795 -0.347801 -0.076975 51.000000
0.015691 -0.067138 -0.095795 50.000000
-0.207694 0.550649 0.413164 50.000000
-0.107865 -0.089231 -0.097431 50.000000
-0.336160 0.551468 0.468806 50.000000
-0.152052 -0.364986 -0.078612 53.000000
-0.534998 0.169340 0.020398 50.000000
0.390455 0.569469 0.192233 50.000000
-0.046496 0.093241 0.094042 50.000000
-0.336160 0.499099 0.505627 50.000000
-0.059589 -0.054046 -0.071247 50.000000
0.065606 0.568651 -0.107251 50.000000
0.304538 -0.351893 -0.080248 51.000000
-0.435989 -0.175149 -0.081066 53.000000
-0.273155 -0.353529 -0.063882 53.000000
-0.541544 -0.264339 -0.029516 53.000000
0.166252 -0.111324 -0.094977 50.000000
-0.165144 -0.263521 -0.106432 50.000000
0.028784 -0.413262 -0.079430 50.000000
-0.490812 0.337083 0.398435 50.000000
-0.152052 0.524464 0.017125 50.000000
-0.415532 -0.308525 -0.063064 53.000000
-0.469537 -0.229972 -0.072884 53.000000
-0.283792 -0.197241 -0.088431 50.000000
-0.646281 0.116152 0.050674 50.000000
-0.491630 -0.218517 -0.078612 53.000000
-0.350071 0.567833 0.416437 50.000000
0.413366 -0.431264 -0.035243 51.000000
0.552471 -0.363349 -0.030334 51.000000
0.464917 0.564560 -0.067974 50.000000
-0.401621 -0.132599 -0.112978 50.000000
-0.508814 -0.298706 -0.019697 53.000000
0.339723 0.114516 -0.077793 52.000000
-0.157780 -0.381351 -0.018878 53.000000
-0.449899 -0.297888 -0.044244 53.000000
-0.480993 -0.040135 -0.057336 50.000000
0.728397 -0.241428 -0.062247 50.000000
0.183436 0.575197 0.163593 50.000000
0.302901 -0.167784 -0.084339 50.000000
0.681756 0.560468 0.221690 50.000000
-0.504723 -0.398534 0.057220 53.000000
0.573746 0.549831 0.072767 50.000000
-0.059589 0.556377 0.062129 50.000000
0.385546 0.008960 -0.079430 52.000000
-0.050588 0.113698 0.153775 50.000000
-0.148779 -0.087595 -0.060609 50.000000
-0.347617 -0.153874 -0.090067 50.000000
0.065606 0.580106 0.288788 50.000000
0.565563 0.039236 0.055583 52.000000
-0.406531 0.109606 0.037582 50.000000
0.614659 0.160338 0.155411 52.000000
-0.603732 0.530192 -0.166984 50.000000
-0.195420 -0.176785 -0.080248 50.000000
0.466553 -0.202151 -0.097431 50.000000
-0.018675 -0.465631 -0.018878 50.000000
-0.295248 -0.240610 -0.103977 50.000000
-0.372164 -0.333073 -0.031970 53.000000
-0.492448 0.351812 0.056402 50.000000
-0.158598 0.560468 0.079313 50.000000
-0.549727 -0.418990 0.139864 53.000000
0.745581 -0.116234 -0.033607 50.000000
-0.384438 -0.445175 -0.051609 53.000000
0.283263 -0.247156 -0.103159 50.000000
0.028784 -0.135053 -0.141617 50.000000
-0.531725 -0.265157 -0.013151 53.000000
-0.413895 -0.207879 -0.081885 53.000000
-0.336160 -0.031953 -0.078612 50.000000
-0.391802 -0.164511 -0.080248 50.000000
0.600748 0.574379 -0.127707 50.000000
0.163797 -0.484451 -0.013151 51.000000
-0.051406 -0.004132 -0.019697 50.000000
0.642480 -0.166966 -0.022970 50.000000
0.379000 -0.446812 -0.094977 51.000000
0.013237 0.102242 0.159503 50.000000
0.217802 -0.223426 -0.119524 50.000000
-0.327160 -0.349438 -0.116251 53.000000
0.612204 0.584198 0.382888 50.000000
0.257897 -0.351893 -0.068792 51.000000
0.509922 -0.226699 -0.091704 50.000000
-0.272337 -0.110506 -0.083521 50.000000
0.040240 -0.454994 -0.021333 50.000000
-0.149597 0.090787 0.176686 50.000000
-0.217513 -0.342892 -0.062247 53.000000
-0.262517 -0.363349 -0.079430 53.000000
-0.251061 -0.319981 -0.065519 53.000000
-0.480993 -0.185786 -0.068792 53.000000
0.200619 -0.074503 -0.058155 52.000000
-0.380347 -0.164511 -0.093340 50.000000
-0.172508 -0.088413 -0.075339 50.000000
-0.457263 0.456549 0.292061 50.000000
0.045968 -0.189877 -0.165347 50.000000
0.360998 0.570287 0.300243 50.000000
-0.038313 0.076876 0.067039 50.000000
-0.360709 -0.319981 -0.061428 53.000000
-0.034222 -0.123598 -0.122797 50.000000
0.523832 0.076876 0.056402 52.000000
-0.005583 -0.157147 -0.145709 50.000000
-0.471992 -0.252883 -0.045881 53.000000
-0.382801 -0.264339 -0.042608 53.000000
-0.175781 -0.396079 -0.102341 53.000000
-0.347617 -0.121143 -0.087612 50.000000
-0.359890 -0.274158 -0.085976 53.000000
0.748035 -0.373986 0.029399 51.000000
0.383909 -0.236518 -0.106432 50.000000
0.347906 0.130063 -0.055700 52.000000
-0.525179 -0.130144 -0.070429 50.000000
-0.379528 0.044964 -0.095795 50.000000
-0.162689 -0.461540 0.062129 53.000000
0.175252 -0.327345 -0.054063 51.000000
-0.105411 -0.220153 -0.156346 50.000000
0.426459 -0.108051 -0.065519 52.000000
-0.337797 -0.241428 -0.064701 50.000000
-0.611915 -0.444357 0.139864 53.000000
-0.506359 -0.252883 -0.041790 53.000000
-0.363982 0.542467 0.386161 50.000000
0.480464 0.564560 0.057220 50.000000
0.210438 -0.200514 -0.102341 50.000000
0.144159 -0.123598 -0.135071 50.000000
0.612204 0.556377 -0.058974 50.000000
-0.176599 0.560468 0.003215 50.000000
0.125339 -0.099050 -0.068792 50.000000
0.414185 0.274895 0.158684 50.000000
0.281627 -0.398534 -0.074520 51.000000
-0.283792 -0.319163 -0.076975 53.000000
-0.241242 0.008142 0.116953 50.000000
0.535287 0.006505 -0.011514 52.000000
0.293900 -0.270885 -0.070429 51.000000
0.396183 0.577652 0.315791 50.000000
-0.316522 -0.219335 -0.061428 50.000000
-0.445808 -0.207060 -0.100704 53.000000
-0.619279 0.124335 0.030217 50.000000
0.779947 -0.072866 0.058038 52.000000
0.711214 -0.279886 -0.036880 51.000000
0.275899 -0.292978 -0.090067 51.000000
-0.462991 -0.456631 0.138228 53.000000
0.293082 0.066238 0.028581 52.000000
0.135976 0.612018 0.531811 50.000000
-0.200330 0.549012 0.013033 50.000000
-0.265790 0.563741 0.355885 50.000000
-0.544817 -0.010678 0.007306 50.000000
0.204710 -0.096596 -0.041790 52.000000
0.674392 -0.115415 0.008943 52.000000
-0.144688 -0.274158 -0.121979 50.000000
0.426459 -0.273340 -0.063064 51.000000
0.048422 0.090787 0.068675 50.000000
-0.055497 0.571924 -0.117888 50.000000
-0.393439 -0.297070 -0.069610 53.000000
0.428914 0.169340 0.094860 52.000000
-0.600459 -0.457449 0.142319 53.000000
0.666209 0.523646 0.154593 50.000000
-0.044042 0.586652 0.187324 50.000000
0.084425 -0.022134 -0.100704 50.000000
0.635934 -0.268430 0.060493 51.000000
0.527105 -0.108051 -0.088431 52.000000
0.001781 -0.461540 0.034309 50.000000
-0.619279 0.124335 0.030217 50.000000
-0.219149 -0.306889 -0.100704 50.000000
-0.248606 -0.346983 -0.005786 53.000000
0.302901 -0.167784 -0.084339 50.000000
0.422368 -0.283159 -0.107251 51.000000
0.723488 -0.072866 0.075221 52.000000
0.496830 -0.386260 -0.028697 51.000000
0.104064 0.549012 0.547359 50.000000
0.281627 -0.490997 -0.000877 51.000000
-0.571819 -0.126053 0.041673 50.000000
-0.249425 -0.109688 -0.061428 50.000000
0.592566 0.545740 0.006488 50.000000
0.641662 0.541648 -0.156346 50.000000
-0.485084 -0.252883 -0.025424 53.000000
0.766855 -0.204606 -0.021333 50.000000
-0.334524 0.553104 0.143955 50.000000
0.388819 -0.406716 -0.027061 51.000000
0.729216 -0.102323 -0.005786 52.000000
0.282445 -0.414081 -0.031970 51.000000
-0.222422 -0.036862 0.010579 50.000000
0.018146 0.007323 -0.025424 50.000000
0.311084 -0.271703 -0.058155 51.000000
0.097518 -0.432082 -0.031970 50.000000
0.583565 -0.143237 -0.054063 52.000000
-0.175781 0.063784 0.169322 50.000000
-0.284610 -0.262702 -0.098250 50.000000
0.023056 -0.112142 -0.113797 50.000000
-0.618461 0.551468 0.034309 50.000000
0.734125 -0.143237 -0.082703 50.000000
-0.602914 -0.288069 -0.000059 53.000000
-0.520269 0.508918 -0.072884 50.000000
-0.132414 -0.329800 -0.108069 50.000000
0.389637 -0.111324 -0.128525 52.000000
0.680120 -0.302798 -0.068792 51.000000
-0.078408 0.549831 -0.103159 50.000000
-0.467901 -0.108869 -0.092522 50.000000
-0.501450 0.476187 -0.013151 50.000000
0.219439 -0.377259 -0.030334 51.000000
0.641662 0.541648 -0.156346 50.000000
-0.559546 -0.118688 -0.064701 50.000000
-0.556273 -0.162057 0.009760 53.000000
-0.252698 0.047418 0.131682 50.000000
-0.155325 -0.285613 -0.113797 50.000000
0.653117 0.048237 0.115317 52.000000
-0.228968 -0.144055 -0.094977 50.000000
0.068879 0.056419 -0.013969 50.000000
0.763582 -0.139964 0.030217 50.000000
-0.088227 -0.385442 -0.106432 50.000000
-0.371346 -0.339619 -0.089249 53.000000
-0.134869 -0.241428 -0.130980 50.000000
-0.251061 -0.219335 -0.097431 50.000000
-0.514542 -0.118688 -0.058974 50.000000
0.338905 -0.236518 -0.086794 50.000000
-0.069408 0.564560 -0.134253 50.000000
-0.501450 0.215162 0.362431 50.000000
0.696485 -0.111324 0.121044 52.000000
-0.365618 0.586652 0.476170 50.000000
-0.519451 -0.320799 -0.032789 53.000000
-0.420441 0.558014 0.382888 50.000000
-0.184782 -0.099869 -0.090067 50.000000
-0.074317 0.115334 0.166866 50.000000
-0.504723 0.314171 0.058038 50.000000
0.454280 0.578470 -0.023788 50.000000
-0.009674 -0.405898 -0.035243 50.000000
0.120429 -0.211152 -0.135071 50.000000
-0.091500 -0.394443 -0.131798 53.000000
0.022238 -0.079412 -0.121161 50.000000
0.000145 -0.134235 -0.116251 50.000000
-0.561182 0.076876 0.044128 50.000000
0.005054 0.576015 -0.114615 50.000000
-0.132414 -0.015588 -0.013969 50.000000
-0.481811 -0.050773 -0.049972 50.000000
0.243168 -0.086777 -0.080248 52.000000
0.045149 0.576015 -0.013151 50.000000
-0.129959 0.083422 0.119408 50.000000
-0.090682 -0.274976 -0.126889 50.000000
0.177707 -0.339619 -0.045063 51.000000
0.213711 -0.085958 -0.054882 52.000000
-0.174963 -0.230791 -0.094977 50.000000
-0.327978 -0.473814 0.076858 53.000000
0.214529 -0.189877 -0.090067 50.000000
0.703031 -0.322436 0.069494 51.000000
-0.558727 0.121880 0.021217 50.000000
-0.582457 -0.020497 0.028581 50.000000
-0.547272 0.098969 0.029399 50.000000
0.261170 -0.167784 -0.096613 50.000000
-0.468719 0.047418 -0.079430 50.000000
-0.413895 -0.076139 -0.078612 50.000000
0.643298 0.147246 0.150501 52.000000
-0.237151 -0.381351 -0.010696 53.000000
0.188345 -0.017224 -0.065519 50.000000
0.138431 -0.030316 -0.070429 50.000000
0.319266 -0.051591 -0.078612 52.000000
-0.231423 0.542467 -0.144890 50.000000
-0.305885 -0.219335 -0.108887 50.000000
0.481282 -0.083504 -0.067156 52.000000
0.176889 -0.414081 -0.004150 51.000000
-0.011311 -0.337164 -0.180076 50.000000
-0.422078 0.240528 0.432802 50.000000
-0.586549 0.200433 0.045764 50.000000
0.237440 0.574379 0.499081 50.000000
-0.032585 -0.029498 -0.047517 50.000000
-0.463809 0.477824 0.169322 50.000000
0.254624 0.089968 0.125954 52.000000
0.478827 -0.264339 0.001578 51.000000
0.435460 -0.385442 -0.008241 51.000000
0.153159 -0.290524 -0.094158 51.000000
0.531196 -0.285613 -0.106432 51.000000
-0.595549 0.555559 0.047401 50.000000
-0.295248 -0.353529 -0.064701 53.000000
-0.380347 -0.087595 -0.088431 50.000000
0.761127 -0.166966 -0.003332 50.000000
-0.146324 -0.439447 -0.022151 53.000000
0.259534 -0.319163 -0.018060 51.000000
-0.100501 -0.166966 -0.117888 50.000000
0.000145 -0.427991 -0.045881 50.000000
-0.479356 0.360812 0.040037 50.000000
-0.273155 0.558014 0.037582 50.000000
0.098336 -0.189877 -0.128525 50.000000
-0.047315 -0.369077 -0.053245 50.000000
-0.360709 -0.353529 -0.054063 53.000000
-0.548908 -0.240610 -0.063064 53.000000
0.540197 -0.007405 -0.031970 52.000000
0.079516 -0.439447 -0.063064 50.000000
0.209620 -0.245519 -0.105614 50.000000
0.271808 -0.133417 -0.103977 52.000000
-0.035040 -0.264339 -0.121979 50.000000
-0.412259 -0.154692 -0.122797 50.000000
0.261170 0.576015 0.023671 50.000000
0.644117 -0.241428 -0.018060 50.000000
-0.420441 0.249529 0.402526 50.000000
0.358543 -0.236518 -0.103977 50.000000
-0.526815 -0.140782 -0.055700 50.000000
-0.308340 0.537556 0.320700 50.000000
0.063969 -0.414081 -0.081066 50.000000
0.187527 -0.245519 -0.099068 50.000000
-0.381165 -0.120325 -0.078612 50.000000
-0.205239 -0.344528 -0.044244 53.000000
0.005872 -0.253702 -0.139981 50.000000
0.140067 -0.448448 -0.005786 51.000000
-0.416350 -0.331436 -0.054882 53.000000
0.401911 0.077694 -0.006605 52.000000
-0.306703 -0.448448 -0.027061 53.000000
-0.047315 -0.145691 -0.135071 50.000000
-0.337797 -0.219335 -0.053245 50.000000
-0.370528 -0.241428 -0.063882 53.000000
0.069697 0.552286 -0.080248 50.000000
-0.259244 0.570287 0.071948 50.000000
0.649026 0.014688 0.042491 52.000000
0.607294 0.095696 0.075221 52.000000
0.523014 -0.373986 -0.032789 51.000000
0.374090 0.431183 0.177505 50.000000
-0.273155 0.558014 0.037582 50.000000
-0.240424 -0.208697 -0.102341 50.000000
0.261989 -0.027862 -0.062247 52.000000
-0.434352 -0.121143 -0.101523 50.000000
-0.425351 0.560468 0.161139 50.000000
-0.446626 -0.196423 -0.083521 53.000000
0.371635 -0.392806 -0.037698 51.000000
0.677665 0.550649 -0.011514 50.000000
-0.656101 0.100606 0.116953 50.000000
-0.121777 -0.166966 -0.115433 50.000000
0.191618 -0.121961 -0.089249 52.000000
0.769310 -0.166966 -0.045881 50.000000
-0.534998 0.557195 -0.053245 50.000000
-0.065316 -0.231609 -0.103159 50.000000
0.399456 -0.035226 -0.036880 52.000000
0.183436 0.575197 0.163593 50.000000
-0.516178 -0.061411 -0.048336 50.000000
0.570473 0.109606 0.094042 52.000000
-0.336160 -0.077776 -0.094158 50.000000
0.132703 0.566196 -0.016424 50.000000
-0.532543 -0.253702 -0.006605 53.000000
0.707940 -0.179240 0.017125 50.000000
-0.158598 0.572742 0.075221 50.000000
0.711214 -0.090050 -0.010696 52.000000
-0.079227 -0.427991 -0.033607 53.000000
0.724306 -0.087595 0.044946 52.000000
-0.402440 -0.164511 -0.084339 50.000000
-0.102956 -0.426354 -0.044244 53.000000
0.068879 0.004050 -0.067156 50.000000
-0.080863 -0.448448 -0.139162 53.000000
-0.608642 0.077694 0.042491 50.000000
-0.033404 -0.231609 -0.112978 50.000000
-0.001492 0.055601 -0.009059 50.000000
-0.638099 -0.123598 0.086678 50.000000
-0.555454 -0.333891 -0.013969 53.000000
0.344633 0.209434 0.042491 52.000000
-0.280519 0.577652 0.305153 50.000000
-0.071862 -0.066320 -0.078612 50.000000
-0.532543 -0.368259 -0.015605 53.000000
0.494375 -0.336346 -0.031152 51.000000
0.292264 -0.451721 -0.125252 51.000000
-0.174145 -0.220153 -0.089249 50.000000
-0.102956 0.085876 0.140682 50.000000
-0.080045 0.568651 -0.018060 50.000000
-0.219149 -0.306889 -0.100704 50.000000
-0.566910 -0.173512 -0.004150 53.000000
-0.241242 0.568651 -0.112160 50.000000
0.221894 -0.413262 -0.022151 51.000000
0.734943 -0.268430 -0.021333 51.000000
0.338087 0.569469 -0.167802 50.000000
0.337268 0.241346 0.147228 50.000000
-0.388529 -0.474632 0.085040 53.000000
0.556563 -0.202969 -0.110524 50.000000
0.758673 -0.192332 -0.006605 50.000000
-0.036677 -0.156329 -0.137527 50.000000
-0.111957 0.039236 0.059675 50.000000
-0.548908 0.547376 -0.148164 50.000000
0.109791 0.569469 0.296970 50.000000
0.384727 -0.458267 -0.003332 51.000000
0.229258 -0.027043 -0.049154 52.000000
0.609749 -0.241428 0.003215 50.000000
0.338087 0.569469 -0.167802 50.000000
0.494375 -0.348620 -0.032789 51.000000
-0.217513 -0.176785 -0.072884 50.000000
-0.502268 0.014688 -0.073702 50.000000
-0.017039 0.567833 -0.097431 50.000000
0.690757 0.559650 0.328065 50.000000
-0.574275 -0.229972 -0.040971 53.000000
0.279172 0.000777 -0.008241 52.000000
-0.503086 0.233163 0.385343 50.000000
0.077061 -0.381351 -0.069610 50.000000
0.278354 -0.038499 -0.050790 52.000000
-0.143869 0.569469 0.104679 50.000000
0.239895 -0.039317 -0.052427 52.000000
0.410912 -0.073684 -0.074520 52.000000
-0.620097 -0.125234 0.045764 50.000000
0.159706 -0.030316 -0.080248 50.000000
0.031238 -0.369077 -0.065519 50.000000
-0.305885 -0.165330 -0.105614 50.000000
-0.133232 -0.263521 -0.114615 50.000000
-0.559546 0.304352 0.009760 50.000000
-0.382801 -0.219335 -0.032789 53.000000
0.302901 -0.167784 -0.084339 50.000000
0.635115 -0.363349 -0.071247 51.000000
-0.534180 0.503190 -0.053245 50.000000
0.425641 0.468004 0.191415 50.000000
0.373272 0.510554 0.200416 50.000000
0.014873 0.071148 0.015489 50.000000
-0.064498 -0.024589 -0.112978 50.000000
0.369999 0.466368 0.256058 50.000000
-0.390984 -0.186604 -0.108887 53.000000
0.025511 -0.210333 -0.093340 50.000000
0.171979 -0.423081 -0.023788 51.000000
-0.485902 -0.344528 -0.028697 53.000000
-0.303430 0.004050 -0.051609 50.000000
-0.346798 -0.032771 -0.091704 50.000000
-0.414713 0.098969 -0.035243 50.000000
-0.565273 -0.058137 -0.011514 50.000000
0.403547 0.379632 0.192233 50.000000
0.216984 -0.476269 -0.000059 51.000000
-0.051406 -0.355166 -0.082703 50.000000
-0.140596 -0.432082 -0.082703 53.000000
0.616295 -0.105596 -0.048336 52.000000
0.346269 -0.452539 -0.037698 51.000000
0.372454 0.211071 0.043310 52.000000
-0.078408 -0.264339 -0.112978 50.000000
0.096699 -0.088413 -0.091704 50.000000
-0.620097 -0.463995 0.200416 53.000000
-0.227332 0.049055 0.150501 50.000000
0.270171 0.566196 0.120226 50.000000
0.030420 0.038418 0.041673 50.000000
-0.100501 -0.209515 -0.120343 50.000000
-0.525179 0.160338 0.040037 50.000000
-0.346798 -0.011496 -0.101523 50.000000
0.391273 0.488461 0.170140 50.000000
-0.499813 0.545740 -0.042608 50.000000
0.150705 -0.256156 -0.103977 50.000000
-0.368891 -0.144055 -0.115433 50.000000
-0.463809 0.477824 0.169322 50.000000
0.120429 0.579288 -0.017242 50.000000
0.373272 0.566196 0.184051 50.000000
0.581929 0.578470 -0.067156 50.000000
-0.104592 0.549012 -0.135889 50.000000
-0.326341 -0.090050 -0.113797 50.000000
0.199801 -0.449266 -0.015605 51.000000
0.056605 -0.233245 -0.112160 50.000000
-0.138142 -0.219335 -0.162074 50.000000
-0.077590 -0.144873 -0.114615 50.000000
-0.336160 0.038418 -0.051609 50.000000
0.653936 0.552286 0.003215 50.000000
0.087699 -0.354347 -0.128525 50.000000
0.239077 0.570287 0.228236 50.000000
0.423186 -0.446812 -0.010696 51.000000
0.428914 0.086695 -0.044244 52.000000
-0.447444 0.522010 0.363249 50.000000
0.474736 -0.022952 -0.054063 52.000000
0.374090 0.431183 0.177505 50.000000
0.097518 -0.474632 0.022035 50.000000
0.578656 -0.179240 -0.032789 50.000000
0.546743 0.578470 0.031854 50.000000
-0.385256 0.544103 0.114498 50.000000
0.496830 0.551468 0.200416 50.000000
0.668664 -0.415717 0.091586 51.000000
0.121248 0.555559 -0.005786 50.000000
0.653936 0.552286 0.003215 50.000000
0.216166 0.589107 0.390252 50.000000
0.087699 -0.256156 -0.072884 50.000000
-0.294429 -0.175967 -0.069610 50.000000
-0.259244 -0.029498 -0.040153 50.000000
-0.380347 -0.066320 -0.091704 50.000000
-0.433534 -0.077776 -0.109705 50.000000
0.381454 0.396816 0.211053 50.000000
-0.172508 -0.165330 -0.067974 50.000000
-0.325523 0.017143 -0.034425 50.000000
-0.016220 -0.378896 -0.072884 50.000000
0.378181 0.049873 -0.031970 52.000000
0.032875 -0.364986 -0.120343 50.000000
-0.032585 -0.057319 -0.114615 50.000000
0.484555 -0.407535 -0.060609 51.000000
-0.028494 0.553104 0.218417 50.000000
-0.436807 0.436911 0.444257 50.000000
-0.436807 -0.186604 -0.066337 53.000000
0.209620 -0.245519 -0.105614 50.000000
-0.128323 -0.276613 -0.068792 50.000000
0.638388 -0.301979 -0.061428 51.000000
-0.299339 0.550649 -0.123616 50.000000
-0.085773 -0.155511 -0.087612 50.000000
-0.261698 -0.274976 -0.075339 50.000000
-0.372164 -0.253702 -0.025424 53.000000
-0.540726 0.513009 0.012216 50.000000
0.365907 0.423000 0.202052 50.000000
-0.620097 -0.463995 0.200416 53.000000
-0.534998 0.557195 -0.053245 50.000000
0.301265 0.101424 0.008124 52.000000
-0.188873 0.075239 0.155411 50.000000
-0.534180 0.503190 -0.053245 50.000000
0.338087 -0.458267 0.016306 51.000000
0.578656 -0.179240 -0.032789 50.000000
-0.613551 -0.195605 -0.005786 53.000000
-0.202784 -0.052409 -0.042608 50.000000
0.438733 0.508918 0.126772 50.000000
-0.442535 -0.414899 -0.007423 53.000000
-0.158598 0.572742 0.075221 50.000000
0.772583 0.547376 -0.011514 50.000000
0.304538 -0.247156 -0.116251 50.000000
-0.470355 -0.446812 0.058038 53.000000
-0.290338 0.026144 0.047401 50.000000
-0.085773 0.077694 0.075221 50.000000
-0.193783 -0.424718 -0.041790 53.000000
0.433005 -0.225881 -0.081066 50.000000
-0.411440 -0.121961 -0.120343 50.000000
0.665391 -0.291342 -0.037698 51.000000
0.155614 0.599744 -0.043426 50.000000
-0.079227 -0.362531 -0.122797 50.000000
-0.418805 0.546558 0.001578 50.000000
-0.349253 -0.307707 -0.076157 53.000000
0.511558 -0.226699 -0.054063 50.000000
-0.516996 0.303534 0.067857 50.000000
0.023056 -0.231609 -0.166984 50.000000
-0.189692 0.049055 0.148865 50.000000
-0.309158 0.553104 0.143137 50.000000
0.230076 0.570287 0.544086 50.000000
0.365907 -0.225063 -0.118706 50.000000
0.056605 -0.112142 -0.115433 50.000000
0.324176 -0.027043 -0.067156 52.000000
0.643298 0.147246 0.150501 52.000000
-0.485084 -0.287251 -0.030334 53.000000
-0.415532 -0.297070 -0.058974 53.000000
0.070515 0.588289 0.517901 50.000000
0.338087 0.008142 -0.068792 52.000000
-0.404894 0.558832 0.336247 50.000000
-0.172508 -0.288069 -0.058155 50.000000
0.248078 -0.409989 -0.063882 51.000000
-0.112775 -0.209515 -0.131798 50.000000
-0.609460 0.103060 0.049037 50.000000
0.215347 0.558014 0.395162 50.000000
0.043513 -0.265975 -0.119524 50.000000
-0.539089 -0.072048 -0.041790 50.000000
-0.503086 -0.051591 -0.061428 50.000000
-0.205239 -0.209515 -0.058155 50.000000
-0.593913 -0.426354 0.093224 53.000000
0.571291 -0.389533 -0.022151 51.000000
-0.392620 0.062965 -0.041790 50.000000
0.619568 0.517918 0.375523 50.000000
-0.116866 -0.265975 -0.063882 50.000000
0.396183 0.577652 0.315791 50.000000
0.324994 -0.316708 -0.092522 51.000000
-0.440080 0.557195 -0.044244 50.000000
0.059878 -0.395261 -0.038517 50.000000
0.489465 -0.402625 0.022853 51.000000
-0.264153 0.576833 -0.090885 50.000000
-0.349253 -0.316708 -0.108069 53.000000
-0.012947 -0.414899 -0.057336 50.000000
0.288991 -0.064684 -0.093340 52.000000
-0.183964 -0.378078 -0.058155 53.000000
-0.534180 0.215162 0.132500 50.000000
-0.413895 0.049873 -0.054882 50.000000
-0.393439 -0.241428 -0.043426 53.000000
0.171161 0.573560 -0.078612 50.000000
-0.032585 -0.475450 -0.034425 50.000000
0.334814 -0.257793 -0.135071 51.000000
-0.635644 0.566196 -0.113797 50.000000
0.579474 -0.378896 -0.003332 51.000000
0.428914 0.169340 0.094860 52.000000
0.356088 -0.329800 -0.077793 51.000000
-0.057134 0.543284 -0.121161 50.000000
-0.370528 -0.229972 -0.082703 53.000000
0.329085 -0.352711 -0.083521 51.000000
-0.358254 -0.000041 -0.096613 50.000000
0.120429 -0.211152 -0.135071 50.000000
-0.251061 -0.219335 -0.097431 50.000000
-0.512905 0.523646 -0.030334 50.000000
0.398638 -0.260248 -0.101523 51.000000
0.302083 -0.280704 -0.124434 51.000000
-0.407349 -0.403443 -0.009059 53.000000
0.385546 0.286351 0.157866 50.000000
0.296355 -0.085958 -0.069610 52.000000
-0.528452 -0.241428 -0.043426 53.000000
-0.471174 0.193887 0.322337 50.000000
-0.249425 -0.076957 -0.076157 50.000000
0.091790 0.032690 -0.015605 50.000000
-0.229787 -0.307707 -0.085976 50.000000
-0.263335 -0.284795 -0.109705 50.000000
-0.251061 0.531829 -0.032789 50.000000
0.302901 0.557195 -0.153073 50.000000
0.779947 -0.061411 0.026944 50.000000
-0.162689 -0.309344 -0.080248 50.000000
0.390455 0.163611 0.066221 52.000000
0.358543 -0.236518 -0.103977 50.000000
0.583565 -0.143237 -0.054063 52.000000
-0.201966 -0.429628 0.004033 53.000000
-0.434352 -0.131780 -0.098250 50.000000
-0.018675 0.017143 -0.036880 50.000000
-0.536635 0.098969 0.035945 50.000000
0.094245 -0.067138 -0.103977 50.000000
0.553289 0.121062 0.086678 52.000000
-0.058770 0.582561 0.176686 50.000000
-0.268245 0.576833 0.256876 50.000000
0.447734 0.495007 0.027763 50.000000
0.226803 -0.167784 -0.090885 50.000000
-0.075135 0.006505 -0.025424 50.000000
0.017328 -0.199696 -0.138344 50.000000
-0.305885 -0.241428 -0.090885 50.000000
0.721851 -0.033589 0.068675 52.000000
0.580292 -0.388715 -0.032789 51.000000
-0.413895 -0.196423 -0.076975 53.000000
-0.656101 0.559650 -0.133435 50.000000
-0.011311 -0.320799 -0.109705 50.000000
0.721033 -0.402625 0.069494 51.000000
0.276717 0.582561 0.259331 50.000000
-0.086591 -0.100687 -0.100704 50.000000
-0.491630 0.336265 0.044128 50.000000
-0.522724 0.298624 0.283060 50.000000
0.621205 0.095696 0.072767 52.000000
-0.625825 -0.207060 0.001578 53.000000
0.198164 -0.490179 0.022853 51.000000
-0.548090 0.051510 0.036764 50.000000
0.525468 -0.324072 -0.057336 51.000000
-0.327978 -0.399352 -0.054063 53.000000
0.063151 -0.342074 -0.135071 50.000000
-0.575093 -0.337982 0.052310 53.000000
0.324176 0.011415 -0.032789 52.000000
-0.559546 0.147246 0.029399 50.000000
-0.327160 -0.231609 -0.004150 50.000000
0.616295 0.562923 0.308426 50.000000
-0.075135 0.006505 -0.025424 50.000000
0.573746 -0.129326 -0.013969 52.000000
0.116338 -0.200514 -0.099886 50.000000
0.031238 -0.058137 -0.135889 50.000000
0.564745 -0.154692 -0.031970 50.000000
0.566382 0.103879 0.049037 52.000000
0.120429 -0.211152 -0.135071 50.000000
-0.439262 -0.353529 -0.050790 53.000000
0.453461 0.194706 0.161958 52.000000
-0.021948 -0.353529 -0.111342 50.000000
-0.427806 -0.330618 -0.055700 53.000000
-0.447444 0.347720 0.383706 50.000000
0.675210 -0.102323 0.009760 52.000000
0.324176 0.011415 -0.032789 52.000000
-0.496539 0.079330 -0.015605 50.000000
0.786493 -0.204606 -0.013969 50.000000
-0.138142 -0.087595 -0.071247 50.000000
-0.526815 -0.229972 -0.054882 53.000000
0.251351 -0.269248 -0.088431 51.000000
0.222712 -0.389533 -0.020515 51.000000
-0.435170 0.046600 -0.086794 50.000000
-0.021130 -0.006587 -0.048336 50.000000
0.626932 -0.428809 -0.031152 51.000000
0.220257 -0.304434 -0.068792 51.000000
-0.195420 -0.297888 -0.070429 50.000000
-0.217513 -0.208697 -0.076157 50.000000
-0.415532 0.537556 -0.057336 50.000000
-0.038313 -0.088413 -0.078612 50.000000
0.353634 -0.258611 -0.117888 51.000000
-0.390166 0.566196 0.313336 50.000000
-0.059589 -0.425536 -0.058155 50.000000
-0.399985 0.549831 0.173413 50.000000
0.339723 0.114516 -0.077793 52.000000
-0.093955 -0.076957 -0.075339 50.000000
-0.383620 -0.378078 -0.034425 53.000000
-0.129959 -0.144055 -0.088431 50.000000
0.513195 -0.031953 -0.027061 52.000000
0.275899 -0.291342 -0.128525 51.000000
0.171161 0.573560 -0.078612 50.000000
0.111429 0.571924 0.004033 50.000000
-0.508814 0.116971 -0.004968 50.000000
-0.044860 -0.231609 -0.110524 50.000000
0.309447 0.034326 -0.040971 52.000000
0.493557 0.563741 0.096497 50.000000
0.373272 0.510554 0.200416 50.000000
0.279172 0.546558 -0.140800 50.000000
-0.218331 -0.166148 -0.088431 50.000000
-0.021948 -0.041772 -0.052427 50.000000
0.788948 -0.113779 0.017125 50.000000
0.149886 -0.522092 0.084223 51.000000
-0.483447 0.018780 -0.035243 50.000000
-0.360709 -0.298706 -0.040153 53.000000
-0.194602 -0.253702 -0.063064 50.000000
-0.137323 -0.065502 -0.063882 50.000000
-0.105411 -0.220153 -0.156346 50.000000
0.372454 0.264258 0.118590 50.000000
0.294719 0.044964 -0.047517 52.000000
-0.566910 -0.364167 0.081768 53.000000
0.481282 -0.083504 -0.067156 52.000000
0.451825 -0.310980 -0.033607 51.000000
0.554107 -0.361712 -0.058155 51.000000
-0.627461 -0.346165 0.170140 53.000000
-0.335342 0.560468 0.392707 50.000000
0.673574 -0.216880 0.011398 50.000000
-0.249425 -0.076957 -0.076157 50.000000
-0.259244 -0.442720 0.017125 53.000000
-0.647099 -0.207060 0.062948 53.000000
-0.128323 -0.099869 -0.080248 50.000000
0.062333 0.573560 -0.129343 50.000000
0.596657 -0.328982 0.005669 51.000000
-0.012947 0.571924 0.021217 50.000000
-0.167599 0.033508 0.123499 50.000000
-0.584094 0.089149 0.040037 50.000000
0.428914 0.038418 -0.038517 52.000000
0.443642 -0.036044 -0.062247 52.000000
-0.435989 -0.031135 -0.073702 50.000000
-0.284610 -0.262702 -0.098250 50.000000
0.396183 0.414000 0.159503 50.000000
0.000963 -0.310162 -0.103159 50.000000
-0.058770 -0.285613 -0.132616 50.000000
0.038603 -0.146510 -0.147345 50.000000
0.625296 -0.368259 0.002396 51.000000
-0.283792 -0.229972 -0.100704 50.000000
0.428914 0.484370 0.197143 50.000000
-0.383620 -0.387897 -0.048336 53.000000
0.717760 -0.075321 0.031854 52.000000
0.440369 0.221708 0.161958 52.000000
-0.458900 -0.018043 -0.060609 50.000000
0.721033 -0.192332 -0.017242 50.000000
-0.557909 0.542467 0.056402 50.000000
0.682574 -0.360894 0.058038 51.000000
-0.068589 -0.156329 -0.128525 50.000000
-0.231423 0.004050 0.071948 50.000000
-0.336160 0.092423 0.096497 50.000000
0.374090 0.380450 0.144774 50.000000
-0.146324 0.040872 0.076858 50.000000
-0.435989 -0.218517 -0.080248 53.000000
-0.562819 0.261803 0.044946 50.000000
0.535287 0.006505 -0.011514 52.000000
0.611386 0.083422 0.085040 52.000000
-0.080863 -0.414081 -0.050790 50.000000
-0.495721 0.032690 -0.018878 50.000000
-0.048951 -0.252883 -0.139981 50.000000
-0.101319 -0.252883 -0.119524 50.000000
-0.542362 -0.463177 0.193051 53.000000
-0.327160 -0.252883 -0.066337 50.000000
-0.059589 -0.425536 -0.058155 50.000000
-0.575911 0.560468 -0.118706 50.000000
-0.130777 -0.319981 -0.088431 50.000000
-0.231423 0.570287 0.151320 50.000000
0.375727 -0.072866 -0.063882 52.000000
-0.015402 0.124335 0.134136 50.000000
0.078698 -0.068775 -0.125252 50.000000
0.257897 -0.351893 -0.068792 51.000000
0.054150 0.024507 -0.087612 50.000000
-0.006401 0.554741 0.175050 50.000000
0.279172 -0.460722 -0.047517 51.000000
-0.347617 -0.099050 -0.080248 50.000000
-0.461354 0.504826 0.119408 50.000000
-0.222422 -0.036862 0.010579 50.000000
0.694848 0.078512 0.134136 52.000000
0.187527 -0.436992 -0.013151 51.000000
-0.337797 -0.274976 -0.061428 53.000000
-0.334524 0.587471 0.157866 50.000000
-0.557909 0.204525 0.008943 50.000000
-0.304248 -0.076957 -0.081066 50.000000
0.023056 0.557195 0.015489 50.000000
-0.251879 0.061329 0.148047 50.000000
-0.517815 -0.410808 0.064584 53.000000
-0.521906 0.282259 0.272423 50.000000
0.196528 0.025326 0.011398 52.000000
-0.138142 0.025326 0.043310 50.000000
0.072970 -0.232427 -0.139981 50.000000
-0.248606 -0.346983 -0.005786 53.000000
-0.464627 0.582561 -0.050790 50.000000
-0.273155 -0.286432 -0.074520 50.000000
-0.616006 -0.409989 0.176686 53.000000
0.316812 0.571924 0.081768 50.000000
-0.201966 -0.017224 -0.031152 50.000000
0.205528 0.580106 0.415618 50.000000
-0.516178 0.232345 0.380433 50.000000
-0.423715 -0.153874 -0.106432 50.000000
-0.305885 -0.364986 -0.057336 53.000000
0.466553 -0.202151 -0.097431 50.000000
0.621205 0.565378 -0.076157 50.000000
0.150705 -0.134235 -0.108887 50.000000
0.197346 0.570287 -0.018060 50.000000
0.139249 -0.360894 -0.055700 51.000000
0.472281 0.595653 -0.018878 50.000000
0.523014 -0.155511 -0.062247 50.000000
0.428914 0.038418 -0.038517 52.000000
-0.122595 -0.144873 -0.126889 50.000000
0.500103 0.597290 0.061311 50.000000
0.346269 -0.452539 -0.037698 51.000000
-0.399166 -0.446812 0.062948 53.000000
-0.000674 -0.243064 -0.117070 50.000000
0.434642 0.597290 0.038400 50.000000
-0.309158 0.553104 0.143137 50.000000
0.624478 -0.025407 0.026944 52.000000
-0.548090 0.461458 0.106316 50.000000
0.464099 -0.022134 -0.045881 52.000000
-0.507177 0.319900 0.254421 50.000000
0.298810 -0.073684 -0.061428 52.000000
0.685029 -0.342892 -0.029516 51.000000
0.671119 -0.402625 0.097315 51.000000
-0.316522 -0.197241 -0.090885 50.000000
0.632660 -0.266794 -0.009878 51.000000
-0.476901 -0.153874 -0.119524 50.000000
0.288991 0.580106 0.248693 50.000000
0.414185 -0.415717 -0.067974 51.000000
0.514013 -0.019679 -0.026243 52.000000
0.176889 -0.122780 -0.099886 50.000000
-0.251061 -0.364986 -0.067156 53.000000
0.509922 0.004050 -0.037698 52.000000
0.116338 0.574379 -0.101523 50.000000
0.236622 -0.351893 -0.057336 51.000000
-0.425351 -0.108869 -0.071247 50.000000
-0.033404 -0.231609 -0.112978 50.000000
-0.182327 -0.402625 -0.036062 53.000000
-0.034222 -0.286432 -0.117070 50.000000
0.049241 -0.100687 -0.095795 50.000000
-0.470355 0.373904 0.091586 50.000000
0.314357 -0.212789 -0.085158 50.000000
-0.517815 0.020416 -0.028697 50.000000
0.742308 0.531010 -0.099886 50.000000
0.345451 0.224981 0.132500 50.000000
0.372454 -0.259429 -0.102341 51.000000
0.655572 -0.265975 -0.055700 51.000000
-0.362345 0.572742 0.287151 50.000000
0.695666 -0.127689 0.022035 52.000000
0.766037 -0.333073 -0.024606 51.000000
0.338905 0.113698 -0.001695 52.000000
-0.187237 0.091605 0.187324 50.000000
0.069697 -0.134235 -0.105614 50.000000
-0.219968 -0.188241 -0.119524 50.000000
0.446097 0.063784 -0.032789 52.000000
-0.121777 -0.363349 -0.106432 53.000000
-0.074317 -0.056500 -0.096613 50.000000
0.118793 -0.044227 -0.099886 50.000000
0.014055 0.035145 0.017125 50.000000
-0.036677 0.575197 0.033490 50.000000
-0.578366 -0.058137 -0.004150 50.000000
-0.044042 0.586652 0.187324 50.000000
0.227621 -0.337982 -0.086794 51.000000
-0.390166 -0.110506 -0.113797 50.000000
-0.574275 -0.290524 0.053947 53.000000
0.050877 0.574379 0.021217 50.000000
0.147432 -0.325709 -0.070429 51.000000
-0.334524 0.553104 0.143955 50.000000
0.379000 -0.284795 -0.049154 51.000000
-0.218331 -0.166148 -0.088431 50.000000
0.437096 -0.156329 -0.106432 50.000000
-0.008038 0.094060 0.101406 50.000000
0.023874 0.570287 0.013852 50.000000
-0.044860 -0.341255 -0.114615 50.000000
-0.339433 -0.434537 -0.042608 53.000000
0.553289 -0.179240 -0.057336 50.000000
0.050877 0.574379 0.021217 50.000000
-0.206057 -0.143237 -0.075339 50.000000
0.614659 -0.338801 -0.049972 51.000000
-0.471174 -0.351893 -0.072884 53.000000
-0.627461 0.182432 0.080949 50.000000
0.143340 0.556377 -0.081885 50.000000
-0.229787 -0.241428 -0.094977 50.000000
-0.368891 -0.111324 -0.121161 50.000000
-0.435170 -0.054046 -0.083521 50.000000
-0.470355 -0.028680 -0.058155 50.000000
0.045149 -0.067957 -0.118706 50.000000
-0.087409 0.584198 0.023671 50.000000
0.323358 0.570287 -0.086794 50.000000
0.356907 -0.132599 -0.074520 52.000000
0.284081 -0.438629 -0.028697 51.000000
-0.151234 -0.154692 -0.084339 50.000000
0.098336 -0.221790 -0.130162 50.000000
-0.562819 -0.207060 -0.038517 53.000000
-0.526815 0.126790 0.058856 50.000000
0.398638 -0.179240 -0.103159 50.000000
-0.502268 0.332174 0.027763 50.000000
0.682574 -0.089231 0.024490 52.000000
-0.428624 0.556377 0.235601 50.000000
-0.380347 0.571106 -0.073702 50.000000
0.041876 0.031053 -0.025424 50.000000
-0.143869 -0.340437 -0.109705 50.000000
0.117156 -0.312617 -0.097431 50.000000
-0.430261 -0.391170 -0.014787 53.000000
-0.483447 0.112061 -0.032789 50.000000
-0.541544 0.536738 -0.106432 50.000000
0.237440 0.574379 0.499081 50.000000
0.703849 -0.242246 0.009760 50.000000
0.691575 -0.141600 -0.016424 52.000000
0.685029 -0.127689 0.031854 52.000000
0.302083 -0.280704 -0.124434 51.000000
-0.433534 -0.088413 -0.109705 50.000000
0.480464 0.564560 0.057220 50.000000
-0.251061 0.531829 -0.032789 50.000000
-0.150415 -0.076957 -0.076975 50.000000
-0.283792 -0.274976 -0.075339 50.000000
-0.557091 0.084240 0.012216 50.000000
-0.296066 0.574379 0.162776 50.000000
-0.524361 0.316626 0.013033 50.000000
0.765219 -0.128507 -0.026243 50.000000
-0.071862 -0.099050 -0.074520 50.000000
0.383091 0.571924 0.022035 50.000000
-0.113593 -0.317526 -0.137527 50.000000
-0.096410 -0.480360 0.013852 53.000000
0.239895 0.028599 0.031036 52.000000
-0.541544 -0.036044 -0.017242 50.000000
-0.042405 -0.298706 -0.094977 50.000000
0.052514 -0.032771 -0.089249 50.000000
0.376545 0.292897 0.125954 50.000000
0.131067 -0.077776 -0.097431 50.000000
0.066424 -0.501635 0.049856 50.000000
0.766855 -0.036862 0.000760 52.000000
0.415003 0.552286 -0.046699 50.000000
-0.563637 -0.094141 -0.030334 50.000000
0.737398 -0.204606 -0.016424 50.000000
0.068060 -0.178422 -0.112160 50.000000
0.308629 0.122698 0.167685 52.000000
0.568837 0.574379 0.012216 50.000000
-0.201966 0.574379 -0.029516 50.000000
0.513195 0.007323 0.003215 52.000000
-0.569365 0.179159 0.004033 50.000000
0.022238 0.543284 0.016306 50.000000
-0.449899 0.112879 -0.024606 50.000000
-0.229787 -0.307707 -0.085976 50.000000
-0.466264 -0.261066 -0.121979 53.000000
-0.474447 0.216798 0.377160 50.000000
-0.557091 -0.138327 0.013852 53.000000
0.237440 0.574379 0.499081 50.000000
0.338905 0.562105 -0.075339 50.000000
-0.534180 0.429546 0.092405 50.000000
-0.052224 -0.465631 -0.011514 50.000000
-0.261698 -0.187422 -0.076975 50.000000
0.270171 -0.246337 -0.105614 50.000000
-0.474447 -0.276613 -0.012332 53.000000
-0.383620 -0.333073 -0.025424 53.000000
0.030420 -0.178422 -0.132616 50.000000
0.724306 -0.374805 0.045764 51.000000
0.514831 -0.191514 -0.047517 50.000000
0.437096 -0.310980 -0.036062 51.000000
0.092608 0.549012 -0.018878 50.000000
-0.327160 -0.144055 -0.112978 50.000000
-0.360709 -0.365804 -0.050790 53.000000
-0.112775 0.558014 0.031036 50.000000
0.032057 -0.102323 -0.129343 50.000000
-0.392620 -0.252065 -0.070429 53.000000
0.662936 0.060511 0.099770 52.000000
0.461644 -0.334709 -0.043426 51.000000
0.365907 -0.225063 -0.118706 50.000000
0.231713 0.571106 0.015489 50.000000
-0.372164 -0.364167 -0.067156 53.000000
-0.547272 0.520373 -0.043426 50.000000
0.500921 -0.180058 -0.112978 50.000000
0.598294 0.593198 0.204507 50.000000
0.284081 0.577652 0.062948 50.000000
0.094245 0.557195 -0.143254 50.000000
0.384727 0.571106 -0.063064 50.000000
0.090972 -0.382987 -0.059791 50.000000
0.770128 0.555559 0.119408 50.000000
0.017328 0.083422 0.107952 50.000000
0.753763 -0.268430 -0.015605 50.000000
0.153159 0.094878 0.087496 50.000000
0.284081 0.585834 0.419710 50.000000
-0.472810 -0.297888 -0.038517 53.000000
-0.458900 -0.229972 -0.072065 53.000000
0.292264 -0.378078 -0.040153 51.000000
-0.322250 0.536738 0.418073 50.000000
0.372454 0.566196 0.232328 50.000000
-0.140596 -0.121961 -0.090885 50.000000
0.130248 -0.346983 -0.093340 50.000000
0.248896 -0.334709 -0.138344 51.000000
0.719397 -0.229972 0.008943 50.000000
0.376545 0.352630 0.205325 50.000000
-0.132414 -0.454176 0.002396 53.000000
-0.260880 0.547376 0.046583 50.000000
0.275081 0.031872 0.061311 52.000000
-0.530088 0.056419 -0.019697 50.000000
0.102427 0.567833 -0.043426 50.000000
-0.270700 -0.454994 0.022853 53.000000
-0.044860 -0.231609 -0.110524 50.000000
-0.262517 -0.329800 -0.086794 53.000000
0.176071 -0.099869 -0.104796 52.000000
-0.188873 0.062965 0.163593 50.000000
-0.079227 -0.189059 -0.125252 50.000000
0.282445 -0.426354 -0.032789 51.000000
0.379000 0.490098 0.177505 50.000000
0.270171 -0.086777 -0.072884 52.000000
0.425641 0.468004 0.191415 50.000000
0.625296 0.533465 -0.090067 50.000000
0.644117 -0.229154 0.013033 50.000000
-0.623370 0.558832 -0.024606 50.000000
-0.242879 0.523646 0.229054 50.000000
0.368362 0.576833 -0.156346 50.000000
0.007509 -0.054864 -0.077793 50.000000
0.070515 -0.045045 -0.109705 50.000000
0.550834 0.547376 0.222508 50.000000
0.292264 0.570287 0.533448 50.000000
-0.430261 0.554741 0.274877 50.000000
-0.167599 -0.349438 -0.132616 53.000000
0.501739 -0.324072 -0.045881 51.000000
-0.073499 -0.045045 -0.093340 50.000000
0.294719 -0.343710 -0.028697 51.000000
0.301265 0.101424 0.008124 52.000000
0.205528 -0.167784 -0.123616 50.000000
-0.249425 -0.187422 -0.056518 50.000000
0.072970 -0.066320 -0.097431 50.000000
0.145795 -0.101505 -0.130980 50.000000
-0.293611 0.541648 0.384524 50.000000
-0.464627 -0.346165 -0.001695 53.000000
0.554107 -0.361712 -0.058155 51.000000
0.371635 -0.248792 -0.067974 51.000000
-0.305067 -0.208697 -0.078612 50.000000
-0.347617 -0.187422 -0.105614 50.000000
-0.404076 0.088331 -0.025424 50.000000
-0.105411 -0.013133 0.017125 50.000000
0.343815 0.285532 0.161958 50.000000
-0.539089 -0.139964 -0.043426 50.000000
0.089335 0.567014 -0.043426 50.000000
0.721033 -0.192332 -0.017242 50.000000
-0.481811 -0.307707 -0.070429 53.000000
-0.611915 -0.218517 -0.015605 53.000000
0.755400 -0.256156 0.017944 50.000000
-0.038313 0.031053 -0.015605 50.000000
0.748854 0.570287 -0.068792 50.000000
0.059060 -0.333891 -0.098250 50.000000
0.251351 -0.313435 -0.128525 51.000000
0.395365 0.370631 0.216781 50.000000
0.027965 0.565378 -0.039335 50.000000
-0.500631 0.122698 0.035127 50.000000
-0.135687 -0.416535 -0.022970 53.000000
-0.339433 -0.434537 -0.042608 53.000000
-0.202784 -0.052409 -0.042608 50.000000
-0.528452 0.289624 0.060493 50.000000
0.104064 0.549012 0.547359 50.000000
0.028784 -0.413262 -0.079430 50.000000
0.347906 0.130063 -0.055700 52.000000
-0.350071 0.567833 0.416437 50.000000
0.470645 0.164429 0.132500 52.000000
-0.165144 -0.263521 -0.106432 50.000000
0.677665 0.550649 -0.011514 50.000000
0.383091 -0.420627 -0.005786 51.000000
-0.153688 0.541648 -0.010696 50.000000
-0.107047 -0.121961 -0.088431 50.000000
-0.520269 0.508918 -0.072884 50.000000
0.419913 0.447548 0.226600 50.000000
0.009145 0.540829 0.009760 50.000000
0.460007 0.583379 0.121863 50.000000
-0.044860 -0.485269 0.043310 50.000000
0.532014 -0.130962 -0.041790 52.000000
-0.317340 -0.339619 -0.101523 53.000000
-0.574275 -0.290524 0.053947 53.000000
-0.406531 0.109606 0.037582 50.000000
0.249714 -0.468086 0.026126 51.000000
0.369999 0.091605 0.015489 52.000000
-0.174963 -0.385442 -0.092522 53.000000
0.037785 0.092423 0.080131 50.000000
0.500103 -0.238155 -0.113797 50.000000
0.047604 -0.318344 -0.157983 50.000000
0.035330 -0.018861 -0.056518 50.000000
0.075425 0.585834 0.258512 50.000000
0.668664 -0.142418 -0.031152 50.000000
-0.161871 0.552286 0.224963 50.000000
0.333177 0.542467 -0.089249 50.000000
-0.350071 -0.387078 -0.060609 53.000000
-0.404894 0.197979 0.353430 50.000000
-0.139778 0.086695 0.145592 50.000000
0.140067 -0.233245 -0.148164 50.000000
-0.237969 0.552286 0.368977 50.000000
-0.537453 0.478642 0.117771 50.000000
0.567200 0.576833 -0.067156 50.000000
-0.035858 -0.312617 -0.048336 50.000000
-0.470355 0.073603 -0.054882 50.000000
-0.139778 -0.320799 -0.071247 50.000000
0.253805 -0.304434 -0.081885 51.000000
-0.262517 -0.443539 -0.067156 53.000000
-0.449081 -0.004132 -0.029516 50.000000
0.035330 0.558014 0.096497 50.000000
0.017328 -0.199696 -0.138344 50.000000
-0.534998 0.576015 0.073585 50.000000
-0.358254 -0.121961 -0.110524 50.000000
-0.582457 -0.195605 0.028581 53.000000
-0.445808 -0.064684 -0.084339 50.000000
-0.066135 0.049873 0.043310 50.000000
-0.182327 -0.402625 -0.036062 53.000000
-0.066953 0.558014 -0.009878 50.000000
0.071333 -0.100687 -0.102341 50.000000
-0.562819 -0.207060 -0.038517 53.000000
-0.614369 0.569469 -0.101523 50.000000
-0.272337 -0.197241 -0.085158 50.000000
-0.218331 -0.264339 -0.087612 50.000000
-0.162689 -0.364986 -0.072884 53.000000
-0.283792 -0.176785 -0.097431 50.000000
0.249714 0.569469 -0.069610 50.000000
-0.514542 -0.118688 -0.058974 50.000000
0.231713 -0.447630 -0.036880 51.000000
0.294719 -0.454994 0.004033 51.000000
-0.602095 -0.027043 0.088313 50.000000
0.058241 -0.302798 -0.044244 50.000000
-0.066135 -0.441083 -0.022970 50.000000
0.087699 -0.256156 -0.072884 50.000000
0.441188 -0.048318 -0.068792 52.000000
-0.069408 0.564560 -0.134253 50.000000
0.473918 0.000777 -0.058974 52.000000
-0.322250 0.551468 -0.089249 50.000000
-0.598822 0.164429 0.054765 50.000000
0.576201 -0.227518 -0.069610 50.000000
0.418276 -0.144055 -0.086794 52.000000
0.477191 0.562923 -0.032789 50.000000
-0.025221 0.585016 0.021217 50.000000
-0.447444 0.233163 0.389434 50.000000
0.167070 -0.144873 -0.090067 50.000000
-0.576730 0.228254 0.062948 50.000000
-0.075954 -0.477905 0.083404 50.000000
-0.080045 -0.112961 -0.134253 50.000000
-0.514542 0.445093 0.013033 50.000000
0.355270 -0.156329 -0.115433 50.000000
0.732489 0.037599 0.115317 52.000000
-0.010493 -0.178422 -0.110524 50.000000
-0.542362 0.367358 0.059675 50.000000
-0.347617 -0.111324 -0.118706 50.000000
