0.624478 0.109606 0.076858 52.000000
0.189163 -0.211971 -0.137527 50.000000
-0.172508 -0.165330 -0.067974 50.000000
0.717760 -0.075321 0.031854 52.000000
0.311084 0.142337 0.034309 52.000000
0.650663 -0.342892 -0.007423 51.000000
-0.262517 -0.329800 -0.086794 53.000000
-0.293611 -0.448448 0.068675 53.000000
0.079227 0.558832 -0.113797 50.000000
-0.180162 0.585016 0.286333 50.000000
0.669193 0.101424 0.120226 50.000000
-0.437096 0.028599 -0.014787 52.000000
0.525179 -0.456631 0.139046 53.000000
0.504723 -0.475450 0.188142 53.000000
-0.699758 -0.380532 -0.033607 51.000000
-0.419913 -0.331436 -0.082703 51.000000
-0.625296 -0.192332 -0.027061 50.000000
-0.438733 0.508918 0.126772 50.000000
-0.162160 0.574379 0.512173 50.000000
-0.222712 -0.366622 -0.016424 51.000000
0.656101 0.589925 0.017944 50.000000
-0.784039 -0.049136 0.004033 52.000000
-0.178525 -0.245519 -0.086794 50.000000
0.462173 -0.320799 -0.039335 53.000000
0.505541 0.518737 0.032672 50.000000
-0.788948 -0.113779 0.017125 52.000000
0.413077 -0.143237 -0.101523 50.000000
0.563637 0.165248 0.062948 50.000000
0.422078 0.432819 0.428710 50.000000
0.530089 0.056419 -0.019697 50.000000
-0.649026 0.014688 0.042491 52.000000
-0.261170 -0.201333 -0.096613 50.000000
-0.329904 0.551468 0.247057 50.000000
-0.779947 -0.072866 0.058038 52.000000
-0.086062 0.576015 0.422164 50.000000
-0.645753 -0.055682 -0.052427 52.000000
-0.341360 -0.075321 -0.088431 52.000000
-0.446915 0.559650 -0.154710 50.000000
0.184782 -0.309344 -0.077793 50.000000
0.228150 -0.165330 -0.068792 50.000000
-0.122066 -0.519637 0.077676 51.000000
-0.625296 -0.368259 0.002396 51.000000
0.110320 -0.144873 -0.112978 50.000000
0.322250 0.571106 -0.072884 50.000000
0.553818 0.267531 0.071130 50.000000
-0.223530 -0.122780 -0.102341 52.000000
0.032585 -0.029498 -0.047517 50.000000
0.102138 0.556377 0.145592 50.000000
0.195419 -0.275794 -0.067974 50.000000
0.305067 -0.121961 -0.096613 50.000000
-0.333177 -0.201333 -0.106432 50.000000
0.451535 0.509736 0.180778 50.000000
0.494903 0.018780 -0.033607 50.000000
0.202784 -0.040954 -0.045063 50.000000
0.131596 0.544103 0.112044 50.000000
-0.162979 -0.472177 -0.014787 51.000000
-0.202255 -0.121961 -0.091704 52.000000
-0.194891 0.567014 -0.135889 50.000000
0.168417 -0.006587 -0.039335 50.000000
-0.292264 -0.212789 -0.076975 50.000000
-0.360180 0.323991 0.207780 50.000000
0.088227 -0.080230 -0.120343 50.000000
-0.300446 -0.156329 -0.092522 52.000000
-0.146613 -0.031135 -0.085976 52.000000
0.349253 -0.295433 -0.091704 50.000000
0.020312 -0.276613 -0.099068 50.000000
-0.116338 0.550649 -0.091704 50.000000
0.471992 0.030235 -0.036062 50.000000
-0.016510 -0.146510 -0.149800 50.000000
-0.205528 0.564560 0.418891 50.000000
0.173326 0.562105 -0.132616 50.000000
-0.081971 -0.157147 -0.153892 50.000000
0.575092 -0.337982 0.052310 53.000000
0.147142 0.532647 0.255239 50.000000
0.081681 0.094060 0.106316 50.000000
-0.334814 -0.073684 -0.069610 52.000000
0.444171 0.139882 0.074403 50.000000
0.618461 -0.301161 0.023671 53.000000
-0.222712 0.038418 0.013852 52.000000
0.405713 0.187341 0.377160 50.000000
0.393439 0.509736 0.429529 50.000000
0.480174 0.438547 0.038400 50.000000
-0.021419 -0.446812 0.010579 50.000000
-0.431368 -0.024589 -0.061428 52.000000
-0.233349 -0.336346 -0.110524 51.000000
0.039131 0.563741 0.501536 50.000000
-0.415822 -0.156329 -0.091704 50.000000
0.597186 -0.337164 0.038400 53.000000
0.315704 -0.066320 -0.093340 50.000000
0.295248 -0.389533 -0.037698 53.000000
-0.327449 -0.270885 -0.085158 51.000000
0.627461 0.562105 -0.086794 50.000000
0.014584 -0.243064 -0.129343 50.000000
0.129959 -0.376441 -0.081885 50.000000
0.305067 -0.208697 -0.078612 50.000000
0.502268 0.344447 0.026126 50.000000
-0.180162 -0.179240 -0.128525 50.000000
0.086591 -0.297888 -0.091704 50.000000
0.114411 0.555559 -0.117888 50.000000
-0.369999 0.091605 0.015489 52.000000
-0.624478 -0.216062 -0.027879 50.000000
-0.514013 -0.019679 -0.026243 52.000000
0.391802 0.037599 -0.061428 50.000000
0.561182 -0.240610 -0.054063 53.000000
-0.043513 -0.392806 -0.062247 51.000000
-0.131067 -0.486088 0.006488 51.000000
0.444171 0.193069 0.321519 50.000000
0.349253 -0.307707 -0.076157 50.000000
0.514542 -0.140782 -0.066337 50.000000
-0.583565 -0.429628 0.003215 51.000000
0.219149 0.568651 0.472079 50.000000
-0.414185 -0.415717 -0.067974 51.000000
-0.413367 -0.237337 -0.096613 50.000000
-0.205528 0.562923 0.079313 50.000000
-0.331540 -0.122780 -0.113797 52.000000
0.380347 -0.207879 -0.107251 50.000000
0.183145 -0.265157 -0.058155 50.000000
0.599641 -0.421445 0.044946 53.000000
-0.158887 0.596471 0.103043 50.000000
-0.480464 -0.048318 -0.072065 52.000000
0.454809 0.484370 0.238873 50.000000
0.156961 0.557195 0.112044 50.000000
0.368891 0.034326 -0.086794 50.000000
0.662647 0.562105 -0.093340 50.000000
0.327160 -0.330618 -0.068792 53.000000
0.336160 0.524464 0.483534 50.000000
0.607823 0.208616 0.023671 50.000000
-0.170343 -0.352711 -0.026243 51.000000
0.317340 -0.362531 -0.089249 53.000000
-0.698939 -0.115415 -0.003332 52.000000
-0.216166 -0.133417 -0.086794 52.000000
-0.244805 -0.281522 -0.069610 51.000000
0.091500 -0.394443 -0.131798 50.000000
0.014584 -0.020497 -0.076975 50.000000
0.516997 0.303534 0.067857 50.000000
0.087409 0.584198 0.023671 50.000000
-0.131885 -0.211152 -0.134253 50.000000
-0.415822 0.115334 -0.010696 52.000000
-0.681756 -0.318344 -0.005786 51.000000
0.175781 0.529374 -0.148982 50.000000
0.183964 -0.378078 -0.058155 50.000000
-0.108156 -0.233245 -0.137527 50.000000
-0.162160 -0.315071 -0.058974 51.000000
0.515360 0.028599 -0.052427 50.000000
0.005583 -0.378896 -0.081066 50.000000
0.489175 0.274895 0.379615 50.000000
0.000674 -0.232427 -0.114615 50.000000
0.547272 0.026962 0.029399 50.000000
0.035858 -0.482815 0.019580 50.000000
-0.216166 -0.223426 -0.084339 50.000000
0.525179 0.542467 -0.158801 50.000000
0.447444 0.260166 0.383706 50.000000
0.305067 -0.197241 -0.083521 50.000000
-0.581110 -0.325709 -0.059791 51.000000
-0.231713 -0.405080 0.012216 51.000000
-0.108974 -0.301979 -0.083521 51.000000
-0.613022 -0.240610 -0.052427 50.000000
-0.345451 0.558014 -0.009059 50.000000
0.322250 0.533465 0.171777 50.000000
0.452354 0.499099 0.192233 50.000000
0.327160 -0.220153 -0.036880 50.000000
0.600459 -0.457449 0.142319 53.000000
-0.398638 0.251984 0.115317 50.000000
-0.001781 -0.332255 -0.102341 50.000000
-0.146613 -0.427991 -0.080248 51.000000
-0.197346 0.055601 0.060493 52.000000
-0.047604 -0.318344 -0.157983 51.000000
-0.582747 0.566196 -0.061428 50.000000
0.192146 -0.108869 -0.041790 50.000000
-0.753763 -0.242246 -0.044244 50.000000
0.026039 -0.413262 -0.067974 50.000000
0.540726 0.551468 0.005669 50.000000
0.282974 -0.055682 -0.096613 50.000000
-0.322539 -0.155511 -0.063064 50.000000
-0.571291 -0.018043 -0.026243 52.000000
0.146324 -0.252065 -0.138344 50.000000
-0.703031 0.568651 -0.099068 50.000000
-0.001781 -0.090050 -0.110524 50.000000
0.265790 0.539193 0.375523 50.000000
-0.387182 0.559650 -0.135071 50.000000
0.001492 -0.287251 -0.117888 50.000000
-0.609749 -0.241428 0.003215 50.000000
-0.213711 -0.144873 -0.094158 52.000000
-0.392092 -0.144055 -0.085158 52.000000
-0.728397 -0.130144 -0.064701 52.000000
0.227332 0.049055 0.150501 50.000000
-0.051695 -0.102323 -0.140800 50.000000
0.574274 0.199615 0.044946 50.000000
0.401621 -0.468086 0.134955 53.000000
-0.381454 -0.000859 -0.055700 52.000000
0.578366 0.554741 -0.099886 50.000000
0.494085 0.548195 0.040037 50.000000
-0.042695 -0.210333 -0.124434 50.000000
-0.775038 -0.103142 -0.038517 52.000000
-0.521377 0.106333 0.082586 52.000000
0.615188 0.143155 -0.004968 50.000000
0.260880 -0.242246 -0.048336 50.000000
0.537453 -0.444357 0.143137 53.000000
-0.619568 -0.180058 -0.099886 50.000000
-0.383091 -0.428809 -0.045063 51.000000
-0.679301 -0.036044 0.045764 52.000000
0.446626 0.049055 -0.068792 50.000000
0.665920 0.557195 -0.072884 50.000000
-0.598294 0.601381 0.039218 50.000000
-0.265262 -0.281522 -0.081885 51.000000
-0.119611 -0.461540 0.011398 51.000000
-0.464917 -0.155511 -0.068792 50.000000
0.628280 0.558014 0.011398 50.000000
0.504723 0.303534 0.066221 50.000000
-0.478827 0.017143 -0.013151 52.000000
-0.752945 -0.348620 0.040037 51.000000
-0.703849 -0.010678 0.031036 52.000000
0.045678 -0.438629 -0.044244 50.000000
-0.618750 -0.153874 0.022035 50.000000
0.597186 -0.301979 0.039218 53.000000
-0.740671 0.580106 0.011398 50.000000
-0.372454 0.211071 0.043310 52.000000
-0.241532 0.573560 0.441802 50.000000
-0.211256 0.038418 0.017125 52.000000
0.218331 -0.166148 -0.088431 50.000000
0.196238 -0.144055 -0.089249 50.000000
0.423715 -0.426354 0.094860 53.000000
0.577548 -0.116234 -0.010696 50.000000
-0.272626 -0.224245 -0.098250 50.000000
0.582457 -0.020497 0.028581 50.000000
-0.315993 -0.061411 -0.049972 52.000000
-0.499284 0.574379 -0.130162 50.000000
-0.100791 -0.405080 -0.070429 51.000000
0.315704 -0.078594 -0.112160 50.000000
0.252698 -0.252065 -0.118706 50.000000
-0.002599 0.575197 -0.045063 50.000000
-0.145795 -0.422263 -0.031970 51.000000
0.116866 -0.054864 -0.080248 50.000000
0.047315 -0.145691 -0.135071 50.000000
-0.356907 -0.293797 -0.109705 51.000000
0.467901 -0.120325 -0.086794 50.000000
0.079227 -0.427991 -0.033607 50.000000
0.031767 -0.017224 -0.039335 50.000000
-0.239895 0.593198 -0.114615 50.000000
-0.595021 -0.130962 -0.061428 52.000000
0.436807 0.483552 0.446712 50.000000
-0.360998 -0.340437 -0.100704 51.000000
-0.013237 -0.090050 -0.108887 50.000000
-0.368362 0.215980 0.072767 52.000000
0.536635 0.464731 0.118590 50.000000
0.600459 0.056419 0.071130 50.000000
0.597186 -0.337164 0.038400 53.000000
-0.709577 -0.129326 -0.040971 52.000000
-0.232531 -0.010678 0.007306 52.000000
-0.319266 -0.247156 -0.109705 50.000000
0.433534 0.540829 0.062129 50.000000
0.262517 -0.306889 -0.100704 50.000000
0.521906 0.083422 0.010579 50.000000
-0.656390 -0.009860 0.061311 52.000000
0.306703 -0.295433 -0.109705 50.000000
-0.470645 0.164429 0.132500 52.000000
0.336160 0.513009 0.391071 50.000000
-0.215347 -0.280704 -0.085976 50.000000
-0.654754 0.558832 -0.067156 50.000000
-0.424004 0.064602 -0.019697 52.000000
0.067771 -0.018861 -0.053245 50.000000
-0.258716 -0.485269 -0.032789 51.000000
0.552181 -0.229972 -0.036062 53.000000
0.080045 -0.369077 -0.043426 50.000000
-0.389637 -0.111324 -0.128525 52.000000
0.482629 0.358358 0.082586 50.000000
-0.513195 -0.362531 -0.020515 51.000000
0.152052 0.524464 0.017125 50.000000
-0.340542 0.201252 0.073585 52.000000
0.599641 -0.421445 0.044946 53.000000
-0.327449 0.169340 0.038400 52.000000
0.440080 0.560468 0.203689 50.000000
0.435989 0.508099 0.421346 50.000000
0.520270 0.274895 0.109589 50.000000
0.004765 -0.465631 0.069494 50.000000
-0.066424 -0.501635 0.049856 51.000000
0.325523 0.017143 -0.034425 50.000000
0.250243 -0.198060 -0.061428 50.000000
0.523543 0.375541 -0.004968 50.000000
-0.180980 -0.302798 -0.080248 51.000000
-0.023056 -0.189059 -0.109705 50.000000
-0.732489 -0.153874 0.003215 50.000000
-0.137613 -0.501635 0.031854 51.000000
0.602914 -0.422263 0.171777 53.000000
0.617642 -0.161238 0.025308 53.000000
-0.301265 -0.212789 -0.087612 50.000000
0.424533 -0.053227 -0.077793 50.000000
-0.046786 -0.134235 -0.105614 50.000000
0.242060 -0.166148 -0.131798 50.000000
-0.234986 -0.302798 -0.102341 51.000000
-0.413367 -0.121143 -0.100704 52.000000
0.186419 -0.242246 -0.097431 50.000000
-0.635934 -0.203787 -0.035243 50.000000
-0.440369 -0.180058 -0.095795 50.000000
0.499812 0.545740 -0.042608 50.000000
0.471992 0.366540 0.114498 50.000000
0.322250 0.531829 0.350976 50.000000
-0.266898 -0.330618 -0.038517 51.000000
0.662647 0.562105 -0.093340 50.000000
0.144688 0.528556 -0.047517 50.000000
-0.771765 0.566196 0.155411 50.000000
-0.266898 -0.314253 -0.117888 51.000000
-0.267716 -0.351074 -0.076975 51.000000
0.381165 -0.229972 -0.076975 50.000000
-0.241532 -0.235700 -0.081066 50.000000
0.581639 -0.463177 0.089951 53.000000
0.483447 -0.274976 -0.050790 53.000000
-0.715305 0.542467 0.148047 50.000000
-0.345451 0.224981 0.132500 52.000000
-0.005054 -0.231609 -0.144890 50.000000
0.314886 -0.009860 -0.076157 50.000000
0.461355 0.405817 0.378796 50.000000
0.402440 -0.064684 -0.074520 50.000000
0.076772 -0.198878 -0.107251 50.000000
-0.591748 0.571924 0.238873 50.000000
0.429443 -0.322436 -0.015605 53.000000
-0.564745 -0.434537 0.062948 51.000000
0.339433 -0.428809 0.004851 53.000000
-0.385546 -0.433719 0.001578 51.000000
0.581639 0.074421 0.021217 50.000000
0.059589 -0.054046 -0.071247 50.000000
0.338615 -0.365804 -0.049154 53.000000
-0.117156 0.033508 -0.009878 52.000000
-0.434641 0.597290 0.038400 50.000000
-0.043513 -0.392806 -0.062247 51.000000
0.079227 -0.252883 -0.121161 50.000000
0.435170 0.310898 0.418073 50.000000
0.289520 0.044145 0.106316 50.000000
0.044042 0.586652 0.187324 50.000000
0.571819 -0.355984 0.125954 53.000000
-0.181798 0.024507 0.001578 52.000000
-0.617932 -0.303616 -0.012332 51.000000
0.547272 0.520373 -0.043426 50.000000
0.526816 -0.140782 -0.055700 50.000000
0.163507 -0.386260 -0.085976 50.000000
-0.680938 0.105515 0.134136 52.000000
-0.014055 -0.288069 -0.095795 50.000000
0.095592 0.031872 -0.005786 50.000000
-0.363453 -0.109688 -0.094158 52.000000
0.393439 0.528556 0.441802 50.000000
0.458082 -0.240610 -0.090885 53.000000
0.027676 0.087513 0.051492 50.000000
-0.021419 -0.410808 0.008124 50.000000
-0.158069 -0.222608 -0.121979 50.000000
-0.419913 -0.331436 -0.082703 51.000000
-0.423186 -0.343710 -0.073702 51.000000
0.261699 -0.132599 -0.088431 50.000000
0.420441 0.249529 0.402526 50.000000
-0.011600 -0.320799 -0.110524 50.000000
0.134050 -0.028680 -0.031970 50.000000
-0.182617 -0.423081 -0.031152 51.000000
0.468719 -0.086777 -0.077793 50.000000
0.132414 -0.454176 0.002396 50.000000
0.517815 -0.049136 -0.031152 50.000000
0.077590 -0.006587 -0.045063 50.000000
0.104592 -0.076957 -0.069610 50.000000
0.322250 0.533465 0.171777 50.000000
0.503904 -0.084322 -0.053245 50.000000
-0.442824 0.554741 -0.005786 50.000000
-0.191618 0.035145 -0.009878 52.000000
0.032585 -0.029498 -0.047517 50.000000
0.575092 0.115334 0.059675 50.000000
0.505541 -0.027043 -0.038517 50.000000
-0.302901 -0.167784 -0.084339 50.000000
0.192146 -0.108869 -0.041790 50.000000
-0.015691 -0.400989 -0.090885 50.000000
0.122595 0.567014 0.057220 50.000000
0.525179 -0.431264 0.140682 53.000000
-0.266898 -0.330618 -0.038517 51.000000
-0.631843 0.148064 0.160321 52.000000
-0.186709 -0.301979 -0.101523 51.000000
-0.351179 -0.378896 -0.057336 51.000000
-0.205528 -0.211971 -0.121161 50.000000
0.372982 0.562105 0.126772 50.000000
0.528452 0.499917 0.014671 50.000000
0.521088 0.093241 -0.001695 50.000000
0.584094 0.536738 -0.040153 50.000000
0.575092 -0.373986 0.049037 53.000000
0.114411 -0.450085 0.065402 50.000000
0.036677 -0.054046 -0.069610 50.000000
0.409804 0.589107 0.483534 50.000000
0.322250 0.562105 -0.129343 50.000000
-0.046786 -0.134235 -0.105614 50.000000
-0.092608 0.549012 -0.018878 50.000000
-0.257897 -0.351893 -0.068792 51.000000
-0.612204 0.110425 0.085040 52.000000
-0.390455 -0.316708 -0.124434 51.000000
-0.352815 0.175067 -0.009059 52.000000
-0.703849 -0.242246 0.009760 50.000000
-0.373272 -0.390351 -0.068792 51.000000
0.273155 -0.274976 -0.076157 50.000000
0.422078 -0.457449 0.052310 53.000000
0.264972 0.035145 0.133318 50.000000
-0.210438 0.086695 0.109589 52.000000
-0.446915 0.024507 -0.061428 52.000000
0.005583 -0.318344 -0.141617 50.000000
-0.108974 -0.301979 -0.083521 51.000000
0.206057 -0.154692 -0.076975 50.000000
0.395075 -0.310162 -0.026243 53.000000
0.490812 0.408272 0.023671 50.000000
0.294429 -0.430446 0.016306 53.000000
0.187237 0.091605 0.187324 50.000000
0.410622 0.556377 0.107952 50.000000
0.462991 0.550649 -0.063064 50.000000
-0.739035 -0.293797 -0.013151 51.000000
0.506359 -0.037681 -0.028697 50.000000
0.309976 0.554741 0.028581 50.000000
-0.680120 0.558832 0.062948 50.000000
0.038313 0.031053 -0.015605 50.000000
-0.146613 -0.223426 -0.073702 50.000000
-0.547561 -0.130144 -0.040153 52.000000
-0.201437 -0.063047 -0.055700 52.000000
0.066953 -0.134235 -0.115433 50.000000
-0.183436 -0.279067 -0.115433 50.000000
-0.568018 0.558832 0.055583 50.000000
0.012947 -0.064684 -0.061428 50.000000
0.575092 -0.302798 0.058038 53.000000
-0.302083 -0.179240 -0.085158 50.000000
0.336160 0.011415 -0.092522 50.000000
0.494085 -0.297070 -0.058974 53.000000
-0.570473 0.109606 0.094042 52.000000
-0.587656 0.561287 -0.118706 50.000000
0.186419 -0.274976 -0.094158 50.000000
-0.046786 0.555559 0.007306 50.000000
0.336979 -0.121961 -0.103977 50.000000
0.555454 -0.353529 0.092405 53.000000
-0.239895 0.593198 -0.114615 50.000000
0.147961 0.541648 0.238056 50.000000
-0.442006 -0.121143 -0.094158 52.000000
0.602096 -0.027043 0.088313 50.000000
-0.495193 -0.238973 -0.027061 50.000000
-0.683393 -0.203787 -0.060609 50.000000
-0.175252 -0.179240 -0.103159 50.000000
-0.249714 0.580106 0.406618 50.000000
-0.322539 -0.108869 -0.065519 52.000000
-0.050877 0.574379 0.021217 50.000000
-0.326631 0.571106 -0.121979 50.000000
0.535816 0.086695 0.031854 50.000000
-0.135158 0.561287 0.132500 50.000000
-0.570473 0.109606 0.094042 52.000000
0.003128 -0.368259 -0.065519 50.000000
0.034222 -0.123598 -0.122797 50.000000
0.317340 -0.423081 -0.048336 53.000000
0.478538 -0.076139 -0.095795 50.000000
-0.334814 -0.303616 -0.136708 51.000000
-0.368362 0.453276 0.152138 50.000000
0.048133 -0.021316 -0.077793 50.000000
0.037495 0.053146 0.074403 50.000000
-0.413367 -0.431264 -0.035243 51.000000
-0.111429 0.007323 -0.033607 52.000000
-0.631843 0.148064 0.160321 52.000000
-0.545925 -0.313435 -0.040971 51.000000
-0.215347 0.558014 0.395162 50.000000
0.447444 0.038418 -0.059791 50.000000
-0.333996 -0.224245 -0.101523 50.000000
-0.595839 -0.104778 -0.030334 52.000000
-0.328267 0.567833 0.025308 50.000000
-0.018146 -0.021316 -0.087612 50.000000
-0.069697 -0.221790 -0.102341 50.000000
0.215058 0.546558 -0.030334 50.000000
-0.046786 0.111243 0.130045 50.000000
0.009674 -0.405898 -0.035243 50.000000
0.438443 0.113698 -0.018060 50.000000
-0.076243 -0.456631 -0.021333 51.000000
0.480993 -0.130144 -0.063064 50.000000
-0.366726 0.322354 0.134955 50.000000
0.507996 0.385360 -0.055700 50.000000
0.335342 0.560468 0.392707 50.000000
0.469537 -0.229972 -0.072884 53.000000
-0.111429 0.571924 0.004033 50.000000
-0.571291 -0.018043 -0.026243 52.000000
-0.592566 0.545740 0.006488 50.000000
0.229787 -0.176785 -0.108887 50.000000
0.593913 -0.426354 0.093224 53.000000
-0.326631 0.089149 0.006488 52.000000
-0.261170 -0.468086 0.019580 51.000000
-0.019783 -0.330618 -0.125252 51.000000
0.308340 0.537556 0.320700 50.000000
0.317340 -0.411626 -0.048336 53.000000
0.412259 -0.033589 -0.108069 50.000000
-0.761946 -0.142418 -0.060609 52.000000
-0.427277 -0.297070 -0.061428 51.000000
-0.094245 -0.067138 -0.103977 52.000000
-0.761946 -0.345347 -0.031970 50.000000
-0.136794 0.549012 0.013033 50.000000
-0.517286 0.062147 0.040855 52.000000
-0.205528 0.564560 0.418891 50.000000
-0.024692 -0.056500 -0.108887 50.000000
0.215058 0.541648 0.239692 50.000000
-0.211256 0.583379 0.097315 50.000000
-0.286536 0.583379 0.122681 50.000000
-0.775856 -0.345347 -0.036062 50.000000
0.661010 0.562105 -0.022151 50.000000
0.622552 -0.319163 0.137409 53.000000
-0.374090 0.269986 0.080131 50.000000
0.405713 0.542467 -0.007423 50.000000
-0.308629 0.010596 -0.040153 52.000000
-0.367544 0.202888 0.072767 52.000000
0.137323 -0.065502 -0.063882 50.000000
-0.247259 -0.109688 -0.063064 52.000000
-0.378181 -0.202151 -0.085976 50.000000
0.241242 0.588289 0.246238 50.000000
0.445808 -0.099050 -0.096613 50.000000
0.434352 -0.099050 -0.097431 50.000000
0.030131 0.567833 0.089951 50.000000
-0.154796 0.593198 0.467169 50.000000
0.562000 -0.325709 0.041673 53.000000
0.433534 -0.088413 -0.109705 50.000000
-0.342996 0.017961 -0.092522 52.000000
-0.698939 -0.115415 -0.003332 52.000000
-0.236622 -0.201333 -0.096613 50.000000
-0.126975 0.561287 -0.103159 50.000000
-0.662936 0.571106 -0.118706 50.000000
0.373801 -0.429628 0.013033 53.000000
0.476901 -0.369895 0.004033 53.000000
0.558727 -0.404262 0.115317 53.000000
0.557909 0.542467 0.056402 50.000000
0.460536 -0.252883 -0.048336 53.000000
-0.748035 0.535920 0.112862 50.000000
-0.237440 -0.144873 -0.095795 52.000000
-0.210438 -0.327345 -0.061428 51.000000
-0.698121 0.045782 0.076858 52.000000
0.576730 0.008142 0.080131 50.000000
0.181509 -0.414899 -0.028697 53.000000
-0.347906 0.166885 0.017944 52.000000
0.336160 0.499099 0.505627 50.000000
-0.133521 -0.392806 -0.081885 51.000000
-0.704667 0.034326 0.091586 52.000000
0.191328 0.540011 0.188960 50.000000
0.272336 -0.197241 -0.085158 50.000000
0.553000 0.154610 0.076858 50.000000
0.053043 -0.210333 -0.095795 50.000000
0.056316 -0.177603 -0.117070 50.000000
-0.398638 -0.179240 -0.103159 50.000000
0.053043 -0.100687 -0.098250 50.000000
-0.122884 -0.233245 -0.122797 50.000000
0.598004 0.103060 0.054765 50.000000
-0.671937 -0.154692 -0.055700 50.000000
0.062043 -0.377259 -0.079430 50.000000
0.071862 -0.066320 -0.078612 50.000000
0.508814 0.010596 -0.004968 50.000000
-0.135976 0.612018 0.531811 50.000000
-0.116338 0.550649 -0.091704 50.000000
-0.637570 -0.130144 -0.034425 52.000000
-0.252169 -0.494270 0.032672 51.000000
-0.753763 -0.268430 -0.015605 50.000000
-0.730034 0.576015 -0.043426 50.000000
0.030131 -0.252883 -0.158801 50.000000
0.131596 0.056419 0.104679 50.000000
0.206876 -0.309344 -0.069610 50.000000
0.269881 -0.016406 -0.025424 50.000000
-0.799586 -0.153874 0.008943 50.000000
0.538271 0.211071 0.046583 50.000000
0.317340 -0.307707 -0.083521 50.000000
0.217513 -0.409989 -0.067156 53.000000
0.565273 0.303534 0.061311 50.000000
0.426988 -0.252883 -0.045063 53.000000
-0.194891 0.567014 -0.135889 50.000000
-0.480464 -0.048318 -0.072065 52.000000
0.022766 -0.101505 -0.121161 50.000000
0.523543 0.541648 0.097315 50.000000
-0.261989 -0.027862 -0.062247 52.000000
0.072681 -0.316708 -0.154710 50.000000
0.350071 0.520373 0.415618 50.000000
-0.272626 0.583379 0.125136 50.000000
0.009674 -0.405898 -0.035243 50.000000
-0.321721 -0.121961 -0.105614 52.000000
-0.163797 -0.167784 -0.102341 50.000000
-0.298810 -0.073684 -0.061428 52.000000
0.537453 -0.444357 0.143137 53.000000
-0.212074 -0.234882 -0.097431 50.000000
-0.457553 0.567833 0.215144 50.000000
-0.383909 -0.381351 -0.037698 51.000000
-0.228439 -0.110506 -0.086794 52.000000
0.539089 0.152156 0.059675 50.000000
0.381165 -0.108869 -0.075339 50.000000
0.228150 -0.165330 -0.068792 50.000000
0.075954 -0.477905 0.083404 50.000000
0.012129 -0.198878 -0.119524 50.000000
-0.451825 -0.098232 -0.104796 52.000000
0.087409 -0.112142 -0.105614 50.000000
-0.661300 0.574379 -0.021333 50.000000
0.218331 -0.274976 -0.081885 50.000000
0.514542 0.161975 0.051492 50.000000
-0.234986 -0.466450 0.019580 51.000000
-0.243168 0.024507 -0.004968 52.000000
0.035858 0.021234 0.004033 50.000000
0.347616 -0.078594 -0.113797 50.000000
0.088227 -0.080230 -0.120343 50.000000
-0.069697 -0.144873 -0.103977 50.000000
0.410622 0.556377 0.107952 50.000000
-0.302083 0.585834 0.364886 50.000000
0.161053 0.570287 0.234783 50.000000
-0.253805 -0.407535 -0.086794 51.000000
-0.348724 0.154610 0.022035 52.000000
-0.601567 -0.117052 -0.016424 52.000000
-0.276717 -0.463995 -0.014787 51.000000
0.401621 -0.132599 -0.112978 50.000000
0.519451 -0.320799 -0.032789 53.000000
-0.316812 -0.134235 -0.118706 52.000000
0.416350 -0.342074 -0.056518 53.000000
-0.175252 -0.448448 -0.013151 51.000000
-0.599112 0.141518 0.121044 52.000000
-0.315993 -0.098232 -0.085158 52.000000
-0.631024 0.561287 -0.051609 50.000000
0.131596 0.544103 0.112044 50.000000
-0.327449 -0.425536 -0.052427 51.000000
0.458082 -0.075321 -0.075339 50.000000
-0.256260 0.582561 0.003215 50.000000
0.471174 -0.351893 -0.072884 53.000000
0.631553 -0.450085 0.186505 53.000000
-0.086062 0.576015 0.422164 50.000000
-0.716123 -0.348620 0.062129 51.000000
0.018675 0.017143 -0.036880 50.000000
-0.020601 0.043327 -0.013969 50.000000
0.068589 -0.209515 -0.126889 50.000000
-0.683393 -0.203787 -0.060609 50.000000
-0.390455 0.163611 0.066221 52.000000
-0.077061 0.019598 -0.026243 50.000000
0.175781 0.063784 0.169322 50.000000
-0.356907 -0.270885 -0.109705 50.000000
0.369709 -0.218517 -0.093340 50.000000
-0.114702 0.004050 -0.073702 52.000000
0.185600 -0.144055 -0.094158 50.000000
-0.367544 -0.282340 -0.116251 51.000000
0.216695 -0.143237 -0.070429 50.000000
-0.162160 -0.315071 -0.058974 51.000000
-0.554925 0.074421 0.025308 52.000000
0.609460 0.103060 0.049037 50.000000
0.435170 -0.064684 -0.077793 50.000000
0.257607 0.557195 0.156229 50.000000
-0.791404 -0.074503 0.019580 52.000000
-0.383091 -0.420627 -0.005786 51.000000
0.093955 -0.284795 -0.149800 50.000000
0.197057 -0.220153 -0.099068 50.000000
0.132414 -0.307707 -0.104796 50.000000
0.165144 -0.263521 -0.106432 50.000000
-0.288991 0.107152 0.149683 52.000000
-0.126157 -0.311798 -0.108069 51.000000
0.563637 0.287169 0.044946 50.000000
-0.058241 -0.297070 -0.160438 51.000000
0.315704 -0.132599 -0.090885 50.000000
0.149597 0.090787 0.176686 50.000000
-0.671119 -0.343710 0.003215 51.000000
0.088227 -0.385442 -0.106432 50.000000
-0.364271 0.448366 0.188960 50.000000
0.471992 -0.015588 -0.036062 50.000000
-0.154796 -0.497543 -0.000059 51.000000
-0.757036 -0.180058 -0.010696 50.000000
-0.243168 0.572742 -0.096613 50.000000
-0.763582 -0.139964 0.030217 52.000000
0.538271 -0.117870 -0.047517 50.000000
-0.472281 -0.249610 -0.083521 50.000000
0.206876 -0.353529 -0.069610 50.000000
-0.070515 0.069511 -0.006605 50.000000
-0.632660 -0.037681 0.044128 52.000000
-0.268535 -0.374805 -0.076975 51.000000
-0.253805 -0.281522 -0.080248 51.000000
-0.588475 -0.027862 0.012216 52.000000
-0.041876 -0.009860 -0.085158 50.000000
-0.375727 -0.144873 -0.095795 52.000000
0.627461 0.586652 -0.094158 50.000000
-0.157251 -0.211152 -0.124434 50.000000
-0.252169 -0.324890 -0.127707 51.000000
-0.321721 0.123517 -0.014787 52.000000
-0.327449 -0.414081 -0.053245 51.000000
0.434352 -0.131780 -0.098250 50.000000
0.499812 0.545740 -0.042608 50.000000
0.128323 -0.276613 -0.068792 50.000000
0.314886 -0.031135 -0.065519 50.000000
-0.229258 0.575197 0.246238 50.000000
0.435989 0.094878 -0.066337 50.000000
0.438443 -0.163693 -0.040971 50.000000
-0.753763 -0.114597 0.012216 52.000000
-0.202255 -0.121961 -0.091704 52.000000
0.515360 -0.447630 0.169322 53.000000
0.576730 -0.104778 -0.014787 50.000000
0.161871 0.549831 -0.130980 50.000000
0.174963 -0.319163 -0.093340 50.000000
0.525179 0.343629 0.018762 50.000000
0.231423 0.556377 -0.143254 50.000000
-0.424004 -0.098232 -0.108069 52.000000
0.584094 0.536738 -0.040153 50.000000
0.571819 -0.296252 -0.063882 53.000000
0.415532 -0.308525 -0.063064 53.000000
-0.376545 -0.025407 -0.064701 52.000000
0.601277 0.118607 0.073585 50.000000
0.513723 -0.306889 -0.083521 53.000000
-0.358543 0.351812 0.147228 50.000000
0.043223 -0.006587 -0.042608 50.000000
0.316522 -0.252883 -0.078612 50.000000
-0.230894 0.066238 0.039218 52.000000
-0.304538 0.121062 0.058856 52.000000
0.136505 -0.075321 -0.053245 50.000000
-0.265262 -0.385442 -0.086794 51.000000
0.012947 -0.112961 -0.127707 50.000000
0.495721 -0.401807 0.089132 53.000000
-0.271808 -0.235700 -0.100704 50.000000
-0.132703 0.065420 0.053947 52.000000
0.575092 -0.128507 -0.028697 50.000000
-0.487010 -0.417354 -0.087612 51.000000
-0.221893 -0.246337 -0.105614 50.000000
0.239606 -0.099869 -0.088431 50.000000
-0.126975 -0.349438 -0.057336 51.000000
0.539908 0.263440 0.053947 50.000000
-0.292264 -0.257793 -0.116251 50.000000
0.587367 -0.361712 0.049856 53.000000
-0.160524 -0.100687 -0.117888 52.000000
0.390166 0.566196 0.313336 50.000000
0.439262 0.515464 0.502354 50.000000
-0.459189 0.582561 0.213508 50.000000
-0.547561 -0.289705 -0.004968 51.000000
-0.280808 -0.363349 -0.076975 51.000000
-0.120429 0.576015 0.052310 50.000000
0.408167 0.436911 0.447530 50.000000
-0.212074 -0.063047 -0.061428 52.000000
0.442535 -0.346983 0.009760 53.000000
0.064498 -0.024589 -0.112978 50.000000
-0.442006 -0.272521 -0.092522 51.000000
-0.283263 -0.167784 -0.105614 50.000000
-0.356907 -0.190695 -0.109705 50.000000
-0.680938 0.051510 0.139864 52.000000
0.613551 -0.124416 0.082586 50.000000
0.080045 0.568651 -0.018060 50.000000
0.527634 0.006505 -0.046699 50.000000
-0.469826 -0.036044 -0.064701 52.000000
-0.701394 0.548195 0.402526 50.000000
0.613551 -0.124416 0.082586 50.000000
0.620915 -0.263521 -0.035243 53.000000
-0.239077 0.570287 0.228236 50.000000
0.448262 -0.240610 -0.067156 53.000000
-0.171161 0.048237 0.006488 52.000000
-0.064787 0.061329 0.026944 50.000000
-0.433005 -0.086777 -0.118706 52.000000
0.593095 0.556377 -0.165347 50.000000
0.377892 0.586652 0.376341 50.000000
-0.420731 -0.097414 -0.083521 52.000000
-0.559835 -0.166966 -0.009059 50.000000
0.380347 0.071148 -0.064701 50.000000
-0.235804 -0.316708 -0.058155 51.000000
0.006401 0.554741 0.175050 50.000000
-0.733307 -0.392806 -0.058974 51.000000
-0.730034 0.585834 0.131682 50.000000
0.129959 -0.188241 -0.086794 50.000000
-0.397819 -0.364167 -0.108069 51.000000
-0.699758 -0.166966 0.001578 50.000000
-0.108156 -0.112961 -0.142436 52.000000
0.507177 -0.331436 -0.044244 53.000000
0.053861 -0.133417 -0.102341 50.000000
-0.354452 0.163611 -0.002513 52.000000
-0.369999 -0.072048 -0.042608 52.000000
0.042404 -0.298706 -0.094977 50.000000
-0.620386 -0.252883 -0.036062 51.000000
-0.013237 -0.018043 -0.050790 50.000000
0.510450 0.538375 -0.063882 50.000000
0.369709 -0.121143 -0.090885 50.000000
0.240424 -0.208697 -0.102341 50.000000
0.584094 -0.313435 0.032672 53.000000
-0.034512 -0.299525 -0.105614 50.000000
-0.369999 0.466368 0.256058 50.000000
-0.009964 0.112061 0.137409 50.000000
0.490812 -0.119507 -0.079430 50.000000
-0.227621 -0.337982 -0.086794 51.000000
-0.359361 0.325628 0.154593 50.000000
-0.714487 -0.385442 0.026126 51.000000
-0.280808 -0.363349 -0.076975 51.000000
0.080863 0.567014 0.094042 50.000000
-0.046786 0.111243 0.130045 50.000000
0.005583 -0.378896 -0.081066 50.000000
-0.387182 0.559650 -0.135071 50.000000
0.185600 -0.144055 -0.094158 50.000000
0.021948 -0.123598 -0.112978 50.000000
0.316522 -0.285613 -0.079430 50.000000
0.249425 -0.076957 -0.076157 50.000000
-0.377363 0.013051 -0.029516 52.000000
-0.077879 -0.332255 -0.118706 51.000000
0.432716 -0.384624 0.040855 53.000000
0.018675 0.005687 -0.036062 50.000000
-0.068879 0.004050 -0.067156 52.000000
0.014584 0.531829 0.026126 50.000000
-0.501739 -0.324072 -0.045881 51.000000
-0.626932 0.054783 0.055583 52.000000
-0.752945 -0.332255 -0.018878 50.000000
-0.500921 -0.180058 -0.112978 50.000000
0.165144 -0.285613 -0.106432 50.000000
-0.631024 0.489280 0.323973 50.000000
0.022766 -0.427991 -0.042608 50.000000
-0.342996 -0.224245 -0.113797 50.000000
-0.517286 -0.385442 -0.046699 51.000000
-0.018964 -0.156329 -0.131798 50.000000
0.413077 -0.143237 -0.101523 50.000000
-0.713668 -0.204606 -0.031970 50.000000
0.524361 0.559650 -0.044244 50.000000
0.317340 -0.362531 -0.089249 53.000000
0.047315 -0.135053 -0.134253 50.000000
0.227332 -0.198060 -0.052427 50.000000
-0.072970 -0.232427 -0.139981 50.000000
-0.484555 0.015507 -0.032789 52.000000
-0.253805 -0.247156 -0.078612 50.000000
-0.617932 0.558832 0.184869 50.000000
-0.203074 0.570287 0.191415 50.000000
-0.041058 -0.043408 -0.086794 50.000000
0.413077 -0.131780 -0.090885 50.000000
0.349253 -0.316708 -0.108069 50.000000
0.132414 -0.155511 -0.110524 50.000000
0.597186 -0.301979 0.039218 53.000000
-0.345451 0.563741 0.138228 50.000000
-0.416640 0.229072 0.131682 52.000000
-0.708759 -0.308525 0.049037 51.000000
-0.288173 -0.291342 -0.128525 51.000000
0.138142 -0.054046 -0.068792 50.000000
0.186419 -0.122780 -0.109705 50.000000
0.615188 0.072784 0.005669 50.000000
-0.383909 0.535920 0.232328 50.000000
0.599641 -0.421445 0.044946 53.000000
-0.653935 0.013051 0.020398 52.000000
0.470355 0.397635 0.080131 50.000000
0.492448 -0.130144 -0.058974 50.000000
0.522724 -0.465631 0.110407 53.000000
-0.748854 0.570287 -0.068792 50.000000
0.549727 -0.418990 0.139864 53.000000
-0.559835 -0.166966 -0.009059 50.000000
0.489175 0.219253 0.389434 50.000000
0.035040 -0.363349 -0.119524 50.000000
-0.225985 -0.394443 -0.095795 51.000000
-0.697303 0.553104 0.302698 50.000000
-0.384727 -0.317526 -0.105614 51.000000
0.033404 -0.007405 -0.055700 50.000000
0.661010 0.586652 -0.030334 50.000000
-0.441187 -0.048318 -0.068792 52.000000
-0.310266 -0.167784 -0.098250 50.000000
0.532543 0.349357 0.091586 50.000000
0.590640 -0.288069 -0.005786 53.000000
0.180691 0.551468 0.136591 50.000000
-0.205528 0.580106 0.415618 50.000000
0.135687 -0.416535 -0.022970 50.000000
-0.438733 -0.320799 -0.067156 51.000000
0.241242 0.008142 0.116953 50.000000
-0.573746 0.067875 0.071130 52.000000
-0.671937 -0.154692 -0.055700 50.000000
0.012947 -0.064684 -0.061428 50.000000
0.480174 -0.096596 -0.067974 50.000000
-0.399456 -0.035226 -0.036880 52.000000
0.361527 -0.400989 -0.034425 53.000000
-0.609749 -0.382987 -0.124434 51.000000
-0.118793 -0.279067 -0.090067 50.000000
0.292793 0.580925 0.461441 50.000000
0.402440 -0.207879 -0.094158 50.000000
0.545635 0.238891 -0.002513 50.000000
0.516178 0.364085 0.049037 50.000000
0.278883 0.537556 0.421346 50.000000
0.436807 0.407454 0.448348 50.000000
-0.331540 -0.463177 -0.044244 51.000000
0.507177 0.297806 0.098951 50.000000
-0.806950 -0.071230 0.078495 52.000000
-0.524650 -0.068775 -0.031152 52.000000
-0.581110 -0.265975 0.005669 51.000000
0.560364 0.052328 0.041673 50.000000
0.192146 -0.041772 -0.048336 50.000000
0.467901 -0.164511 -0.089249 53.000000
-0.374090 0.418091 0.181596 50.000000
0.327160 -0.220153 -0.036880 50.000000
-0.143340 -0.016406 -0.048336 52.000000
-0.178525 -0.088413 -0.094158 52.000000
-0.185072 -0.396079 -0.067974 51.000000
0.336160 0.092423 0.096497 50.000000
-0.460007 -0.121961 -0.115433 52.000000
0.327978 -0.369077 -0.009878 53.000000
0.347616 0.574379 0.162776 50.000000
-0.199801 -0.449266 -0.015605 51.000000
0.130777 -0.319981 -0.088431 50.000000
0.471174 -0.425536 0.082586 53.000000
0.184782 -0.198060 -0.085158 50.000000
-0.514013 -0.019679 -0.026243 52.000000
0.629916 0.197979 0.096497 50.000000
0.226514 -0.438629 -0.018060 53.000000
0.145506 -0.166966 -0.139162 50.000000
-0.386364 0.414818 0.223327 50.000000
-0.307811 -0.292978 -0.105614 51.000000
-0.300446 -0.348620 -0.130980 51.000000
0.022766 0.079330 0.085859 50.000000
-0.010782 -0.415717 -0.053245 50.000000
-0.365089 0.503190 0.125954 50.000000
0.618461 0.551468 0.034309 50.000000
0.434352 -0.433719 0.051492 53.000000
0.260880 -0.264339 -0.057336 50.000000
0.539089 -0.072048 -0.041790 50.000000
-0.027147 -0.418990 -0.024606 50.000000
0.118503 -0.077776 -0.090885 50.000000
0.461355 -0.309344 -0.045881 53.000000
0.204421 0.537556 -0.056518 50.000000
0.196238 -0.342074 -0.084339 50.000000
-0.077879 -0.332255 -0.118706 51.000000
-0.694030 -0.412444 0.046583 51.000000
0.049770 -0.044227 -0.082703 50.000000
-0.112247 -0.156329 -0.122797 52.000000
-0.317630 0.594835 0.240511 50.000000
-0.020601 0.043327 -0.013969 50.000000
0.189692 -0.016406 -0.020515 50.000000
0.359890 -0.264339 -0.051609 50.000000
0.339433 -0.453358 0.017125 53.000000
-0.104882 0.563741 -0.091704 50.000000
-0.063969 -0.346165 -0.076157 51.000000
-0.217802 0.565378 0.265058 50.000000
0.215058 0.541648 0.239692 50.000000
-0.213711 -0.144873 -0.094158 52.000000
0.373801 -0.417354 0.011398 53.000000
0.578366 0.542467 0.014671 50.000000
-0.563927 -0.081049 -0.038517 52.000000
-0.284900 0.014688 0.008124 52.000000
0.503086 0.233163 0.385343 50.000000
-0.535287 0.006505 -0.011514 52.000000
-0.225985 0.571106 -0.059791 50.000000
0.408167 0.499917 0.449985 50.000000
-0.349542 0.222526 0.192233 52.000000
-0.654754 -0.328982 -0.029516 51.000000
-0.250532 0.057238 0.065402 52.000000
-0.108156 -0.111324 -0.089249 52.000000
0.021948 -0.123598 -0.112978 50.000000
0.360709 -0.308525 -0.054063 50.000000
-0.306174 -0.340437 -0.074520 51.000000
0.626643 0.131699 -0.004968 50.000000
0.239606 -0.089231 -0.104796 50.000000
0.462173 0.415636 0.145592 50.000000
0.135687 -0.295433 -0.135071 50.000000
-0.430550 -0.132599 -0.089249 52.000000
-0.206347 -0.015588 -0.042608 52.000000
0.451535 -0.344528 -0.028697 53.000000
0.560364 -0.442720 0.124317 53.000000
0.276428 0.059692 0.130045 50.000000
-0.009964 0.112061 0.137409 50.000000
-0.214529 -0.097414 -0.049972 52.000000
0.470355 0.373904 0.091586 50.000000
0.153688 0.541648 -0.010696 50.000000
-0.106518 -0.265975 -0.144072 50.000000
0.419623 -0.427991 -0.001695 53.000000
0.239606 -0.230791 -0.072065 50.000000
-0.001781 -0.461540 0.034309 50.000000
-0.010782 -0.265157 -0.112978 50.000000
0.439262 -0.319981 -0.045881 53.000000
-0.687484 -0.254520 -0.022970 50.000000
0.420441 0.558014 0.382888 50.000000
-0.586020 -0.202969 -0.015605 50.000000
0.176599 0.560468 0.003215 50.000000
-0.294719 -0.343710 -0.028697 51.000000
-0.395365 0.026962 -0.019697 52.000000
-0.712031 -0.192332 -0.064701 50.000000
0.293611 -0.067957 -0.108069 50.000000
-0.248078 0.541648 0.094042 50.000000
-0.134340 -0.167784 -0.126070 50.000000
-0.388819 -0.013951 -0.067974 52.000000
0.349253 -0.230791 -0.032789 50.000000
0.173326 -0.275794 -0.072884 50.000000
0.192965 0.567833 0.417255 50.000000
-0.672755 -0.216880 -0.022151 50.000000
-0.193255 0.594835 -0.099068 50.000000
0.535816 -0.195605 -0.075339 53.000000
0.589003 -0.229972 -0.012332 53.000000
-0.736580 -0.269248 0.011398 51.000000
0.457263 0.456549 0.292061 50.000000
0.601277 0.204525 0.065402 50.000000
-0.239895 -0.039317 -0.052427 52.000000
-0.734943 -0.268430 -0.021333 50.000000
0.517815 0.547376 -0.111342 50.000000
0.239606 -0.078594 -0.098250 50.000000
0.413077 0.001596 -0.081885 50.000000
0.458900 -0.229972 -0.072065 53.000000
-0.512376 -0.297888 -0.085976 51.000000
0.575092 0.544103 -0.018878 50.000000
-0.502557 -0.310162 -0.076975 51.000000
-0.415003 0.073603 -0.044244 52.000000
-0.171161 -0.145691 -0.119524 52.000000
0.283792 -0.197241 -0.088431 50.000000
-0.249714 -0.190695 -0.095795 50.000000
0.305885 -0.165330 -0.105614 50.000000
-0.390455 -0.063047 -0.094977 52.000000
0.105411 0.568651 0.100588 50.000000
-0.059060 -0.211152 -0.098250 50.000000
0.498994 0.131699 0.017125 50.000000
0.008038 0.094060 0.101406 50.000000
0.432716 0.545740 0.341975 50.000000
-0.771765 0.566196 0.155411 50.000000
-0.337269 -0.247156 -0.130162 50.000000
0.241242 -0.384624 -0.098250 53.000000
-0.693212 0.018780 0.069494 52.000000
0.532543 -0.322436 -0.009878 53.000000
-0.698121 -0.166966 -0.032789 50.000000
0.002310 -0.189059 -0.126889 50.000000
-0.065606 0.580106 0.288788 50.000000
-0.183436 0.575197 0.163593 50.000000
0.292793 0.530192 0.503990 50.000000
-0.049241 -0.355984 -0.090885 51.000000
-0.517286 -0.441083 0.017944 51.000000
-0.788948 -0.115415 -0.012332 52.000000
-0.054150 -0.221790 -0.121979 50.000000
0.454809 -0.207060 -0.123616 53.000000
0.007220 -0.431264 -0.018878 50.000000
0.116048 -0.412444 -0.058155 50.000000
0.538271 0.211071 0.046583 50.000000
-0.436278 0.560468 0.103861 50.000000
0.525179 0.550649 -0.033607 50.000000
0.449899 0.402544 0.427892 50.000000
-0.013237 -0.006587 -0.052427 50.000000
0.152870 -0.001677 0.013033 50.000000
-0.494375 -0.348620 -0.032789 51.000000
0.620915 0.139064 0.041673 50.000000
-0.424004 -0.098232 -0.108069 52.000000
-0.324176 -0.110506 -0.098250 52.000000
0.485084 -0.252883 -0.025424 53.000000
-0.297173 -0.027862 -0.072884 52.000000
0.523543 0.375541 -0.004968 50.000000
0.413895 0.573560 -0.103977 50.000000
-0.148250 0.031053 -0.036880 52.000000
0.665920 0.557195 -0.072884 50.000000
0.413077 0.058056 -0.080248 50.000000
-0.017328 0.083422 0.107952 50.000000
0.076772 -0.374805 -0.103977 50.000000
-0.333177 -0.423900 -0.074520 51.000000
0.117685 0.571106 0.107952 50.000000
-0.562290 -0.191514 -0.036062 50.000000
-0.185890 0.585834 0.241329 50.000000
-0.728397 -0.241428 -0.062247 50.000000
0.175781 0.537556 0.224963 50.000000
0.472810 0.552286 -0.094158 50.000000
-0.461644 -0.334709 -0.043426 51.000000
0.075135 0.006505 -0.025424 50.000000
-0.324994 -0.316708 -0.092522 51.000000
0.227332 0.565378 -0.051609 50.000000
0.077590 -0.144873 -0.114615 50.000000
-0.538560 0.544921 0.324792 50.000000
-0.366726 -0.353529 -0.084339 51.000000
0.425351 -0.108869 -0.071247 50.000000
-0.493556 0.105515 0.086678 52.000000
-0.552471 0.162793 0.192233 52.000000
-0.138431 -0.053227 -0.068792 52.000000
0.626643 0.131699 -0.004968 50.000000
-0.442006 -0.274158 -0.057336 51.000000
-0.177707 -0.156329 -0.094977 52.000000
-0.789767 -0.100687 0.017944 52.000000
-0.580292 0.053146 0.053947 52.000000
0.452354 -0.356802 -0.018878 53.000000
-0.371635 0.123517 -0.022970 52.000000
-0.103245 -0.266794 -0.106432 50.000000
0.482629 -0.218517 -0.048336 53.000000
0.338615 -0.379714 -0.017242 53.000000
0.628280 0.582561 0.002396 50.000000
0.152052 -0.275794 -0.081885 50.000000
0.262517 -0.197241 -0.114615 50.000000
-0.068879 0.056419 -0.013969 50.000000
-0.662936 0.567833 0.255239 50.000000
-0.311084 0.142337 0.034309 52.000000
0.093137 -0.345347 -0.054882 50.000000
0.264972 0.035145 0.133318 50.000000
-0.352815 0.196342 0.115317 52.000000
-0.396183 0.414000 0.159503 50.000000
-0.089335 0.567014 -0.043426 50.000000
-0.392092 0.022053 -0.064701 52.000000
0.536635 -0.218517 -0.073702 53.000000
0.191328 -0.441083 -0.004150 53.000000
0.611096 0.128426 0.058038 50.000000
-0.315175 -0.224245 -0.082703 50.000000
0.111957 -0.285613 -0.119524 50.000000
0.167599 -0.349438 -0.132616 50.000000
-0.641662 0.541648 -0.156346 50.000000
0.392621 0.563741 -0.059791 50.000000
-0.259534 -0.257793 -0.100704 50.000000
-0.185072 -0.396079 -0.067974 51.000000
0.529270 0.478642 0.033490 50.000000
-0.184254 -0.014770 -0.032789 52.000000
0.057952 -0.329800 -0.125252 50.000000
0.436807 -0.186604 -0.066337 50.000000
-0.413367 -0.237337 -0.096613 50.000000
-0.698121 0.045782 0.076858 52.000000
0.136505 0.571924 -0.109705 50.000000
-0.042695 -0.244701 -0.064701 50.000000
-0.296355 -0.224245 -0.101523 50.000000
-0.024692 -0.056500 -0.108887 50.000000
0.325523 0.017143 -0.034425 50.000000
-0.324176 0.011415 -0.032789 52.000000
-0.527105 -0.022134 -0.060609 52.000000
0.317340 -0.386260 -0.076157 53.000000
0.273973 -0.362531 -0.095795 53.000000
0.322250 0.573560 0.120226 50.000000
0.560364 0.535920 -0.039335 50.000000
0.382802 -0.219335 -0.032789 50.000000
0.032585 -0.475450 -0.034425 50.000000
-0.035330 -0.018861 -0.056518 50.000000
0.373801 -0.417354 0.011398 53.000000
0.494903 0.018780 -0.033607 50.000000
-0.100791 -0.457449 -0.018878 51.000000
0.327160 -0.308525 -0.067156 50.000000
0.251061 0.531829 -0.032789 50.000000
0.110320 -0.027862 -0.022970 50.000000
-0.018146 -0.021316 -0.087612 50.000000
0.582457 -0.439447 0.100588 53.000000
-0.473099 -0.083504 -0.052427 52.000000
0.020312 -0.276613 -0.099068 50.000000
0.218331 -0.274976 -0.081885 50.000000
0.504723 0.314171 0.058038 50.000000
-0.383091 -0.428809 -0.045063 51.000000
-0.460007 -0.121961 -0.115433 52.000000
-0.404365 -0.392806 -0.055700 51.000000
0.455627 -0.099050 -0.109705 50.000000
0.402440 -0.175967 -0.088431 50.000000
-0.447734 -0.144873 -0.112160 50.000000
-0.166252 -0.111324 -0.094977 52.000000
0.466264 -0.207060 -0.115433 53.000000
-0.259534 -0.319163 -0.018060 51.000000
0.525179 0.250347 0.322337 50.000000
-0.393728 0.531010 0.163593 50.000000
0.464628 -0.334709 0.001578 53.000000
-0.277535 -0.041772 -0.092522 52.000000
0.309976 0.554741 0.028581 50.000000
0.369709 -0.218517 -0.093340 50.000000
0.161871 -0.132599 -0.081066 50.000000
0.415532 -0.229972 -0.054882 50.000000
0.514542 0.445093 0.013033 50.000000
0.382802 -0.308525 -0.060609 53.000000
-0.131885 -0.211152 -0.134253 50.000000
-0.199801 -0.224245 -0.052427 50.000000
0.358254 -0.011496 -0.097431 50.000000
-0.306174 0.085876 -0.017242 52.000000
-0.297173 -0.480360 0.009760 51.000000
0.001492 0.087513 0.146410 50.000000
0.295248 -0.296252 -0.096613 50.000000
-0.388819 -0.013951 -0.067974 52.000000
-0.653935 0.565378 -0.000059 50.000000
0.594731 -0.149783 0.031854 50.000000
0.241242 0.588289 0.246238 50.000000
-0.427277 -0.049136 -0.068792 52.000000
0.249425 -0.165330 -0.061428 50.000000
-0.574564 0.054783 0.073585 52.000000
0.571819 -0.296252 -0.063882 53.000000
-0.086880 -0.455812 -0.027061 51.000000
0.229787 -0.352711 -0.085976 53.000000
-0.229258 -0.435355 -0.045063 51.000000
-0.806950 -0.071230 0.078495 52.000000
0.332887 0.556377 -0.109705 50.000000
0.314067 0.047418 0.026126 50.000000
0.474447 0.328901 0.363249 50.000000
-0.793858 -0.036862 -0.009059 52.000000
-0.608931 0.524464 0.343611 50.000000
0.295248 -0.240610 -0.103977 50.000000
-0.499284 0.574379 -0.130162 50.000000
0.358254 -0.000041 -0.096613 50.000000
-0.256260 0.544103 0.448348 50.000000
-0.569655 -0.354347 0.010579 51.000000
0.584094 0.112879 0.038400 50.000000
-0.588475 -0.363349 -0.045063 51.000000
-0.113065 -0.222608 -0.116251 50.000000
0.094773 -0.412444 -0.067156 50.000000
0.206876 -0.264339 -0.082703 50.000000
-0.415822 -0.013133 -0.067156 52.000000
-0.045968 -0.321617 -0.108887 51.000000
-0.229258 -0.049954 -0.045881 52.000000
0.369709 -0.175967 -0.110524 50.000000
0.032585 -0.029498 -0.047517 50.000000
-0.473918 0.573560 -0.123616 50.000000
0.360709 -0.365804 -0.050790 53.000000
-0.419913 0.058874 -0.064701 52.000000
0.556273 0.550649 0.162776 50.000000
0.427806 0.552286 -0.054882 50.000000
0.085773 -0.155511 -0.087612 50.000000
0.372982 0.562105 0.126772 50.000000
0.150415 -0.220971 -0.070429 50.000000
0.449081 -0.015588 -0.035243 50.000000
-0.503376 -0.346165 -0.077793 51.000000
0.161871 0.552286 0.224963 50.000000
-0.062333 -0.022134 -0.098250 50.000000
0.359072 -0.219335 -0.091704 50.000000
0.149597 0.079330 0.188960 50.000000
-0.653935 -0.077776 -0.002513 52.000000
0.282156 -0.065502 -0.075339 50.000000
-0.644116 -0.229154 0.013033 50.000000
-0.116338 -0.447630 -0.003332 51.000000
-0.650662 -0.408353 0.019580 51.000000
0.609460 0.570287 -0.133435 50.000000
-0.665391 -0.067138 -0.041790 52.000000
0.135687 0.039236 0.061311 50.000000
-0.344633 0.585016 0.028581 50.000000
-0.221893 -0.413262 -0.022151 51.000000
0.104592 0.549012 -0.135889 50.000000
-0.167888 -0.347801 -0.086794 51.000000
0.119321 -0.133417 -0.094977 50.000000
-0.497648 -0.179240 -0.054882 50.000000
0.238787 0.545740 -0.032789 50.000000
0.369709 -0.165330 -0.101523 50.000000
-0.478009 -0.060592 -0.076157 52.000000
0.135687 0.539193 0.229054 50.000000
-0.085244 0.017961 -0.045063 52.000000
0.477720 0.541648 -0.015605 50.000000
-0.135976 -0.145691 -0.117888 52.000000
-0.320903 0.148064 0.156229 52.000000
0.101319 -0.252883 -0.119524 50.000000
0.539089 -0.106415 -0.043426 50.000000
0.536635 -0.152238 -0.067974 53.000000
0.242879 0.523646 0.229054 50.000000
0.437625 0.562105 -0.100704 50.000000
-0.413367 0.562923 -0.013151 50.000000
0.130777 0.008142 -0.005786 50.000000
-0.373272 0.526101 0.304334 50.000000
0.589003 -0.229972 -0.012332 53.000000
-0.423186 -0.343710 -0.073702 51.000000
-0.392092 -0.144055 -0.085158 52.000000
-0.524650 -0.250429 -0.089249 50.000000
0.056316 0.540011 0.094860 50.000000
0.435170 0.046600 -0.086794 50.000000
-0.324176 0.594835 0.388616 50.000000
-0.342178 0.235618 0.117771 52.000000
0.090682 -0.274976 -0.126889 50.000000
-0.321721 -0.190695 -0.101523 50.000000
-0.421549 -0.319981 -0.076975 51.000000
0.088227 -0.220971 -0.107251 50.000000
0.539089 -0.072048 -0.041790 50.000000
-0.464917 0.564560 -0.067974 50.000000
0.404894 -0.342074 -0.057336 53.000000
-0.181798 0.546558 0.166866 50.000000
0.183964 -0.132599 -0.074520 50.000000
0.390984 -0.055682 -0.101523 50.000000
0.339433 -0.453358 0.017125 53.000000
-0.525468 -0.107233 -0.058974 52.000000
0.206057 0.566196 0.139864 50.000000
-0.000145 -0.018861 -0.061428 50.000000
-0.762764 -0.192332 -0.029516 50.000000
0.201966 -0.429628 0.004033 53.000000
0.458082 0.004050 -0.065519 50.000000
0.011311 -0.166966 -0.117070 50.000000
0.228968 0.551468 0.225781 50.000000
0.542362 0.132518 0.094042 50.000000
0.482629 0.558014 -0.114615 50.000000
-0.523014 -0.373986 -0.032789 51.000000
0.348435 -0.197241 -0.080248 50.000000
0.143869 -0.340437 -0.109705 50.000000
0.174145 -0.353529 -0.079430 50.000000
-0.577019 0.094060 0.074403 52.000000
-0.094245 -0.211152 -0.149800 50.000000
0.032585 -0.475450 -0.034425 50.000000
0.327160 -0.208697 -0.075339 50.000000
-0.413367 -0.431264 -0.035243 51.000000
0.580821 0.148064 0.108771 50.000000
-0.095881 -0.167784 -0.141617 50.000000
0.045678 -0.373986 -0.118706 50.000000
0.336979 -0.165330 -0.085976 50.000000
0.129959 0.536738 0.133318 50.000000
0.239606 -0.364986 -0.066337 53.000000
-0.753763 0.557195 -0.020515 50.000000
-0.348724 0.154610 0.022035 52.000000
0.249425 0.571106 -0.000877 50.000000
0.272336 -0.197241 -0.085158 50.000000
-0.315993 -0.292160 -0.120343 51.000000
0.230605 -0.208697 -0.110524 50.000000
0.027676 0.031053 -0.018878 50.000000
0.283792 -0.274976 -0.075339 50.000000
-0.581929 -0.240610 -0.024606 50.000000
-0.087698 0.575197 0.015489 50.000000
0.395894 -0.413262 -0.024606 53.000000
0.028494 -0.443539 -0.007423 50.000000
-0.533651 -0.191514 -0.068792 50.000000
0.359890 -0.207879 -0.060609 50.000000
-0.252169 -0.494270 0.032672 51.000000
0.167599 0.033508 0.123499 50.000000
0.053043 -0.210333 -0.095795 50.000000
-0.721033 -0.402625 0.069494 51.000000
0.438443 -0.431264 0.141501 53.000000
0.578366 0.554741 -0.099886 50.000000
0.350890 0.480279 0.438529 50.000000
0.236333 0.551468 0.416437 50.000000
0.607823 -0.090050 0.043310 50.000000
-0.740671 0.580106 0.011398 50.000000
0.383620 -0.354347 -0.045881 53.000000
-0.155614 0.599744 -0.043426 50.000000
-0.109792 -0.324072 -0.081066 51.000000
0.414713 -0.175149 -0.068792 50.000000
0.556273 -0.426354 0.090769 53.000000
-0.520559 0.092423 0.080949 52.000000
0.260062 -0.044227 -0.082703 50.000000
0.505541 0.030235 -0.040153 50.000000
-0.550834 -0.338801 -0.031152 51.000000
0.533362 0.376359 0.093224 50.000000
0.158598 0.040872 0.076040 50.000000
0.009674 -0.476269 -0.110524 50.000000
-0.722669 0.552286 0.409891 50.000000
0.421259 0.553104 0.059675 50.000000
-0.096699 0.581743 0.492535 50.000000
0.045678 -0.373986 -0.118706 50.000000
-0.618750 -0.277431 -0.040971 51.000000
-0.428914 -0.036862 -0.065519 52.000000
0.140596 -0.432082 -0.082703 50.000000
-0.221893 -0.413262 -0.022151 51.000000
-0.086062 0.576015 0.422164 50.000000
0.059589 0.556377 0.062129 50.000000
0.575092 0.175886 0.053129 50.000000
-0.154796 0.568651 0.026126 50.000000
0.005583 -0.167784 -0.144072 50.000000
0.251061 -0.241428 -0.081885 50.000000
-0.401092 -0.144873 -0.097431 52.000000
0.025221 -0.210333 -0.129343 50.000000
-0.042695 0.053964 -0.026243 50.000000
-0.223530 0.570287 0.097315 50.000000
-0.751308 -0.090050 -0.025424 52.000000
-0.326631 -0.270067 -0.123616 51.000000
-0.411730 0.118607 0.013852 52.000000
0.108684 0.564560 0.215962 50.000000
0.548090 -0.218517 -0.067156 53.000000
-0.368362 0.437729 0.258512 50.000000
0.071862 -0.295433 -0.149800 50.000000
-0.717760 -0.116234 -0.027061 52.000000
-0.605658 -0.166966 -0.006605 50.000000
0.482629 0.053146 -0.037698 50.000000
-0.435460 -0.385442 -0.008241 51.000000
0.476083 0.364904 0.393526 50.000000
0.487539 0.312535 0.350976 50.000000
-0.009145 -0.220971 -0.122797 50.000000
0.627461 0.586652 -0.094158 50.000000
-0.512376 -0.046681 -0.061428 52.000000
-0.461644 -0.423081 -0.014787 51.000000
-0.240713 -0.384624 -0.085976 51.000000
-0.261170 0.576015 0.023671 50.000000
-0.341360 -0.109688 -0.084339 52.000000
-0.260352 -0.060592 -0.023788 52.000000
0.453990 -0.121961 -0.128525 50.000000
-0.169525 -0.065502 -0.086794 52.000000
0.294429 -0.046681 -0.121979 50.000000
0.461355 -0.440266 0.111225 53.000000
0.401621 0.023689 -0.084339 50.000000
-0.377363 0.013051 -0.029516 52.000000
-0.088517 -0.332255 -0.123616 51.000000
-0.737398 -0.204606 -0.016424 50.000000
0.316522 -0.154692 -0.126070 50.000000
-0.474736 -0.261884 -0.076157 50.000000
-0.776674 -0.319981 -0.032789 50.000000
-0.357725 0.116152 0.016306 52.000000
0.548090 0.122698 0.030217 50.000000
0.102956 0.567833 -0.121161 50.000000
-0.360998 -0.378078 -0.066337 51.000000
0.560364 0.196342 0.031036 50.000000
0.228150 -0.165330 -0.068792 50.000000
0.600459 -0.184149 0.077676 53.000000
0.132414 -0.454176 0.002396 50.000000
-0.806950 -0.071230 0.078495 52.000000
0.207694 0.579288 0.096497 50.000000
-0.357725 0.428728 0.173413 50.000000
-0.049241 -0.355984 -0.090885 51.000000
-0.254624 0.089968 0.125954 52.000000
-0.392910 0.042509 -0.099886 52.000000
-0.221893 0.559650 0.152956 50.000000
-0.628569 0.513827 0.356703 50.000000
0.402440 -0.164511 -0.084339 50.000000
-0.397819 -0.429628 -0.041790 51.000000
-0.261170 -0.000859 -0.027879 52.000000
-0.011600 -0.189059 -0.108069 50.000000
0.546454 0.522828 0.212689 50.000000
0.392621 -0.328982 -0.089249 53.000000
0.336979 -0.132599 -0.106432 50.000000
-0.069697 0.552286 -0.080248 50.000000
-0.306174 -0.306071 -0.072884 51.000000
0.010493 -0.298706 -0.105614 50.000000
0.435989 -0.273340 -0.088431 53.000000
0.445808 0.013051 -0.084339 50.000000
0.368891 -0.022134 -0.094158 50.000000
-0.248896 -0.438629 -0.018878 51.000000
-0.482919 -0.326527 0.009760 51.000000
0.248606 -0.346983 -0.005786 50.000000
0.152052 -0.242246 -0.086794 50.000000
0.205239 -0.165330 -0.064701 50.000000
-0.284900 -0.155511 -0.061428 50.000000
0.580821 0.148064 0.108771 50.000000
-0.440369 -0.097414 -0.099886 52.000000
-0.388819 -0.270885 -0.126889 50.000000
-0.183436 0.599744 0.539176 50.000000
-0.174434 -0.373168 -0.062247 51.000000
0.237151 -0.381351 -0.010696 53.000000
-0.009145 -0.080230 -0.132616 50.000000
0.589822 -0.339619 0.072767 53.000000
-0.338087 -0.366622 -0.056518 51.000000
0.630734 -0.219335 0.031036 53.000000
-0.253805 -0.304434 -0.081885 51.000000
-0.608931 -0.104778 -0.033607 52.000000
-0.419095 -0.297888 -0.048336 51.000000
0.505541 -0.060592 -0.036062 50.000000
-0.145795 -0.347801 -0.076975 51.000000
-0.394546 -0.309344 -0.042608 51.000000
-0.283263 0.559650 -0.178439 50.000000
0.479356 0.360812 0.040037 50.000000
-0.660482 0.103879 0.123499 52.000000
-0.534469 -0.401807 -0.007423 51.000000
0.283792 -0.219335 -0.068792 50.000000
0.228968 0.551468 0.225781 50.000000
0.378710 0.536738 0.417255 50.000000
0.239606 -0.399352 -0.062247 53.000000
-0.275899 -0.258611 -0.087612 50.000000
-0.608113 0.561287 0.198779 50.000000
0.237969 -0.438629 -0.017242 53.000000
-0.788130 -0.363349 0.044128 51.000000
-0.327449 0.573560 0.174231 50.000000
-0.522195 0.604654 0.121863 50.000000
0.603732 0.530192 -0.166984 50.000000
-0.024692 -0.285613 -0.158801 50.000000
0.189692 -0.016406 -0.020515 50.000000
0.111957 -0.307707 -0.120343 50.000000
0.260062 -0.044227 -0.082703 50.000000
-0.027965 -0.092504 -0.149800 50.000000
-0.602385 -0.228336 -0.043426 50.000000
-0.091790 0.004050 -0.068792 52.000000
0.268245 0.565378 0.267513 50.000000
0.061225 -0.099869 -0.081885 50.000000
-0.284081 0.582561 0.355885 50.000000
-0.752945 -0.348620 0.040037 51.000000
0.284610 0.556377 0.071948 50.000000
-0.187527 -0.245519 -0.099068 50.000000
-0.111429 0.571924 0.004033 50.000000
-0.090971 -0.348620 -0.059791 51.000000
-0.023056 -0.231609 -0.166984 50.000000
-0.326631 0.571106 -0.121979 50.000000
0.525179 -0.431264 0.140682 53.000000
0.403258 -0.229972 -0.079430 50.000000
0.346798 -0.000041 -0.095795 50.000000
0.420441 0.366540 0.405799 50.000000
0.084954 0.569469 0.184869 50.000000
0.512905 -0.229154 -0.090885 53.000000
-0.400274 -0.213607 -0.097431 50.000000
-0.134340 0.563741 0.537539 50.000000
-0.009145 -0.080230 -0.132616 50.000000
-0.221893 -0.179240 -0.107251 50.000000
-0.467372 0.577652 0.147228 50.000000
-0.021419 0.562105 -0.081885 50.000000
-0.236622 -0.351893 -0.057336 51.000000
0.201966 -0.466450 0.013033 53.000000
-0.494375 -0.375623 0.001578 51.000000
0.103774 -0.295433 -0.140800 50.000000
-0.331540 -0.463177 -0.044244 51.000000
0.316522 -0.242246 -0.049972 50.000000
-0.286536 0.544921 0.445075 50.000000
-0.773401 -0.255338 -0.037698 50.000000
0.559546 0.039236 0.035945 50.000000
0.087409 -0.319981 -0.099886 50.000000
-0.353634 0.037599 -0.024606 52.000000
-0.674392 -0.115415 0.008943 52.000000
0.579184 -0.276613 -0.004968 53.000000
0.444989 -0.087595 -0.099886 50.000000
-0.753763 -0.242246 -0.044244 50.000000
-0.763582 -0.139964 0.030217 52.000000
0.182327 0.030235 0.088313 50.000000
0.151234 -0.154692 -0.084339 50.000000
0.583276 -0.324890 0.022853 53.000000
0.253516 0.561287 -0.131798 50.000000
-0.320903 -0.179240 -0.105614 50.000000
0.392621 -0.229972 -0.063882 50.000000
0.239606 0.036781 0.148865 50.000000
-0.002599 0.555559 0.051492 50.000000
-0.485373 -0.238155 -0.084339 50.000000
-0.275899 -0.258611 -0.087612 50.000000
0.458082 -0.041772 -0.069610 50.000000
0.598004 0.558832 -0.127707 50.000000
-0.302083 -0.179240 -0.085158 50.000000
-0.396183 0.414000 0.159503 50.000000
0.607005 0.250347 0.105498 50.000000
0.333706 0.534283 -0.063882 50.000000
0.399985 0.549831 0.173413 50.000000
-0.058241 -0.178422 -0.106432 50.000000
-0.349542 -0.340437 -0.097431 51.000000
-0.046786 -0.310980 -0.103159 51.000000
0.168417 -0.006587 -0.039335 50.000000
-0.488647 -0.022952 -0.054063 52.000000
0.522724 -0.305252 -0.104796 53.000000
0.132414 -0.329800 -0.108069 50.000000
0.336160 0.513009 0.391071 50.000000
0.469537 -0.185786 -0.068792 53.000000
-0.590929 0.107152 0.071130 52.000000
0.174963 0.555559 0.480261 50.000000
-0.212074 -0.234882 -0.097431 50.000000
0.016220 0.062965 0.049856 50.000000
-0.062333 -0.265157 -0.139981 50.000000
-0.238259 0.574379 -0.162892 50.000000
0.414713 0.567014 0.223327 50.000000
0.423715 -0.031953 -0.084339 50.000000
0.143869 -0.263521 -0.108887 50.000000
0.564455 -0.013133 -0.023788 50.000000
-0.379000 -0.328163 -0.121161 51.000000
0.179054 0.534283 -0.028697 50.000000
0.457263 0.495007 0.048219 50.000000
0.224877 -0.453358 0.006488 53.000000
0.358254 -0.110506 -0.106432 50.000000
-0.418276 -0.144055 -0.086794 52.000000
-0.459189 0.582561 0.213508 50.000000
0.025221 0.044145 -0.007423 50.000000
0.125050 0.569469 0.025308 50.000000
-0.414185 -0.145691 -0.130980 50.000000
-0.233349 -0.336346 -0.110524 51.000000
-0.662936 0.567833 0.255239 50.000000
-0.147432 -0.325709 -0.070429 51.000000
-0.364271 -0.098232 -0.094977 52.000000
0.579184 -0.276613 -0.004968 53.000000
0.192146 -0.041772 -0.048336 50.000000
0.249425 -0.087595 -0.072884 50.000000
0.165962 0.553104 -0.015605 50.000000
0.143051 -0.209515 -0.108069 50.000000
0.317340 -0.307707 -0.083521 50.000000
0.227332 -0.288069 -0.048336 50.000000
-0.559835 -0.085140 -0.108887 52.000000
0.237969 0.567014 -0.012332 50.000000
-0.618750 -0.153874 0.022035 50.000000
0.304248 -0.043408 -0.075339 50.000000
-0.034512 -0.123598 -0.112978 50.000000
0.447444 0.539193 0.096497 50.000000
-0.505012 -0.009860 -0.049972 52.000000
0.338615 -0.338801 -0.103159 53.000000
-0.451825 -0.345347 -0.068792 51.000000
-0.493556 -0.155511 -0.066337 50.000000
-0.290627 -0.156329 -0.084339 50.000000
-0.261170 -0.000859 -0.027879 52.000000
0.182327 0.030235 0.088313 50.000000
-0.525468 -0.202969 -0.054063 50.000000
-0.652299 -0.216062 -0.001695 50.000000
0.171690 -0.344528 -0.048336 50.000000
-0.094245 -0.244701 -0.094158 50.000000
-0.354452 0.009778 -0.057336 52.000000
-0.006691 0.548195 -0.006605 50.000000
-0.059878 -0.067138 -0.105614 50.000000
0.465446 0.391906 0.446712 50.000000
0.446626 0.429546 0.355885 50.000000
-0.196528 -0.155511 -0.067974 52.000000
0.017039 -0.285613 -0.144072 50.000000
0.576730 0.562105 -0.008241 50.000000
-0.701394 0.548195 0.402526 50.000000
0.302612 0.036781 0.040855 50.000000
0.097228 -0.111324 -0.094158 50.000000
-0.059878 0.004869 -0.053245 50.000000
-0.359361 0.325628 0.154593 50.000000
-0.720215 0.566196 0.400890 50.000000
0.260880 -0.099050 -0.085976 50.000000
-0.001781 -0.332255 -0.102341 50.000000
-0.214529 -0.189877 -0.090067 50.000000
-0.359361 0.325628 0.154593 50.000000
-0.385546 -0.433719 0.001578 51.000000
0.168417 -0.018043 -0.038517 50.000000
0.616006 -0.409989 0.176686 53.000000
0.073499 0.576833 0.040855 50.000000
-0.072970 -0.122780 -0.090885 50.000000
-0.038603 -0.178422 -0.148164 50.000000
0.022766 0.079330 0.085859 50.000000
-0.550016 0.175067 0.183232 52.000000
0.113593 0.565378 0.014671 50.000000
-0.055787 -0.438629 -0.064701 51.000000
-0.224348 0.573560 -0.014787 50.000000
0.359890 -0.264339 -0.051609 50.000000
0.121777 -0.440266 -0.112160 50.000000
0.415532 -0.229972 -0.054882 50.000000
0.148779 -0.065502 -0.064701 50.000000
0.231423 0.542467 -0.144890 50.000000
0.002310 -0.220971 -0.126889 50.000000
-0.613022 -0.240610 -0.020515 50.000000
-0.086880 -0.076957 -0.085976 52.000000
0.536635 0.293715 0.021217 50.000000
-0.666209 0.074421 0.106316 52.000000
0.448262 0.074421 -0.046699 50.000000
0.119321 -0.133417 -0.094977 50.000000
-0.752945 -0.348620 0.040037 51.000000
-0.114702 -0.243883 -0.157983 50.000000
-0.150705 -0.436174 -0.010696 51.000000
-0.369999 0.039236 -0.014787 52.000000
0.322250 0.562105 -0.129343 50.000000
-0.407638 0.134972 0.040037 52.000000
0.598822 -0.104778 -0.020515 50.000000
0.582457 -0.439447 0.100588 53.000000
0.335342 0.573560 0.291242 50.000000
-0.655572 -0.265975 -0.055700 51.000000
-0.351997 0.188159 0.069494 52.000000
0.194601 -0.165330 -0.065519 50.000000
-0.365089 0.540011 -0.026243 50.000000
-0.753763 -0.216880 -0.044244 50.000000
-0.059878 -0.367440 -0.099068 51.000000
-0.550016 0.089968 0.047401 52.000000
0.525179 -0.284795 -0.076975 53.000000
0.447444 -0.163693 -0.073702 50.000000
-0.774219 -0.030316 0.107952 52.000000
0.296884 0.569469 0.068675 50.000000
0.167599 -0.349438 -0.132616 50.000000
-0.126975 -0.063865 -0.062247 52.000000
0.512905 0.308443 0.331338 50.000000
0.199511 0.079330 0.187324 50.000000
0.153688 -0.166148 -0.107251 50.000000
-0.350361 -0.414081 -0.061428 51.000000
-0.527105 -0.108051 -0.088431 52.000000
0.514542 -0.085140 -0.062247 50.000000
0.114411 -0.450085 0.065402 50.000000
-0.027965 -0.264339 -0.142436 50.000000
0.186419 -0.166148 -0.105614 50.000000
-0.445279 -0.132599 -0.085158 52.000000
-0.431368 0.152156 0.065402 52.000000
0.152052 0.010596 0.013852 50.000000
0.054679 -0.166966 -0.107251 50.000000
-0.313539 0.119425 0.045764 52.000000
0.039131 0.563741 0.501536 50.000000
0.095592 0.561287 0.077676 50.000000
0.536635 -0.152238 -0.067974 53.000000
-0.059060 -0.211152 -0.098250 50.000000
0.218331 0.006505 0.094042 50.000000
-0.068060 -0.243883 -0.111342 50.000000
0.541544 0.536738 -0.106432 50.000000
-0.194891 -0.269248 -0.072065 50.000000
0.423715 0.012233 -0.089249 50.000000
-0.362634 0.378814 0.201234 50.000000
0.584094 -0.313435 0.032672 53.000000
0.033404 -0.342074 -0.110524 50.000000
0.608642 0.052328 0.138228 50.000000
0.401621 -0.468086 0.134955 53.000000
0.460536 0.553922 0.098133 50.000000
-0.467372 0.002414 -0.040153 52.000000
-0.232531 -0.075321 -0.076157 52.000000
-0.443642 0.554741 0.037582 50.000000
0.527634 -0.207060 -0.051609 53.000000
-0.100791 -0.445175 -0.019697 51.000000
-0.027147 -0.384624 -0.023788 50.000000
0.494085 -0.004132 -0.039335 50.000000
-0.018964 -0.156329 -0.131798 50.000000
0.435989 -0.031135 -0.073702 50.000000
0.048951 -0.065502 -0.076157 50.000000
-0.303719 0.044145 -0.060609 52.000000
-0.150705 -0.256156 -0.103977 50.000000
0.529270 -0.486906 0.178323 53.000000
0.428624 0.556377 0.235601 50.000000
-0.032876 -0.156329 -0.117070 50.000000
-0.267716 -0.351074 -0.076975 51.000000
0.327978 -0.414899 -0.016424 53.000000
-0.252169 -0.494270 0.032672 51.000000
0.591458 -0.068775 0.008943 50.000000
0.456445 0.558014 0.031036 50.000000
-0.194073 -0.041772 -0.084339 52.000000
0.174963 -0.230791 -0.094977 50.000000
0.134050 -0.464813 -0.009878 50.000000
0.446626 0.025326 -0.075339 50.000000
0.327160 -0.154692 -0.098250 50.000000
0.074317 0.115334 0.166866 50.000000
0.279701 0.559650 0.391889 50.000000
-0.005872 -0.004132 -0.024606 50.000000
-0.280808 -0.013951 -0.043426 52.000000
0.390984 0.576833 -0.093340 50.000000
0.316522 -0.252883 -0.078612 50.000000
-0.130248 -0.346983 -0.093340 51.000000
0.528452 -0.241428 -0.043426 53.000000
-0.025511 0.552286 0.121044 50.000000
-0.067242 -0.211152 -0.116251 50.000000
0.548090 -0.152238 -0.067156 53.000000
0.349253 -0.285613 -0.066337 50.000000
-0.369181 0.034326 -0.056518 52.000000
-0.658845 -0.266794 -0.019697 51.000000
0.423715 -0.164511 -0.103977 50.000000
0.044042 -0.112142 -0.115433 50.000000
0.313249 0.097333 0.130863 50.000000
-0.106518 0.561287 0.053129 50.000000
0.601277 -0.275794 -0.011514 53.000000
-0.215347 -0.292160 -0.085158 51.000000
-0.059060 0.580106 0.154593 50.000000
0.326341 -0.024589 -0.117070 50.000000
-0.358543 -0.053227 -0.112978 52.000000
-0.045149 -0.332255 -0.110524 51.000000
-0.383909 0.535920 0.232328 50.000000
0.192146 -0.041772 -0.048336 50.000000
0.251061 -0.230791 -0.077793 50.000000
0.326341 -0.066320 -0.090885 50.000000
-0.357725 -0.427991 -0.041790 51.000000
-0.167888 -0.178422 -0.084339 50.000000
0.587367 -0.093323 -0.021333 50.000000
-0.709577 0.584198 0.084223 50.000000
0.305067 -0.121961 -0.096613 50.000000
0.455627 -0.109688 -0.106432 50.000000
-0.242350 -0.211971 -0.119524 50.000000
0.128323 0.557195 -0.146527 50.000000
0.184782 0.553104 -0.120343 50.000000
0.620915 -0.263521 -0.035243 53.000000
-0.193255 0.584198 0.430347 50.000000
-0.154796 0.593198 0.467169 50.000000
-0.351997 -0.201333 -0.088431 50.000000
0.305067 -0.153874 -0.063882 50.000000
-0.671119 -0.343710 0.003215 51.000000
0.361527 -0.400989 -0.034425 53.000000
-0.403547 0.073603 -0.040153 52.000000
0.405713 0.187341 0.377160 50.000000
0.448262 0.292897 0.399253 50.000000
0.423715 -0.010678 -0.096613 50.000000
0.534180 -0.416535 0.113680 53.000000
0.512087 0.278986 0.324792 50.000000
-0.353634 0.037599 -0.024606 52.000000
-0.286536 -0.224245 -0.094977 50.000000
0.317340 -0.423081 -0.048336 53.000000
0.327160 -0.349438 -0.116251 53.000000
-0.251351 -0.269248 -0.088431 50.000000
0.162689 0.535920 -0.132616 50.000000
0.383620 -0.288069 -0.008241 50.000000
-0.144977 0.569469 0.111225 50.000000
0.080045 0.568651 -0.018060 50.000000
0.049770 0.531829 0.156229 50.000000
-0.707940 -0.179240 0.017125 50.000000
-0.328267 0.567833 0.025308 50.000000
0.558727 -0.479542 0.221690 53.000000
0.527634 -0.218517 -0.051609 53.000000
0.464628 -0.346165 -0.001695 53.000000
0.400803 -0.001677 -0.116251 50.000000
0.186419 -0.122780 -0.109705 50.000000
0.165144 -0.285613 -0.106432 50.000000
-0.446915 0.559650 -0.154710 50.000000
0.206057 -0.154692 -0.076975 50.000000
-0.475554 0.527737 0.283060 50.000000
0.553818 0.267531 0.071130 50.000000
0.672466 0.129245 0.134136 50.000000
0.404076 -0.360894 -0.097431 53.000000
0.219149 -0.306889 -0.100704 50.000000
-0.356088 -0.452539 0.073585 51.000000
-0.005872 -0.044227 -0.092522 50.000000
-0.086062 0.576015 0.422164 50.000000
-0.770128 0.569469 0.114498 50.000000
0.054679 0.004869 -0.045063 50.000000
0.239606 -0.308525 -0.069610 50.000000
0.407349 -0.391988 -0.006605 53.000000
-0.051695 0.551468 -0.113797 50.000000
0.499812 -0.369895 0.000760 53.000000
-0.653935 0.013051 0.020398 52.000000
-0.755400 -0.256156 0.017944 50.000000
0.349253 -0.329800 -0.073702 53.000000
-0.719396 -0.004950 0.094042 52.000000
-0.140886 -0.267612 -0.096613 50.000000
0.252698 0.557195 0.335429 50.000000
0.494903 0.512191 0.054765 50.000000
-0.568836 -0.043408 -0.029516 52.000000
-0.734125 -0.167784 -0.081066 50.000000
0.378710 0.461458 0.424619 50.000000
0.048133 -0.021316 -0.077793 50.000000
0.458082 0.403362 0.310063 50.000000
-0.277535 0.024507 -0.017242 52.000000
-0.218620 -0.256975 -0.117070 50.000000
-0.370817 0.594017 0.273241 50.000000
-0.131885 -0.004950 -0.048336 52.000000
-0.237440 0.574379 0.499081 50.000000
0.638099 -0.123598 0.086678 50.000000
-0.066424 -0.189877 -0.121161 50.000000
0.377892 0.545740 0.395162 50.000000
-0.383909 -0.381351 -0.037698 51.000000
0.172508 -0.088413 -0.075339 50.000000
-0.289809 -0.281522 -0.084339 51.000000
0.472810 -0.297888 -0.038517 53.000000
0.423715 0.012233 -0.089249 50.000000
-0.059878 0.004869 -0.053245 50.000000
-0.307811 -0.292978 -0.105614 51.000000
0.262517 0.580106 -0.049154 50.000000
-0.788948 -0.113779 0.017125 52.000000
0.005583 -0.310980 -0.076157 50.000000
-0.604840 -0.044227 -0.045881 52.000000
-0.315993 -0.292160 -0.120343 51.000000
0.304248 -0.076957 -0.081066 50.000000
-0.279172 -0.460722 -0.047517 51.000000
0.182327 0.531829 0.122681 50.000000
-0.609749 0.554741 0.338702 50.000000
0.405713 0.542467 -0.007423 50.000000
0.444171 0.542467 0.027763 50.000000
0.231423 0.556377 -0.143254 50.000000
0.161053 -0.099050 -0.067974 50.000000
0.604550 -0.242246 0.014671 53.000000
0.446626 0.506463 0.084223 50.000000
0.138142 -0.054046 -0.068792 50.000000
-0.600748 0.574379 -0.127707 50.000000
0.390984 -0.055682 -0.101523 50.000000
0.031767 -0.331436 -0.099886 50.000000
0.440898 0.553104 0.224963 50.000000
-0.230076 0.090787 0.135773 52.000000
-0.520559 0.092423 0.080949 52.000000
0.239606 -0.399352 -0.062247 53.000000
0.358254 -0.121961 -0.110524 50.000000
-0.013237 -0.090050 -0.108887 50.000000
0.185600 0.558014 0.290424 50.000000
-0.210438 0.086695 0.109589 52.000000
-0.392910 -0.260248 -0.081066 50.000000
0.187237 -0.471359 0.050674 53.000000
-0.290627 -0.389533 -0.045063 51.000000
-0.030421 -0.323254 -0.068792 50.000000
-0.016510 0.566196 -0.035243 50.000000
0.604550 0.144791 0.008943 50.000000
-0.407638 -0.396897 -0.010696 51.000000
0.425351 0.072784 -0.054882 50.000000
0.350071 -0.376441 -0.055700 53.000000
0.079227 0.560468 0.115317 50.000000
-0.370817 0.594017 0.273241 50.000000
-0.116338 -0.289705 -0.101523 51.000000
-0.365907 0.561287 0.320700 50.000000
0.059589 -0.425536 -0.058155 50.000000
0.444989 -0.109688 -0.100704 50.000000
0.494903 0.537556 0.047401 50.000000
-0.492738 -0.121143 -0.102341 52.000000
0.147142 -0.198060 -0.152255 50.000000
0.010493 -0.123598 -0.112978 50.000000
-0.000145 -0.427991 -0.045881 50.000000
-0.388819 -0.013951 -0.067974 52.000000
0.076772 -0.155511 -0.105614 50.000000
-0.009964 -0.101505 -0.123616 50.000000
0.435989 0.508099 0.421346 50.000000
0.515360 -0.447630 0.169322 53.000000
-0.120429 -0.335528 -0.084339 51.000000
-0.685029 -0.127689 0.031854 52.000000
0.493266 0.006505 -0.045881 50.000000
0.392621 -0.328982 -0.089249 53.000000
0.447444 -0.029498 -0.057336 50.000000
0.116866 -0.265975 -0.063882 50.000000
-0.595839 -0.104778 -0.030334 52.000000
-0.122066 -0.321617 -0.126889 51.000000
-0.448552 -0.191514 -0.076157 50.000000
0.549727 0.222526 0.037582 50.000000
-0.131885 0.576015 0.521992 50.000000
0.586549 0.568651 -0.134253 50.000000
0.589003 0.228254 0.063766 50.000000
-0.378181 -0.364986 -0.090067 51.000000
0.165962 -0.340437 -0.111342 50.000000
0.239606 -0.099869 -0.088431 50.000000
-0.000963 -0.364986 -0.108069 50.000000
-0.609749 0.126790 0.112862 52.000000
0.502268 -0.119507 -0.076975 50.000000
-0.010782 -0.470541 0.012216 50.000000
-0.514831 -0.191514 -0.047517 50.000000
0.636462 -0.184149 0.071948 53.000000
-0.513195 -0.362531 -0.020515 51.000000
-0.712031 -0.127689 0.022853 52.000000
-0.265262 -0.457449 0.036764 51.000000
-0.270989 -0.426354 -0.030334 51.000000
0.089046 0.004869 -0.042608 50.000000
-0.625296 -0.192332 -0.027061 50.000000
-0.271808 -0.133417 -0.103977 52.000000
-0.306174 -0.340437 -0.074520 51.000000
-0.041876 -0.232427 -0.128525 50.000000
0.549727 0.210252 0.038400 50.000000
-0.369181 0.336265 0.137409 50.000000
0.434352 0.290442 0.391071 50.000000
0.411440 -0.121961 -0.120343 50.000000
0.424533 -0.120325 -0.076975 50.000000
-0.071333 -0.355984 -0.098250 51.000000
-0.487829 -0.084322 -0.082703 52.000000
0.214240 -0.052409 -0.042608 50.000000
0.260062 -0.153874 -0.050790 50.000000
0.272336 -0.252883 -0.066337 50.000000
0.118503 -0.100687 -0.094158 50.000000
0.423715 -0.153874 -0.106432 50.000000
0.401621 0.023689 -0.084339 50.000000
0.174963 -0.319163 -0.093340 50.000000
-0.540197 -0.044227 -0.030334 52.000000
-0.381454 -0.460722 0.024490 51.000000
-0.605658 -0.155511 -0.067974 50.000000
-0.347906 0.130063 -0.055700 52.000000
-0.420731 0.217617 0.146410 52.000000
0.284610 -0.208697 -0.108887 50.000000
0.338615 -0.379714 -0.017242 53.000000
0.526816 0.236436 0.049856 50.000000
0.393439 -0.297070 -0.069610 53.000000
-0.172798 -0.189877 -0.112160 50.000000
0.021130 -0.006587 -0.048336 50.000000
0.458900 -0.018043 -0.060609 50.000000
0.460536 -0.286432 -0.049972 53.000000
-0.149886 -0.522092 0.084223 51.000000
0.131596 0.544103 0.112044 50.000000
0.085773 0.077694 0.075221 50.000000
-0.232531 -0.373986 -0.072065 51.000000
-0.113883 -0.371532 -0.064701 51.000000
-0.089335 0.596471 0.540812 50.000000
0.444989 0.511372 0.057220 50.000000
0.600459 0.056419 0.071130 50.000000
0.034222 -0.166966 -0.120343 50.000000
-0.460007 0.584198 0.035127 50.000000
0.216695 -0.298706 -0.058155 50.000000
-0.509922 0.004050 -0.037698 52.000000
-0.397001 -0.099050 -0.110524 52.000000
0.607823 -0.090050 0.043310 50.000000
0.075135 -0.276613 -0.087612 50.000000
-0.341360 0.215162 0.075221 52.000000
0.315704 -0.090868 -0.135071 50.000000
-0.390455 -0.403443 -0.058155 51.000000
0.234696 0.558832 0.077676 50.000000
0.336979 -0.175967 -0.097431 50.000000
-0.324176 0.143155 0.121044 52.000000
-0.098336 0.059692 0.011398 50.000000
0.369709 0.556377 -0.004968 50.000000
-0.500103 0.597290 0.061311 50.000000
-0.398638 -0.133417 -0.104796 52.000000
-0.001781 -0.178422 -0.102341 50.000000
0.360709 -0.242246 -0.016424 50.000000
0.553000 -0.001677 -0.019697 50.000000
0.194601 -0.253702 -0.063064 50.000000
0.608642 0.077694 0.042491 50.000000
-0.679301 -0.027862 -0.017242 52.000000
-0.365907 -0.225063 -0.118706 50.000000
-0.542652 -0.457449 0.042491 51.000000
-0.356088 -0.452539 0.073585 51.000000
0.197875 -0.263521 -0.102341 50.000000
-0.375727 -0.144873 -0.095795 52.000000
0.413895 0.071966 -0.058974 50.000000
-0.622023 0.522828 0.335429 50.000000
0.403258 -0.240610 -0.091704 50.000000
0.432716 0.561287 0.041673 50.000000
0.317340 -0.339619 -0.101523 53.000000
0.492448 -0.207060 -0.069610 53.000000
0.440898 -0.367440 -0.025424 53.000000
0.121777 -0.363349 -0.106432 50.000000
-0.187527 -0.436992 -0.013151 51.000000
0.240424 -0.208697 -0.102341 50.000000
-0.274262 -0.004950 -0.067974 52.000000
0.461355 0.504826 0.119408 50.000000
-0.292264 -0.460722 -0.046699 51.000000
-0.131067 0.076876 0.047401 52.000000
-0.127794 0.094878 0.088313 52.000000
0.362345 -0.427991 0.001578 53.000000
0.108684 -0.386260 -0.094158 50.000000
0.432716 0.561287 0.041673 50.000000
-0.793040 -0.022134 0.018762 52.000000
-0.086880 -0.233245 -0.129343 50.000000
0.016220 -0.077776 -0.083521 50.000000
-0.568836 -0.215244 -0.021333 50.000000
0.049770 -0.220153 -0.146527 50.000000
-0.210438 -0.256975 -0.103977 50.000000
-0.577019 0.094060 0.074403 52.000000
-0.474736 -0.321617 -0.077793 51.000000
0.381165 -0.186604 -0.067974 50.000000
0.305885 -0.329800 -0.080248 53.000000
0.438443 0.537556 0.471260 50.000000
0.019493 0.573560 0.066221 50.000000
0.392621 0.486007 0.400072 50.000000
-0.397819 0.351812 0.134955 50.000000
-0.251351 -0.313435 -0.128525 51.000000
0.561182 0.076876 0.044128 50.000000
-0.392092 -0.179240 -0.084339 50.000000
0.100501 -0.166966 -0.117888 50.000000
0.264972 0.035145 0.133318 50.000000
0.597186 -0.301979 0.039218 53.000000
-0.149068 -0.018861 -0.074520 52.000000
0.405713 0.542467 -0.007423 50.000000
-0.478827 -0.226699 -0.066337 50.000000
-0.014873 0.574379 -0.049154 50.000000
0.121777 -0.166966 -0.115433 50.000000
-0.544288 0.567014 -0.085976 50.000000
-0.167070 -0.233245 -0.133435 50.000000
0.578366 -0.092504 0.001578 50.000000
0.283792 -0.319163 -0.076975 50.000000
-0.789767 -0.100687 0.017944 52.000000
0.284610 -0.208697 -0.108887 50.000000
-0.315993 -0.292160 -0.120343 51.000000
-0.260352 0.567833 -0.077793 50.000000
-0.694848 -0.229154 -0.007423 50.000000
0.309976 0.582561 0.066221 50.000000
-0.419913 0.447548 0.226600 50.000000
0.434352 -0.099050 -0.097431 50.000000
0.224877 -0.453358 0.006488 53.000000
-0.185072 0.565378 -0.174348 50.000000
-0.153159 -0.167784 -0.095795 50.000000
0.298521 0.553922 -0.046699 50.000000
0.007220 -0.263521 -0.153892 50.000000
-0.284081 0.055601 0.044128 52.000000
-0.261170 0.576015 0.023671 50.000000
0.217513 -0.176785 -0.072884 50.000000
-0.500103 -0.238155 -0.113797 50.000000
-0.350361 -0.414081 -0.061428 51.000000
-0.414185 -0.415717 -0.067974 51.000000
0.576730 0.130063 0.072767 50.000000
0.088227 -0.080230 -0.120343 50.000000
-0.064787 -0.276613 -0.126889 50.000000
-0.261170 -0.201333 -0.096613 50.000000
0.092319 -0.054046 -0.065519 50.000000
-0.434641 0.583379 -0.121161 50.000000
-0.157251 -0.409989 -0.036062 51.000000
-0.282445 0.049873 -0.004150 52.000000
-0.177707 0.566196 -0.099886 50.000000
0.207694 -0.188241 -0.093340 50.000000
0.230605 -0.450903 -0.099068 53.000000
-0.392092 -0.202151 -0.152255 50.000000
-0.054150 -0.353529 -0.126070 51.000000
-0.094245 -0.211152 -0.149800 50.000000
0.513723 0.555559 -0.157983 50.000000
0.283792 -0.252883 -0.080248 50.000000
0.514542 -0.140782 -0.066337 50.000000
-0.357725 0.565378 0.235601 50.000000
0.458082 0.014688 -0.072884 50.000000
-0.216984 -0.156329 -0.081885 52.000000
0.473628 0.067875 -0.011514 50.000000
-0.077061 0.019598 -0.026243 50.000000
0.425351 0.560468 0.161139 50.000000
0.571819 -0.296252 -0.063882 53.000000
0.169235 0.547376 -0.066337 50.000000
0.136505 0.585834 0.032672 50.000000
0.239606 -0.099869 -0.088431 50.000000
0.434352 -0.043408 -0.093340 50.000000
-0.418276 0.002414 -0.025424 52.000000
-0.014055 -0.277431 -0.094977 50.000000
-0.154796 -0.066320 -0.095795 52.000000
0.586549 0.139882 0.054765 50.000000
-0.210438 -0.430446 0.027763 51.000000
0.132414 -0.454176 0.002396 50.000000
-0.363453 -0.457449 -0.103159 51.000000
-0.059060 0.580925 0.548995 50.000000
-0.043513 -0.265975 -0.119524 50.000000
-0.478827 -0.264339 0.001578 51.000000
0.143869 -0.004132 -0.014787 50.000000
-0.585202 0.571924 -0.128525 50.000000
-0.454280 0.083422 0.023671 52.000000
-0.572110 -0.369895 -0.112978 51.000000
0.294429 0.555559 0.330519 50.000000
0.175781 -0.452539 -0.097431 53.000000
-0.412549 -0.284795 -0.064701 51.000000
0.525179 0.542467 -0.158801 50.000000
-0.032876 -0.364986 -0.120343 51.000000
0.447444 0.004050 -0.062247 50.000000
0.525179 -0.130144 -0.070429 50.000000
0.435989 0.094878 -0.066337 50.000000
0.625825 -0.207060 0.001578 53.000000
0.361527 -0.456631 -0.049154 53.000000
0.521088 -0.069593 0.008124 50.000000
-0.068060 -0.243883 -0.111342 50.000000
-0.407638 0.244620 0.145592 52.000000
0.395075 0.429546 0.479443 50.000000
0.091500 -0.177603 -0.136708 50.000000
-0.546743 0.578470 0.031854 50.000000
-0.288991 -0.121961 -0.090885 52.000000
0.282974 -0.036044 -0.117070 50.000000
0.380347 -0.019679 -0.071247 50.000000
-0.023874 -0.122780 -0.108069 50.000000
0.046497 0.541648 -0.128525 50.000000
0.212603 -0.443539 0.018762 53.000000
0.506359 -0.037681 -0.028697 50.000000
0.065316 0.098969 0.142319 50.000000
0.153688 -0.308525 -0.094158 50.000000
0.010493 0.570287 0.136591 50.000000
0.348435 0.566196 0.269150 50.000000
-0.348724 0.567833 -0.174348 50.000000
-0.774219 -0.058955 0.077676 52.000000
-0.350361 0.137427 -0.009059 52.000000
0.074317 -0.056500 -0.096613 50.000000
-0.489465 -0.010678 -0.052427 52.000000
0.490812 0.337083 0.398435 50.000000
-0.553289 -0.179240 -0.057336 50.000000
-0.392092 -0.179240 -0.084339 50.000000
-0.009964 0.550649 0.300243 50.000000
-0.135976 -0.145691 -0.117888 52.000000
0.224877 0.569469 0.324792 50.000000
-0.285718 -0.027862 -0.067974 52.000000
0.347616 -0.187422 -0.105614 50.000000
0.492448 0.358358 0.426256 50.000000
-0.694030 -0.412444 0.046583 51.000000
-0.404365 0.528556 0.151320 50.000000
-0.221075 -0.234882 -0.108069 50.000000
-0.189982 -0.111324 -0.095795 52.000000
-0.192436 0.589925 0.504809 50.000000
0.305067 -0.099869 -0.100704 50.000000
0.458082 0.082603 -0.070429 50.000000
0.203603 0.046600 0.124317 50.000000
0.507177 -0.264339 -0.034425 53.000000
