0.412259 -0.010678 -0.096613 50.000000
-0.288991 0.107152 0.149683 52.000000
-0.046786 -0.134235 -0.105614 50.000000
-0.341360 -0.075321 -0.088431 52.000000
0.279701 0.559650 0.391889 50.000000
0.565273 0.303534 0.061311 50.000000
-0.112247 -0.156329 -0.122797 50.000000
0.445808 -0.207060 -0.100704 53.000000
0.278883 0.551468 0.415618 50.000000
0.525179 0.542467 -0.158801 50.000000
0.500631 -0.217698 -0.096613 53.000000
0.316522 -0.242246 -0.049972 50.000000
-0.120429 -0.396897 -0.036062 51.000000
-0.289809 -0.133417 -0.086794 52.000000
-0.356088 0.002414 -0.013969 52.000000
0.661010 0.586652 -0.030334 50.000000
-0.581110 -0.265975 0.005669 51.000000
-0.508285 0.576015 0.178323 50.000000
-0.022237 -0.041772 -0.063064 50.000000
0.349253 -0.276613 -0.027879 50.000000
-0.347906 0.130063 -0.055700 52.000000
-0.553289 -0.179240 -0.057336 50.000000
-0.596657 -0.328982 0.005669 51.000000
0.565273 -0.058137 -0.011514 50.000000
-0.446097 0.063784 -0.032789 52.000000
0.422078 0.447548 0.428710 50.000000
0.218331 -0.352711 -0.080248 53.000000
-0.321721 -0.095777 -0.028697 52.000000
0.348435 0.093241 0.101406 50.000000
-0.751308 -0.090050 -0.025424 52.000000
0.179054 0.555559 -0.044244 50.000000
0.294429 -0.143237 -0.094158 50.000000
-0.297173 -0.027862 -0.072884 52.000000
0.126686 0.552286 -0.126889 50.000000
-0.000145 -0.145691 -0.115433 50.000000
0.540726 -0.351074 0.062948 53.000000
0.521088 0.058056 -0.000877 50.000000
0.111957 0.050691 0.056402 50.000000
-0.616295 -0.289705 -0.046699 51.000000
0.470355 -0.446812 0.058038 53.000000
0.535816 0.158702 0.026944 50.000000
-0.694030 -0.412444 0.046583 51.000000
-0.090153 0.013869 -0.079430 52.000000
-0.608113 -0.092504 -0.036062 52.000000
0.251061 -0.274976 -0.070429 50.000000
-0.135976 0.008142 -0.031970 52.000000
0.349253 -0.316708 -0.108069 53.000000
0.569365 0.239709 -0.000059 50.000000
-0.356088 -0.435355 -0.083521 51.000000
0.487539 -0.164511 -0.118706 53.000000
-0.005872 -0.253702 -0.139981 50.000000
0.446626 0.049055 -0.068792 50.000000
0.380347 -0.066320 -0.091704 50.000000
-0.103245 0.032690 -0.021333 52.000000
0.073499 -0.400170 -0.078612 50.000000
0.313249 0.105515 0.103043 50.000000
-0.419913 0.447548 0.226600 50.000000
0.562000 0.271622 0.032672 50.000000
-0.587656 -0.252883 -0.043426 50.000000
-0.212893 -0.179240 -0.094977 50.000000
0.425351 0.560468 0.161139 50.000000
0.046497 0.559650 -0.045063 50.000000
-0.185072 -0.396079 -0.067974 51.000000
-0.058241 -0.302798 -0.044244 51.000000
0.126686 -0.305252 -0.154710 50.000000
0.218331 -0.198060 -0.088431 50.000000
0.000674 -0.297888 -0.117070 50.000000
0.272336 -0.252883 -0.066337 50.000000
-0.086880 -0.076957 -0.085976 52.000000
0.492448 -0.073684 -0.059791 50.000000
-0.259534 0.592380 0.244602 50.000000
-0.264443 -0.212789 -0.086794 50.000000
0.601277 -0.275794 -0.011514 53.000000
-0.316812 0.571924 0.081768 50.000000
0.589822 -0.139145 -0.006605 50.000000
0.044860 -0.319981 -0.111342 50.000000
-0.279172 0.546558 -0.140800 50.000000
0.315704 -0.121961 -0.102341 50.000000
0.333706 0.569469 0.069494 50.000000
-0.201437 -0.473814 -0.011514 51.000000
0.154507 -0.417354 -0.110524 53.000000
-0.357725 -0.427991 -0.041790 51.000000
-0.336450 -0.144055 -0.058974 50.000000
0.223241 -0.014770 -0.001695 50.000000
-0.747217 0.571106 0.029399 50.000000
-0.625296 -0.192332 -0.027061 50.000000
-0.327449 0.169340 0.038400 52.000000
-0.232531 -0.495907 0.054765 51.000000
0.282974 -0.405080 -0.001695 53.000000
0.447444 0.362449 0.382888 50.000000
-0.291446 0.060511 -0.019697 52.000000
-0.437096 0.025326 -0.050790 52.000000
0.262517 -0.342074 -0.074520 50.000000
0.219968 -0.188241 -0.119524 50.000000
-0.261989 0.044145 0.061311 52.000000
0.019493 0.573560 0.066221 50.000000
-0.390455 -0.063047 -0.094977 52.000000
-0.525468 -0.107233 -0.058974 52.000000
0.184782 -0.198060 -0.085158 50.000000
0.379528 0.527737 0.438529 50.000000
-0.313539 0.560468 -0.072884 50.000000
-0.432187 0.092423 -0.000059 52.000000
0.295248 -0.389533 -0.037698 53.000000
-0.047604 -0.166966 -0.102341 50.000000
0.206876 -0.353529 -0.069610 53.000000
0.251061 -0.364986 -0.067156 53.000000
0.462991 0.323173 0.403345 50.000000
0.524361 0.559650 -0.044244 50.000000
0.514542 -0.262702 -0.075339 53.000000
-0.258716 -0.449266 -0.030334 51.000000
-0.134340 0.018780 -0.040153 52.000000
-0.283263 -0.247156 -0.103159 50.000000
-0.591748 0.558014 0.243784 50.000000
-0.261170 0.056419 0.056402 52.000000
0.381165 -0.007405 -0.056518 50.000000
-0.739035 -0.293797 -0.013151 50.000000
-0.594202 0.143973 0.144774 52.000000
0.574274 -0.252065 -0.040971 53.000000
-0.340542 0.025326 -0.022151 52.000000
-0.210438 -0.430446 0.027763 51.000000
-0.252987 -0.373168 -0.086794 51.000000
-0.379818 0.260985 0.099770 50.000000
-0.000963 -0.035226 -0.120343 50.000000
0.327978 -0.369077 -0.009878 53.000000
-0.525468 -0.324072 -0.057336 51.000000
0.357436 0.044964 -0.091704 50.000000
0.607005 -0.172694 0.033490 53.000000
-0.326631 0.101424 0.003215 52.000000
-0.295537 -0.133417 -0.108069 52.000000
0.053043 0.017961 -0.031152 50.000000
-0.089335 0.580925 -0.115433 50.000000
-0.294719 0.580925 0.157866 50.000000
0.336160 -0.077776 -0.094158 50.000000
-0.292264 -0.451721 -0.125252 51.000000
0.105411 -0.220153 -0.156346 50.000000
-0.046786 -0.078594 -0.109705 52.000000
-0.474736 -0.261884 -0.076157 51.000000
0.239606 0.036781 0.148865 50.000000
-0.329904 -0.430446 -0.007423 51.000000
0.582457 -0.020497 0.028581 50.000000
-0.291446 0.060511 -0.019697 52.000000
0.076772 -0.374805 -0.103977 50.000000
0.207694 -0.431264 -0.080248 53.000000
0.047315 -0.459085 0.028581 50.000000
0.135687 0.039236 0.061311 50.000000
-0.694030 -0.115415 0.017944 52.000000
-0.279172 0.000777 -0.008241 52.000000
-0.460007 -0.191514 -0.080248 50.000000
0.156961 0.548195 -0.064701 50.000000
-0.437096 0.025326 -0.050790 52.000000
0.656101 0.100606 0.116953 50.000000
0.434352 0.290442 0.391071 50.000000
-0.100791 -0.457449 -0.018878 51.000000
-0.260352 -0.048318 -0.024606 52.000000
0.368891 0.565378 -0.053245 50.000000
-0.016510 -0.111324 -0.089249 50.000000
0.132414 -0.015588 -0.013969 50.000000
0.194601 0.570287 0.375523 50.000000
-0.494375 0.118607 0.086678 52.000000
-0.519741 -0.400989 -0.007423 51.000000
0.461355 0.504826 0.119408 50.000000
0.435989 0.387815 0.429529 50.000000
0.492448 -0.017224 -0.058974 50.000000
0.586549 0.568651 -0.134253 50.000000
0.023585 -0.166966 -0.123616 50.000000
0.604550 -0.242246 0.014671 53.000000
0.491630 0.487643 0.023671 50.000000
0.593913 -0.195605 0.023671 53.000000
-0.627751 0.540829 -0.153892 50.000000
0.452354 -0.288069 -0.004968 53.000000
-0.523014 -0.155511 -0.062247 50.000000
-0.388000 -0.341255 -0.097431 51.000000
0.527634 0.006505 -0.046699 50.000000
0.305067 -0.132599 -0.097431 50.000000
-0.315993 -0.270885 -0.081066 51.000000
-0.159705 -0.337164 -0.069610 51.000000
-0.408457 0.571924 0.057220 50.000000
-0.247259 -0.109688 -0.063064 52.000000
-0.578656 -0.142418 -0.033607 50.000000
-0.551652 0.081785 0.087496 52.000000
0.037495 -0.065502 -0.076157 50.000000
0.395075 -0.355166 -0.036880 53.000000
-0.215347 -0.280704 -0.085976 51.000000
0.227332 0.565378 -0.051609 50.000000
-0.721033 -0.317526 -0.048336 50.000000
0.205239 -0.087595 -0.065519 50.000000
-0.625296 -0.013133 0.027763 52.000000
0.467901 -0.053227 -0.085158 50.000000
0.601277 0.094060 0.075221 50.000000
-0.582747 -0.228336 0.008943 50.000000
0.282974 -0.036044 -0.117070 50.000000
0.525179 0.343629 0.018762 50.000000
-0.583565 -0.117052 -0.022970 52.000000
0.434352 -0.433719 0.051492 53.000000
-0.185890 -0.167784 -0.106432 50.000000
-0.362634 -0.292978 -0.128525 51.000000
0.334524 0.553104 0.143955 50.000000
-0.461644 -0.108869 -0.079430 52.000000
-0.046786 -0.134235 -0.105614 50.000000
0.447444 0.004050 -0.062247 50.000000
0.582457 -0.195605 0.028581 53.000000
-0.144977 0.569469 0.111225 50.000000
-0.232531 -0.373986 -0.072065 51.000000
-0.227621 -0.337982 -0.086794 51.000000
0.107865 -0.444357 0.016306 50.000000
-0.167888 -0.178422 -0.084339 50.000000
0.129959 0.083422 0.119408 50.000000
0.649554 -0.243883 0.076040 53.000000
0.458082 -0.185786 -0.073702 53.000000
0.404894 -0.342074 -0.057336 53.000000
-0.144159 -0.123598 -0.135071 52.000000
0.380347 -0.175967 -0.096613 50.000000
-0.356907 0.062147 -0.018878 52.000000
0.336160 0.092423 0.096497 50.000000
-0.602385 -0.380532 0.016306 51.000000
-0.781584 -0.360894 0.003215 50.000000
0.359890 0.545740 0.121044 50.000000
0.467901 -0.108869 -0.092522 50.000000
0.287883 0.539193 -0.118706 50.000000
0.182327 -0.447630 -0.044244 53.000000
-0.721033 -0.317526 -0.048336 50.000000
-0.595021 0.126790 0.112862 52.000000
-0.699758 0.531829 -0.125252 50.000000
0.371346 -0.307707 -0.067156 53.000000
0.294429 -0.263521 -0.076975 50.000000
0.348435 -0.175967 -0.081885 50.000000
-0.496011 0.570287 -0.100704 50.000000
-0.428095 -0.109688 -0.095795 52.000000
0.110320 -0.027862 -0.022970 50.000000
-0.213711 0.580106 0.174231 50.000000
-0.368362 -0.365804 -0.081066 51.000000
0.111957 0.050691 0.056402 50.000000
-0.104882 -0.311798 -0.102341 51.000000
0.654464 -0.232427 0.109589 53.000000
0.080863 -0.053227 -0.058974 50.000000
-0.004236 0.017143 -0.040153 50.000000
-0.040240 -0.275794 -0.135889 50.000000
0.517815 -0.013951 -0.026243 50.000000
0.414713 0.567014 0.223327 50.000000
-0.454280 0.078512 -0.013151 52.000000
0.528452 -0.241428 -0.043426 53.000000
0.302612 0.036781 0.040855 50.000000
-0.648208 -0.228336 -0.070429 50.000000
0.327160 -0.252883 -0.066337 50.000000
-0.405184 -0.062229 -0.091704 52.000000
0.283792 -0.112142 -0.121161 50.000000
0.030949 0.049055 0.034309 50.000000
-0.106518 0.569469 -0.147345 50.000000
0.080863 -0.053227 -0.058974 50.000000
0.530089 -0.001677 -0.019697 50.000000
0.450717 0.572742 -0.073702 50.000000
0.350071 -0.342892 -0.048336 53.000000
-0.097518 0.535920 0.239692 50.000000
0.434352 0.335447 0.395162 50.000000
0.104592 0.549012 -0.135889 50.000000
-0.093426 -0.006587 -0.058974 52.000000
-0.388000 -0.306889 -0.095795 51.000000
-0.510740 0.547376 -0.090885 50.000000
0.539089 -0.106415 -0.043426 50.000000
0.512905 0.538375 -0.168620 50.000000
-0.097518 -0.474632 0.022035 51.000000
-0.217802 -0.423081 -0.039335 51.000000
-0.087698 -0.487724 0.032672 51.000000
0.140596 -0.155511 -0.086794 50.000000
0.293611 -0.088413 -0.091704 50.000000
-0.390455 0.342811 0.158684 50.000000
0.093955 -0.076957 -0.075339 50.000000
0.137323 -0.167784 -0.164529 50.000000
-0.391273 0.542467 0.152956 50.000000
0.517815 -0.013951 -0.026243 50.000000
-0.473918 0.573560 -0.123616 50.000000
0.584094 0.112879 0.038400 50.000000
0.368073 -0.001677 -0.112978 50.000000
0.380347 -0.175967 -0.096613 50.000000
-0.163797 0.563741 0.010579 50.000000
0.558727 0.532647 0.067857 50.000000
0.394257 0.444275 0.476170 50.000000
-0.365907 -0.225063 -0.118706 50.000000
-0.203892 0.011415 -0.007423 52.000000
0.240424 -0.144055 -0.112978 50.000000
0.534998 -0.428809 0.114498 53.000000
0.534180 0.225799 0.123499 50.000000
0.599641 -0.421445 0.044946 53.000000
0.491630 -0.229154 -0.078612 53.000000
-0.376545 0.379632 0.199597 50.000000
-0.389637 0.419727 0.183232 50.000000
0.033404 -0.090868 -0.118706 50.000000
-0.164615 -0.055682 -0.106432 52.000000
0.263335 0.539193 0.481079 50.000000
0.495721 0.032690 -0.018878 50.000000
0.334524 0.553104 0.143955 50.000000
-0.014873 -0.453358 -0.029516 51.000000
-0.782402 -0.180058 -0.022151 50.000000
0.322250 0.571106 -0.072884 50.000000
0.656101 -0.424718 0.185687 53.000000
-0.209620 -0.245519 -0.105614 50.000000
0.142233 0.008960 -0.002513 50.000000
0.581639 0.074421 0.021217 50.000000
0.185600 -0.144055 -0.094158 50.000000
0.237969 -0.438629 -0.017242 53.000000
0.005583 -0.157147 -0.145709 50.000000
-0.704667 -0.180058 -0.049972 50.000000
0.042404 -0.429628 -0.020515 50.000000
-0.201437 -0.133417 -0.094977 52.000000
0.434352 -0.121143 -0.101523 50.000000
0.480993 0.391906 0.060493 50.000000
0.299339 0.550649 -0.123616 50.000000
-0.445279 -0.132599 -0.085158 52.000000
0.143051 0.058056 0.120226 50.000000
0.313249 0.068693 0.103043 50.000000
0.360709 -0.254520 -0.009059 50.000000
0.333706 0.585834 -0.000059 50.000000
-0.513195 -0.191514 -0.083521 50.000000
-0.172798 -0.289705 -0.111342 51.000000
0.548090 -0.152238 -0.067156 50.000000
0.136505 -0.075321 -0.053245 50.000000
-0.306174 0.068693 -0.054882 52.000000
-0.595839 -0.104778 -0.030334 52.000000
-0.388819 -0.364986 -0.097431 51.000000
0.656101 0.100606 0.116953 50.000000
0.059589 -0.481996 0.021217 50.000000
-0.534469 0.547376 0.175050 50.000000
0.390984 -0.055682 -0.101523 50.000000
-0.689939 -0.267612 -0.018878 51.000000
-0.106518 0.580925 0.194688 50.000000
0.528452 0.513009 0.013852 50.000000
0.153688 -0.144873 -0.111342 50.000000
-0.205528 0.562923 0.079313 50.000000
-0.085244 -0.189877 -0.136708 50.000000
-0.128612 -0.100687 -0.103159 52.000000
-0.629387 -0.391170 -0.023788 51.000000
0.218331 0.559650 0.162776 50.000000
-0.136794 -0.134235 -0.114615 50.000000
-0.163797 -0.484451 -0.013151 51.000000
-0.779947 -0.061411 0.026944 52.000000
-0.364271 0.448366 0.188960 50.000000
0.563637 -0.309344 -0.043426 53.000000
-0.408457 -0.237337 -0.073702 50.000000
0.076772 -0.308525 -0.103159 50.000000
0.130777 0.069511 0.112862 50.000000
0.605369 -0.219335 0.023671 53.000000
0.292793 0.543284 0.494171 50.000000
0.390984 -0.031953 -0.084339 50.000000
-0.172798 -0.289705 -0.111342 51.000000
-0.061514 -0.407535 -0.030334 51.000000
0.261699 -0.400989 -0.043426 53.000000
0.237969 0.552286 0.368977 50.000000
0.205239 -0.131780 -0.065519 50.000000
-0.375727 0.434456 0.134136 50.000000
-0.175252 -0.327345 -0.054063 51.000000
-0.336450 -0.027043 -0.069610 52.000000
0.471174 0.466368 0.084223 50.000000
0.476083 0.120244 0.024490 50.000000
0.518633 -0.001677 -0.018878 50.000000
-0.332358 0.062147 -0.012332 52.000000
0.089046 0.004869 -0.042608 50.000000
0.580821 -0.138327 0.019580 50.000000
-0.170343 -0.352711 -0.026243 51.000000
-0.089335 0.557195 -0.107251 50.000000
0.502268 0.344447 0.026126 50.000000
0.336979 -0.110506 -0.098250 50.000000
0.067771 0.581743 0.093224 50.000000
-0.197346 0.055601 0.060493 52.000000
0.327160 -0.175967 -0.090885 50.000000
-0.649026 -0.405898 -0.014787 51.000000
-0.228439 -0.110506 -0.086794 52.000000
0.069408 -0.145691 -0.137527 50.000000
0.481811 0.508099 0.043310 50.000000
-0.379000 -0.446812 -0.094977 51.000000
-0.731670 -0.154692 -0.028697 50.000000
0.517815 -0.049136 -0.031152 50.000000
-0.363453 -0.457449 -0.103159 51.000000
0.227332 -0.425536 -0.032789 53.000000
-0.721851 0.562923 0.011398 50.000000
-0.348724 0.154610 0.022035 52.000000
-0.117975 -0.369077 -0.095795 51.000000
-0.094245 -0.124416 -0.150619 52.000000
0.182327 -0.042590 -0.067974 50.000000
0.295248 0.585834 0.239692 50.000000
-0.498466 0.064602 0.067039 52.000000
0.092319 -0.145691 -0.141617 50.000000
0.260880 -0.264339 -0.057336 50.000000
0.053043 -0.111324 -0.099068 50.000000
0.414713 -0.240610 -0.081885 53.000000
0.434352 -0.433719 0.051492 53.000000
0.379528 -0.079412 -0.126889 50.000000
0.111957 0.542467 0.191415 50.000000
0.115230 -0.273340 -0.150619 50.000000
0.594731 -0.149783 0.031854 50.000000
0.402440 -0.098232 -0.083521 50.000000
0.439262 0.515464 0.502354 50.000000
0.379528 -0.099869 -0.108887 50.000000
0.239606 -0.274976 -0.077793 50.000000
0.582457 -0.161238 0.032672 53.000000
0.130777 -0.319981 -0.088431 50.000000
-0.210438 0.565378 -0.071247 50.000000
0.436807 -0.196423 -0.063882 53.000000
0.548090 0.063784 0.038400 50.000000
0.572638 0.076876 0.042491 50.000000
-0.185072 -0.447630 -0.022970 51.000000
0.539089 -0.072048 -0.041790 50.000000
-0.167888 -0.468086 -0.046699 51.000000
0.350071 -0.376441 -0.055700 53.000000
0.001492 0.055601 -0.009059 50.000000
-0.317630 -0.025407 -0.049154 52.000000
-0.781584 -0.269248 0.006488 50.000000
0.305067 -0.175967 -0.081066 50.000000
-0.414185 -0.415717 -0.067974 51.000000
0.445808 -0.131780 -0.094977 50.000000
0.576730 0.562105 -0.008241 50.000000
-0.367544 0.202888 0.072767 52.000000
0.348435 0.093241 0.101406 50.000000
0.480174 0.438547 0.038400 50.000000
-0.378181 -0.415717 -0.058155 51.000000
0.400803 0.550649 0.219235 50.000000
0.080863 -0.053227 -0.058974 50.000000
0.267426 0.001596 0.047401 50.000000
-0.272626 -0.235700 -0.058974 50.000000
-0.141704 -0.234064 -0.093340 50.000000
-0.297173 -0.027862 -0.072884 52.000000
-0.550834 0.547376 0.222508 50.000000
-0.341360 -0.109688 -0.084339 52.000000
0.541544 0.536738 -0.106432 50.000000
-0.176071 -0.268430 -0.096613 50.000000
-0.162979 0.582561 0.431165 50.000000
0.214240 0.038418 0.165231 50.000000
0.134050 -0.040135 -0.030334 50.000000
0.435170 0.058874 -0.076157 50.000000
0.146324 -0.439447 -0.022151 50.000000
-0.090153 -0.277431 -0.114615 51.000000
-0.588475 -0.363349 -0.045063 51.000000
-0.250532 0.057238 0.065402 52.000000
0.575092 -0.128507 -0.028697 50.000000
-0.560654 0.550649 0.340338 50.000000
-0.714487 -0.385442 0.026126 51.000000
-0.546743 0.578470 0.031854 50.000000
-0.611386 -0.420627 0.031854 51.000000
0.499812 -0.311798 0.007306 53.000000
0.251879 0.061329 0.148047 50.000000
0.368891 0.034326 -0.086794 50.000000
0.423715 0.354266 0.481898 50.000000
0.282974 -0.077776 -0.093340 50.000000
-0.730034 -0.326527 -0.118706 50.000000
-0.374090 -0.317526 -0.098250 51.000000
0.560364 -0.442720 0.124317 53.000000
0.369709 -0.165330 -0.101523 50.000000
0.096410 -0.480360 0.013852 50.000000
0.010493 -0.220971 -0.108069 50.000000
0.364800 0.502372 0.461441 50.000000
0.301794 0.055601 0.093224 50.000000
0.016220 -0.435355 -0.076157 50.000000
-0.410912 -0.260248 -0.102341 51.000000
0.517815 0.020416 -0.028697 50.000000
0.168417 0.043327 0.101406 50.000000
0.356617 0.563741 -0.057336 50.000000
0.512087 0.326446 0.004851 50.000000
-0.644116 -0.229154 0.013033 50.000000
-0.224348 -0.048318 -0.017242 52.000000
0.313249 0.105515 0.103043 50.000000
0.107865 -0.067138 -0.095795 50.000000
-0.658845 0.130063 0.116135 52.000000
0.108684 -0.375623 -0.092522 50.000000
0.382802 -0.341255 -0.069610 53.000000
-0.311902 -0.316708 -0.094158 51.000000
0.070226 0.105515 0.098951 50.000000
-0.383091 -0.225063 -0.108069 50.000000
0.422896 -0.099050 -0.106432 50.000000
-0.451825 -0.310980 -0.033607 51.000000
-0.002599 0.575197 -0.045063 50.000000
0.043223 0.553104 0.090769 50.000000
0.420441 0.366540 0.405799 50.000000
0.229787 -0.176785 -0.108887 50.000000
0.026039 -0.264339 -0.135071 50.000000
0.251061 -0.219335 -0.097431 50.000000
0.204421 0.537556 -0.056518 50.000000
0.336979 -0.175967 -0.097431 50.000000
-0.167888 -0.468086 -0.046699 51.000000
0.558727 0.121880 0.021217 50.000000
0.322250 0.580106 0.407436 50.000000
0.165144 0.061329 0.143955 50.000000
0.488357 0.535102 -0.034425 50.000000
-0.420731 -0.047500 -0.050790 52.000000
0.347616 -0.143237 -0.100704 50.000000
0.452354 -0.265157 -0.008241 53.000000
-0.298810 0.076057 0.003215 52.000000
0.026858 -0.092504 -0.148164 50.000000
0.174145 0.548195 0.047401 50.000000
-0.290627 -0.156329 -0.084339 50.000000
-0.671937 -0.154692 -0.055700 50.000000
0.316522 -0.165330 -0.079430 50.000000
-0.599112 -0.090868 0.008943 52.000000
0.521088 0.267531 0.265877 50.000000
0.283792 -0.112142 -0.121161 50.000000
0.470355 -0.446812 0.058038 53.000000
-0.308629 -0.427173 -0.033607 51.000000
-0.226803 -0.133417 -0.092522 52.000000
0.403258 0.049873 -0.056518 50.000000
-0.150705 -0.211971 -0.103159 50.000000
-0.295537 -0.133417 -0.108069 52.000000
0.507177 0.319900 0.254421 50.000000
0.035858 -0.312617 -0.048336 50.000000
0.417986 -0.366622 -0.031152 53.000000
-0.036967 -0.243064 -0.153892 50.000000
0.019493 0.070330 0.111225 50.000000
0.334524 0.569469 0.148047 50.000000
0.360709 -0.298706 -0.040153 53.000000
-0.652299 -0.216062 -0.001695 50.000000
-0.358543 -0.191514 -0.140800 50.000000
-0.267716 -0.190695 -0.074520 50.000000
0.575911 -0.040135 0.076040 50.000000
-0.368362 0.576833 -0.156346 50.000000
0.327978 -0.418172 -0.085158 53.000000
0.251061 -0.219335 -0.097431 50.000000
0.047315 -0.145691 -0.135071 50.000000
0.481811 0.006505 -0.046699 50.000000
0.601277 0.069511 0.077676 50.000000
-0.650662 -0.400989 0.087496 51.000000
-0.766037 0.571106 0.069494 50.000000
-0.131885 -0.462358 0.012216 51.000000
0.336979 -0.143237 -0.105614 50.000000
-0.295537 0.553922 -0.085976 50.000000
-0.269353 -0.122780 -0.112160 52.000000
-0.196528 -0.026225 -0.031152 52.000000
0.576730 0.069511 0.077676 50.000000
0.535816 0.086695 0.031854 50.000000
0.583276 -0.427991 0.108771 53.000000
-0.327449 -0.270885 -0.085158 51.000000
0.536635 0.183250 0.029399 50.000000
0.413895 0.013869 -0.072065 50.000000
0.107047 -0.121961 -0.088431 50.000000
0.537453 0.478642 0.117771 50.000000
0.134050 -0.209515 -0.127707 50.000000
0.517815 -0.342074 -0.051609 53.000000
0.105411 -0.220153 -0.156346 50.000000
-0.128612 -0.124416 -0.152255 52.000000
0.250243 -0.208697 -0.058974 50.000000
-0.437096 -0.156329 -0.106432 50.000000
0.435170 0.368995 0.413982 50.000000
0.617642 -0.161238 0.025308 53.000000
0.136505 0.585834 0.032672 50.000000
0.423715 -0.044227 -0.097431 50.000000
-0.376545 -0.025407 -0.064701 52.000000
0.446626 0.059692 -0.072884 50.000000
-0.209620 -0.144055 -0.064701 50.000000
0.284610 -0.208697 -0.108887 50.000000
0.390984 -0.055682 -0.101523 50.000000
0.554636 -0.022952 -0.003332 50.000000
-0.719396 0.585016 0.035127 50.000000
0.465446 -0.473814 0.175050 53.000000
0.188055 -0.317526 -0.116251 50.000000
0.576730 0.106333 0.077676 50.000000
0.035040 -0.145691 -0.126889 50.000000
0.108684 -0.375623 -0.092522 50.000000
0.052224 -0.465631 -0.011514 50.000000
-0.687484 0.049873 0.120226 52.000000
0.227332 0.049055 0.150501 50.000000
-0.135976 -0.422263 -0.022970 51.000000
-0.059060 0.580106 0.154593 50.000000
-0.273444 -0.439447 -0.022151 51.000000
-0.090153 -0.277431 -0.114615 51.000000
0.455627 -0.109688 -0.106432 50.000000
0.198693 -0.361712 -0.109705 53.000000
0.182327 0.017961 0.086678 50.000000
-0.324994 0.216798 0.020398 50.000000
0.480174 -0.108051 -0.070429 50.000000
-0.147432 -0.488542 0.022035 51.000000
-0.398638 0.251984 0.115317 52.000000
-0.026329 -0.441902 -0.030334 51.000000
-0.280808 -0.363349 -0.076975 51.000000
-0.468190 -0.358439 -0.063882 51.000000
-0.739035 -0.293797 -0.013151 50.000000
-0.790585 -0.377259 0.049037 50.000000
-0.599112 -0.216062 -0.050790 50.000000
-0.049241 -0.497543 0.025308 51.000000
0.032585 -0.353529 -0.108069 50.000000
0.458900 -0.424718 0.076040 53.000000
0.228150 0.058874 0.125954 50.000000
-0.487010 -0.144055 -0.083521 50.000000
0.350071 -0.387078 -0.060609 53.000000
0.488357 0.359176 0.368159 50.000000
0.098865 -0.231609 -0.100704 50.000000
0.489175 0.233982 0.392707 50.000000
-0.381454 -0.085958 -0.083521 52.000000
-0.799586 -0.230791 0.009760 50.000000
0.104592 -0.435355 -0.059791 50.000000
0.128323 0.557195 -0.146527 50.000000
0.427806 -0.330618 -0.055700 53.000000
0.629098 0.122698 0.016306 50.000000
0.278883 0.537556 0.421346 50.000000
-0.099154 -0.255338 -0.124434 50.000000
-0.408457 0.571924 0.057220 50.000000
-0.023056 -0.112142 -0.113797 50.000000
-0.303719 -0.303616 -0.118706 51.000000
-0.086062 0.562105 -0.128525 50.000000
-0.009145 0.086695 0.135773 50.000000
-0.140067 -0.279067 -0.099886 51.000000
0.143051 -0.144873 -0.112978 50.000000
0.563637 -0.309344 -0.043426 53.000000
-0.383909 -0.073684 -0.077793 52.000000
-0.627751 0.540829 -0.153892 50.000000
0.271518 -0.044227 -0.087612 50.000000
-0.059878 -0.056500 -0.105614 52.000000
-0.284081 0.577652 0.062948 50.000000
0.404076 -0.360894 -0.097431 53.000000
-0.459189 0.582561 0.213508 50.000000
-0.469826 -0.437811 0.004851 51.000000
0.189692 0.049055 0.148865 50.000000
-0.550016 0.566196 0.084223 50.000000
0.082500 -0.241428 -0.148982 50.000000
0.295248 0.585834 0.239692 50.000000
-0.301265 0.577652 0.499899 50.000000
-0.514013 -0.418172 -0.088431 51.000000
-0.041876 -0.232427 -0.128525 50.000000
-0.509922 0.004050 -0.037698 52.000000
0.489175 0.233982 0.392707 50.000000
-0.568018 -0.016406 -0.001695 52.000000
0.360709 -0.331436 -0.054063 53.000000
-0.380636 0.098151 -0.031970 52.000000
-0.524650 -0.250429 -0.089249 50.000000
-0.613022 0.569469 -0.061428 50.000000
-0.656390 -0.009860 0.061311 52.000000
0.359072 -0.219335 -0.091704 50.000000
0.585730 0.162793 0.046583 50.000000
-0.408457 0.087513 -0.027061 52.000000
-0.353634 -0.025407 -0.056518 52.000000
0.218331 -0.100687 -0.110524 50.000000
-0.541015 0.565378 0.233146 50.000000
-0.309447 -0.036044 -0.031970 52.000000
0.206876 -0.264339 -0.082703 50.000000
-0.016510 0.582561 0.047401 50.000000
0.489175 0.546558 -0.176803 50.000000
0.272336 -0.144055 -0.095795 50.000000
-0.730852 0.067057 0.141501 52.000000
0.564455 -0.471359 0.153775 53.000000
-0.268535 -0.145691 -0.114615 50.000000
-0.500103 -0.167784 -0.083521 50.000000
-0.228439 -0.110506 -0.086794 52.000000
0.271518 -0.032771 -0.080248 50.000000
-0.595839 -0.304434 0.005669 51.000000
-0.230894 -0.452539 0.006488 51.000000
0.490812 0.308443 0.403345 50.000000
-0.757854 0.013051 0.135773 52.000000
-0.336450 0.581743 0.149683 50.000000
0.032585 0.556377 0.183232 50.000000
-0.721033 -0.402625 0.069494 51.000000
-0.106518 0.561287 0.053129 50.000000
0.141415 -0.111324 -0.094158 50.000000
0.035858 -0.482815 0.019580 50.000000
0.143051 0.058056 0.120226 50.000000
-0.356088 0.045782 -0.056518 52.000000
-0.460007 0.056419 0.004033 52.000000
-0.089335 0.596471 0.540812 50.000000
0.516178 -0.061411 -0.048336 50.000000
-0.066424 -0.189877 -0.121161 50.000000
-0.345451 0.224981 0.132500 52.000000
-0.342178 0.145610 0.047401 52.000000
0.023585 -0.231609 -0.120343 50.000000
0.381165 -0.153874 -0.085158 50.000000
0.553818 0.267531 0.071130 50.000000
-0.453461 0.483552 0.133318 50.000000
0.616006 0.576833 0.104679 50.000000
0.602914 -0.229972 0.004033 53.000000
-0.182617 -0.053227 -0.083521 52.000000
0.654464 -0.232427 0.109589 53.000000
-0.485373 0.031872 0.000760 52.000000
0.635644 0.566196 -0.113797 50.000000
-0.180162 -0.382169 -0.086794 51.000000
-0.442006 -0.274158 -0.057336 51.000000
0.643826 0.125972 0.031854 50.000000
0.446626 0.558014 -0.144890 50.000000
-0.438733 -0.320799 -0.067156 51.000000
-0.461644 -0.463995 0.017944 51.000000
-0.572110 -0.339619 -0.016424 51.000000
0.219149 -0.122780 -0.110524 50.000000
0.021948 -0.123598 -0.112978 50.000000
-0.117975 -0.465631 -0.051609 51.000000
-0.550834 0.547376 0.222508 50.000000
0.346798 -0.057319 -0.118706 50.000000
0.322250 0.567833 0.026126 50.000000
0.337797 -0.328163 -0.107251 53.000000
0.137323 -0.167784 -0.164529 50.000000
-0.113883 -0.134235 -0.114615 50.000000
0.443353 0.538375 0.269150 50.000000
0.173326 0.552286 -0.123616 50.000000
-0.350361 -0.461540 -0.065519 51.000000
0.299339 0.550649 -0.123616 50.000000
-0.172798 -0.496725 0.077676 51.000000
0.295248 0.585834 0.239692 50.000000
-0.140886 -0.267612 -0.096613 50.000000
0.294429 -0.263521 -0.076975 50.000000
0.422896 -0.099050 -0.106432 50.000000
-0.509103 -0.215244 -0.027879 50.000000
-0.161342 -0.189877 -0.110524 50.000000
0.432716 -0.384624 0.040855 53.000000
0.618461 0.544921 0.137409 50.000000
0.474447 0.286351 0.366522 50.000000
0.336160 0.551468 0.468806 50.000000
0.669193 0.101424 0.120226 50.000000
0.176599 0.574379 0.439348 50.000000
-0.274262 -0.097414 -0.058155 52.000000
-0.482919 -0.437811 0.003215 51.000000
-0.140067 -0.279067 -0.099886 51.000000
-0.097518 -0.369077 -0.085158 51.000000
-0.698121 -0.166966 -0.032789 50.000000
-0.436278 0.560468 0.103861 50.000000
-0.125339 0.562105 -0.170257 50.000000
-0.291446 0.051510 0.116953 52.000000
0.104592 -0.076957 -0.069610 50.000000
0.458082 -0.153056 -0.076157 50.000000
-0.125339 -0.099050 -0.068792 52.000000
-0.243168 0.024507 -0.004968 52.000000
-0.419913 -0.156329 -0.116251 50.000000
0.617642 -0.161238 0.025308 53.000000
0.370528 -0.207879 -0.082703 50.000000
0.173326 0.562105 -0.132616 50.000000
-0.287354 0.074421 0.100588 52.000000
0.010493 0.570287 0.136591 50.000000
0.161871 0.561287 -0.135071 50.000000
0.517815 0.008960 -0.026243 50.000000
-0.167070 -0.144873 -0.090067 50.000000
-0.332358 0.570287 0.305971 50.000000
-0.447734 -0.144873 -0.112160 50.000000
0.131596 0.544103 0.112044 50.000000
-0.511558 -0.226699 -0.054063 50.000000
-0.075425 -0.211152 -0.131798 50.000000
0.407349 0.403362 0.434438 50.000000
-0.085244 0.558014 0.521992 50.000000
-0.077061 -0.381351 -0.069610 51.000000
0.121777 -0.363349 -0.106432 50.000000
-0.618750 -0.001677 0.011398 52.000000
-0.248896 -0.133417 -0.099068 52.000000
0.556273 -0.426354 0.090769 53.000000
-0.064787 -0.009042 -0.085158 52.000000
-0.548379 -0.301161 -0.035243 51.000000
0.203603 0.046600 0.124317 50.000000
0.430261 -0.403443 -0.013151 53.000000
0.562819 0.261803 0.044946 50.000000
0.163507 -0.386260 -0.085976 53.000000
0.048133 -0.178422 -0.135071 50.000000
0.514542 -0.140782 -0.066337 50.000000
-0.357725 -0.427991 -0.041790 51.000000
0.430261 0.554741 0.274877 50.000000
0.040768 -0.209515 -0.157165 50.000000
-0.609749 -0.241428 0.003215 50.000000
0.494085 0.522828 0.044946 50.000000
0.338615 -0.365804 -0.049154 53.000000
0.325523 0.045782 0.008943 50.000000
0.081681 0.094060 0.106316 50.000000
-0.452643 -0.411626 -0.000059 51.000000
0.240424 -0.252065 -0.097431 50.000000
0.188055 -0.317526 -0.116251 50.000000
0.538271 0.198797 0.046583 50.000000
0.140596 -0.121961 -0.090885 50.000000
-0.591748 -0.155511 -0.067156 50.000000
0.432716 -0.384624 0.040855 53.000000
0.188873 0.555559 -0.007423 50.000000
-0.158069 -0.422263 -0.032789 51.000000
-0.054150 -0.156329 -0.126889 50.000000
0.556273 -0.426354 0.090769 53.000000
0.183964 0.568651 -0.114615 50.000000
-0.333177 0.074421 -0.013151 52.000000
0.494085 -0.004132 -0.039335 50.000000
0.355799 0.567833 -0.116251 50.000000
0.618461 0.062147 0.116953 50.000000
0.532543 0.047418 0.002396 50.000000
0.146324 -0.439447 -0.022151 50.000000
-0.343815 -0.342074 -0.075339 51.000000
-0.385546 -0.156329 -0.103159 50.000000
0.003128 -0.368259 -0.065519 50.000000
-0.043513 -0.265975 -0.119524 50.000000
-0.419913 -0.236518 -0.112978 50.000000
-0.685029 -0.342892 -0.029516 51.000000
0.054679 -0.243064 -0.104796 50.000000
0.055497 -0.144873 -0.113797 50.000000
-0.027147 -0.431264 -0.024606 51.000000
0.468719 -0.075321 -0.072884 50.000000
-0.005872 -0.044227 -0.092522 50.000000
0.497358 0.058056 0.000760 50.000000
-0.118793 -0.279067 -0.090067 51.000000
-0.410094 0.534283 0.121044 50.000000
-0.680938 0.545740 0.068675 50.000000
-0.434641 0.532647 0.107952 50.000000
0.433534 -0.088413 -0.109705 50.000000
0.237151 0.080967 0.205325 50.000000
-0.635115 -0.105596 -0.040971 52.000000
0.565273 0.303534 0.061311 50.000000
0.492448 -0.073684 -0.059791 50.000000
0.067771 -0.264339 -0.118706 50.000000
0.058770 -0.274976 -0.133435 50.000000
-0.183436 -0.337982 -0.070429 51.000000
-0.529560 0.091605 0.067857 52.000000
-0.377363 0.561287 -0.165347 50.000000
0.602914 -0.229972 0.004033 53.000000
0.187237 -0.351893 -0.101523 53.000000
-0.423186 -0.075321 -0.110524 52.000000
0.052224 -0.407535 -0.007423 50.000000
-0.138431 -0.053227 -0.068792 52.000000
-0.573746 0.549831 0.072767 50.000000
-0.734943 -0.076139 0.004033 52.000000
0.456445 0.411545 0.287151 50.000000
-0.554925 0.074421 0.025308 52.000000
0.100501 -0.329800 -0.114615 50.000000
0.251879 -0.408353 -0.079430 53.000000
-0.727579 -0.090050 -0.009878 52.000000
-0.696485 -0.291342 -0.064701 51.000000
0.052224 -0.455812 -0.090067 50.000000
-0.185072 -0.361712 -0.064701 51.000000
0.585730 0.162793 0.046583 50.000000
-0.280808 0.556377 0.004033 50.000000
-0.711214 -0.281522 0.022853 51.000000
0.522724 -0.075321 -0.092522 50.000000
-0.383909 -0.073684 -0.077793 52.000000
-0.125339 0.562105 -0.170257 50.000000
-0.188345 -0.040135 -0.061428 52.000000
0.043223 -0.353529 -0.099886 50.000000
-0.291446 0.564560 -0.056518 50.000000
0.260880 0.569469 0.031036 50.000000
-0.286536 0.583379 0.122681 50.000000
0.383620 -0.399352 -0.050790 53.000000
-0.378181 -0.202151 -0.085976 50.000000
0.172508 -0.088413 -0.075339 50.000000
0.628280 -0.161238 0.019580 53.000000
-0.331540 -0.097414 -0.076975 52.000000
0.206057 -0.320799 -0.058974 50.000000
-0.712031 -0.192332 -0.064701 50.000000
-0.235804 -0.316708 -0.058155 51.000000
-0.098336 0.059692 0.011398 52.000000
-0.349542 -0.340437 -0.097431 51.000000
-0.318448 -0.085958 -0.078612 52.000000
-0.321721 -0.095777 -0.028697 52.000000
-0.629387 0.071966 0.093224 52.000000
0.272336 -0.110506 -0.083521 50.000000
0.636462 -0.255338 0.067857 53.000000
0.348435 -0.207879 -0.090067 50.000000
0.210967 0.544921 0.343611 50.000000
-0.370817 0.576833 0.171777 50.000000
0.249425 -0.187422 -0.056518 50.000000
-0.337269 -0.011496 -0.029516 52.000000
0.165144 -0.242246 -0.107251 50.000000
0.645463 0.560468 -0.129343 50.000000
0.142233 0.008960 -0.002513 50.000000
-0.311084 0.142337 0.034309 52.000000
0.435989 -0.153056 -0.082703 50.000000
0.348435 -0.262702 -0.090067 50.000000
0.322250 0.586652 0.115317 50.000000
-0.203074 -0.234882 -0.086794 50.000000
0.293611 -0.448448 0.068675 53.000000
0.527634 -0.094959 -0.046699 50.000000
0.016220 -0.378896 -0.072884 50.000000
0.084136 0.031872 -0.004150 50.000000
-0.023056 0.557195 0.015489 50.000000
0.474447 0.104697 -0.002513 50.000000
0.249425 -0.438629 -0.018060 53.000000
0.032585 -0.057319 -0.114615 50.000000
-0.116338 -0.122780 -0.105614 52.000000
-0.111429 -0.042590 -0.083521 52.000000
-0.166252 -0.359257 -0.092522 51.000000
-0.420731 -0.387897 0.026126 51.000000
0.542362 -0.463177 0.193051 53.000000
-0.662936 0.567833 0.255239 50.000000
0.408986 0.426273 0.466351 50.000000
-0.439551 -0.144873 -0.099068 50.000000
0.228150 -0.077776 -0.093340 50.000000
0.292793 0.580925 0.461441 50.000000
-0.189163 -0.455812 -0.056518 51.000000
-0.266898 -0.144873 -0.079430 50.000000
-0.721033 -0.317526 -0.048336 50.000000
0.461355 0.259348 0.377978 50.000000
0.536635 -0.152238 -0.067974 50.000000
0.593095 0.556377 -0.165347 50.000000
0.549727 -0.094959 -0.046699 50.000000
0.603732 0.550649 -0.080248 50.000000
0.505541 0.328901 0.067039 50.000000
0.283792 -0.412444 -0.036880 53.000000
0.496539 0.079330 -0.015605 50.000000
-0.453461 0.483552 0.133318 50.000000
-0.062333 -0.022134 -0.098250 52.000000
0.401621 -0.022134 -0.094158 50.000000
0.436807 -0.229972 -0.068792 53.000000
0.549727 0.553922 -0.027061 50.000000
-0.473099 -0.310980 -0.048336 51.000000
-0.080334 -0.428809 -0.056518 51.000000
-0.687484 0.049873 0.120226 52.000000
-0.716123 -0.348620 0.062129 51.000000
0.292793 -0.009042 -0.067156 50.000000
0.450717 -0.456631 0.139864 53.000000
0.476083 0.434456 -0.017242 50.000000
-0.194073 0.578470 0.085859 50.000000
0.282156 -0.021316 -0.081885 50.000000
-0.098336 -0.189877 -0.128525 50.000000
-0.480464 -0.418172 -0.071247 51.000000
-0.064787 -0.167784 -0.130162 50.000000
0.225695 -0.052409 -0.042608 50.000000
-0.051695 -0.368259 -0.081885 51.000000
0.163507 -0.386260 -0.085976 53.000000
-0.069697 -0.144873 -0.103977 50.000000
-0.026329 -0.221790 -0.089249 50.000000
0.349253 -0.307707 -0.076157 53.000000
0.036677 -0.253702 -0.130162 50.000000
-0.568018 0.558832 0.055583 50.000000
0.093955 -0.401807 -0.060609 50.000000
-0.114702 -0.355984 -0.109705 51.000000
-0.374090 -0.317526 -0.098250 51.000000
0.556273 -0.426354 0.090769 53.000000
-0.596657 0.559650 0.049037 50.000000
-0.155614 0.567833 -0.090067 50.000000
-0.268535 -0.374805 -0.076975 51.000000
0.408167 0.499917 0.449985 50.000000
-0.337269 0.207798 0.108771 52.000000
0.414713 0.567014 0.223327 50.000000
0.541544 0.536738 -0.106432 50.000000
0.523543 0.541648 0.097315 50.000000
-0.364271 0.096514 -0.040971 52.000000
0.422896 -0.099050 -0.106432 50.000000
0.476083 0.132518 0.022035 50.000000
0.005583 0.547376 0.291242 50.000000
0.174963 -0.252883 -0.095795 50.000000
0.470355 0.373904 0.091586 50.000000
-0.043513 -0.392806 -0.062247 51.000000
-0.063969 0.562105 0.281423 50.000000
-0.063151 -0.254520 -0.133435 50.000000
-0.500921 -0.180058 -0.112978 50.000000
-0.770128 0.569469 0.114498 50.000000
-0.191618 -0.121961 -0.089249 52.000000
-0.488647 -0.022952 -0.054063 52.000000
-0.393728 0.158702 0.035127 52.000000
-0.517286 -0.387897 -0.012332 51.000000
-0.336450 -0.027043 -0.069610 52.000000
0.526816 -0.229972 -0.054882 53.000000
0.003947 -0.391170 -0.067974 50.000000
0.544817 0.553104 0.048219 50.000000
0.505541 -0.060592 -0.036062 50.000000
0.433534 -0.110506 -0.118706 50.000000
0.218331 -0.230791 -0.093340 50.000000
-0.433823 0.012233 -0.058974 52.000000
0.590640 0.558014 -0.094158 50.000000
-0.145795 -0.347801 -0.076975 51.000000
0.260880 0.569469 0.031036 50.000000
-0.547561 -0.167784 -0.102341 50.000000
0.428624 -0.242246 -0.013151 53.000000
0.465446 0.578470 -0.026243 50.000000
-0.239077 -0.167784 -0.090885 50.000000
0.590640 -0.173512 -0.001695 53.000000
0.577548 -0.116234 -0.010696 50.000000
0.115230 -0.273340 -0.150619 50.000000
0.402440 -0.164511 -0.084339 50.000000
0.435989 0.015507 -0.062247 50.000000
-0.717760 -0.075321 0.031854 52.000000
0.458082 -0.185786 -0.073702 53.000000
0.261699 -0.132599 -0.088431 50.000000
0.596368 0.209434 0.027763 50.000000
-0.781584 -0.283977 0.035945 50.000000
-0.714487 -0.140782 -0.001695 50.000000
0.598822 -0.326527 0.053129 53.000000
-0.122884 -0.189877 -0.125252 50.000000
0.322250 0.508918 0.429529 50.000000
-0.595839 -0.339619 -0.028697 51.000000
0.121777 -0.363349 -0.106432 50.000000
-0.446097 0.063784 -0.032789 52.000000
0.467082 -0.099050 -0.101523 50.000000
-0.788948 -0.113779 0.017125 52.000000
-0.727579 -0.229154 -0.063882 50.000000
0.512087 -0.175149 -0.094158 53.000000
0.609460 -0.148964 0.055583 50.000000
-0.139249 -0.360894 -0.055700 51.000000
0.358254 -0.100687 -0.121979 50.000000
0.576730 0.130063 0.072767 50.000000
-0.068060 -0.178422 -0.112160 50.000000
0.518633 -0.275794 -0.031152 53.000000
0.251061 -0.121961 -0.099886 50.000000
0.617642 -0.161238 0.025308 53.000000
-0.509103 -0.262702 -0.059791 51.000000
-0.656390 -0.065502 0.000760 52.000000
0.405713 0.542467 -0.007423 50.000000
0.548908 -0.274158 -0.069610 53.000000
-0.275899 -0.190695 -0.090067 50.000000
0.559546 -0.118688 -0.064701 50.000000
0.284610 -0.375623 -0.067974 53.000000
0.054679 -0.243064 -0.104796 50.000000
0.413077 -0.378896 -0.147345 53.000000
-0.129430 -0.018043 -0.058974 52.000000
0.068589 -0.242246 -0.122797 50.000000
-0.139249 -0.372350 -0.057336 51.000000
0.495721 -0.401807 0.089132 53.000000
0.032585 -0.057319 -0.114615 50.000000
0.147142 -0.198060 -0.152255 50.000000
-0.336450 -0.027043 -0.069610 52.000000
0.327160 -0.296252 -0.078612 53.000000
0.126686 -0.076139 -0.062247 50.000000
-0.135976 0.612018 0.531811 50.000000
-0.033694 -0.008223 -0.066337 50.000000
-0.776674 -0.256156 -0.003332 50.000000
-0.636751 0.567014 0.316609 50.000000
0.033404 0.533465 0.072767 50.000000
0.087409 -0.374805 -0.102341 50.000000
0.535816 0.158702 0.026944 50.000000
-0.607294 0.095696 0.075221 52.000000
-0.068879 0.056419 -0.013969 50.000000
-0.315993 -0.063865 -0.089249 52.000000
-0.375727 -0.144873 -0.095795 50.000000
-0.320903 0.585834 0.259331 50.000000
0.336979 -0.187422 -0.087612 50.000000
0.485902 -0.281522 -0.153892 53.000000
0.476901 -0.153874 -0.119524 50.000000
-0.082789 -0.323254 -0.094977 51.000000
0.574274 -0.071230 -0.034425 50.000000
-0.692393 0.585834 0.198779 50.000000
0.525997 -0.152238 -0.058155 50.000000
0.125050 -0.274158 -0.137527 50.000000
-0.562290 -0.325709 -0.036880 51.000000
0.505541 -0.060592 -0.036062 50.000000
-0.023056 -0.112142 -0.113797 50.000000
-0.149886 -0.267612 -0.108069 50.000000
-0.211256 0.038418 0.017125 52.000000
-0.385546 0.008960 -0.079430 52.000000
0.588185 -0.351074 0.059675 53.000000
-0.251351 -0.269248 -0.088431 51.000000
-0.291446 0.060511 -0.019697 52.000000
0.574274 0.199615 0.044946 50.000000
-0.081152 0.044964 -0.009878 52.000000
-0.356907 -0.190695 -0.109705 50.000000
0.121777 -0.166966 -0.115433 50.000000
-0.517286 0.062147 0.040855 52.000000
-0.476372 -0.420627 -0.046699 51.000000
0.608642 0.052328 0.138228 50.000000
0.390166 -0.121961 -0.121979 50.000000
-0.375727 -0.072866 -0.063882 52.000000
0.372164 -0.253702 -0.025424 50.000000
0.435989 -0.031135 -0.073702 50.000000
-0.253805 -0.407535 -0.086794 51.000000
0.383620 -0.378078 -0.034425 53.000000
0.503086 0.233163 0.385343 50.000000
-0.311902 -0.316708 -0.094158 51.000000
-0.101609 -0.008223 -0.076157 52.000000
-0.310266 -0.050773 -0.067974 52.000000
0.093955 -0.284795 -0.149800 50.000000
-0.761127 -0.166966 -0.003332 50.000000
0.453990 -0.121961 -0.128525 50.000000
0.097228 -0.111324 -0.094158 50.000000
-0.194891 0.567014 -0.135889 50.000000
0.282156 0.584198 0.192233 50.000000
-0.559835 -0.166966 -0.009059 50.000000
0.192965 -0.064684 -0.063064 50.000000
-0.601567 -0.117052 -0.016424 52.000000
-0.681756 0.597290 0.294515 50.000000
-0.622841 0.004869 0.087496 52.000000
-0.677665 0.550649 -0.011514 50.000000
0.637280 0.574379 -0.021333 50.000000
-0.504194 0.580106 -0.155528 50.000000
0.338615 -0.379714 -0.017242 53.000000
-0.262807 -0.050773 -0.059791 52.000000
0.517815 -0.387897 0.073585 53.000000
0.039950 -0.242246 -0.152255 50.000000
0.251061 -0.297070 -0.081885 50.000000
0.482629 0.558014 -0.114615 50.000000
0.368891 -0.055682 -0.104796 50.000000
0.295248 0.575197 0.252785 50.000000
0.273973 -0.373168 -0.097431 53.000000
-0.229258 0.543284 0.017125 50.000000
-0.327449 -0.433719 -0.092522 51.000000
0.024403 -0.308525 -0.122797 50.000000
0.007220 0.573560 -0.117888 50.000000
0.394257 0.546558 0.004033 50.000000
0.553000 -0.001677 -0.019697 50.000000
-0.126157 0.031872 -0.025424 52.000000
-0.108156 -0.112961 -0.142436 52.000000
-0.410094 -0.167784 -0.107251 50.000000
-0.269353 0.013869 -0.001695 52.000000
-0.376545 -0.329800 -0.093340 51.000000
-0.437096 -0.310980 -0.036062 51.000000
0.201966 0.574379 -0.029516 50.000000
-0.135976 0.008142 -0.031970 52.000000
-0.036967 -0.199696 -0.153892 50.000000
-0.038603 0.552286 0.120226 50.000000
-0.112247 -0.156329 -0.122797 50.000000
0.462173 -0.320799 -0.039335 53.000000
-0.210438 0.086695 0.109589 52.000000
-0.039422 -0.443539 -0.023788 51.000000
-0.158887 0.596471 0.103043 50.000000
-0.239077 -0.167784 -0.090885 50.000000
0.261699 -0.219335 -0.080248 50.000000
0.322250 0.531829 0.350976 50.000000
-0.135976 0.551468 0.553086 50.000000
0.590640 0.107970 0.087496 50.000000
-0.050059 -0.055682 -0.098250 52.000000
-0.687484 -0.117870 -0.055700 52.000000
-0.357725 -0.048318 -0.042608 52.000000
-0.005054 -0.419808 -0.016424 51.000000
-0.727579 -0.302798 -0.094158 50.000000
-0.092608 0.549012 -0.018878 50.000000
-0.153159 -0.245519 -0.094158 50.000000
-0.191618 -0.291342 -0.084339 51.000000
0.616006 -0.276613 0.009760 53.000000
-0.612204 0.110425 0.085040 52.000000
-0.097518 0.535920 0.239692 50.000000
-0.037785 0.578470 0.287969 50.000000
0.456445 0.558014 0.031036 50.000000
-0.439551 -0.144873 -0.099068 50.000000
0.458082 0.014688 -0.072884 50.000000
-0.241532 -0.133417 -0.083521 52.000000
0.026858 -0.113779 -0.144072 50.000000
-0.499284 -0.202969 -0.050790 50.000000
-0.460007 0.584198 0.035127 50.000000
0.458082 0.060511 -0.067156 50.000000
0.327978 -0.473814 0.076858 53.000000
0.456445 0.411545 0.287151 50.000000
-0.396183 0.577652 0.315791 50.000000
0.165144 -0.188241 -0.111342 50.000000
0.136505 0.585834 0.032672 50.000000
0.470355 -0.446812 0.058038 53.000000
0.327160 -0.220153 -0.036880 50.000000
-0.452643 -0.411626 -0.000059 51.000000
-0.499284 -0.108869 -0.088431 52.000000
-0.215347 -0.292160 -0.085158 51.000000
-0.742308 -0.321617 0.020398 50.000000
0.174963 -0.242246 -0.090885 50.000000
0.393439 0.551468 -0.019697 50.000000
0.495721 -0.401807 0.089132 53.000000
0.191328 -0.029498 -0.040971 50.000000
-0.167888 -0.211152 -0.127707 50.000000
-0.033694 0.552286 0.000760 50.000000
-0.357725 0.116152 0.016306 52.000000
0.559546 0.147246 0.029399 50.000000
-0.204710 -0.167784 -0.082703 50.000000
0.134050 -0.209515 -0.127707 50.000000
-0.442006 -0.460722 0.001578 51.000000
0.444171 0.193069 0.321519 50.000000
0.630734 0.549831 0.026944 50.000000
-0.334814 -0.257793 -0.135071 50.000000
0.210149 0.553104 0.062129 50.000000
-0.430550 0.164429 0.060493 52.000000
0.435989 0.536738 0.413982 50.000000
0.192146 -0.108869 -0.041790 50.000000
0.347616 -0.187422 -0.105614 50.000000
0.422078 0.432819 0.428710 50.000000
-0.028784 -0.379714 -0.077793 51.000000
0.458082 0.403362 0.310063 50.000000
-0.539379 -0.328163 0.008124 51.000000
-0.013237 -0.018043 -0.050790 50.000000
-0.180162 0.065420 0.042491 52.000000
-0.054150 -0.156329 -0.126889 50.000000
-0.315993 -0.292160 -0.120343 51.000000
-0.433005 -0.075321 -0.121161 52.000000
-0.374090 0.380450 0.144774 50.000000
-0.282445 -0.098232 -0.073702 52.000000
-0.073788 -0.243883 -0.136708 50.000000
0.448262 0.085058 -0.052427 50.000000
-0.087698 -0.167784 -0.128525 50.000000
0.054679 -0.243064 -0.104796 50.000000
0.011311 -0.337164 -0.180076 50.000000
-0.668664 0.540829 -0.129343 50.000000
0.026858 -0.113779 -0.144072 50.000000
0.179054 -0.394443 -0.000059 53.000000
-0.462462 -0.049136 -0.081885 52.000000
-0.315993 0.102242 0.013033 52.000000
-0.072152 0.090787 0.063766 50.000000
-0.120429 -0.211152 -0.135071 50.000000
-0.424004 -0.213607 -0.136708 50.000000
0.295248 0.575197 0.252785 50.000000
-0.010782 -0.265157 -0.112978 50.000000
0.446626 0.558014 -0.144890 50.000000
-0.343815 -0.039317 -0.083521 52.000000
0.175781 -0.188241 -0.108069 50.000000
-0.025511 -0.034408 -0.106432 50.000000
-0.106518 0.580925 0.194688 50.000000
0.443353 -0.382169 0.013033 53.000000
-0.527105 -0.108051 -0.088431 52.000000
-0.455098 -0.409171 -0.030334 51.000000
0.141415 -0.111324 -0.094158 50.000000
-0.613840 0.552286 -0.156346 50.000000
0.425351 0.574379 0.158684 50.000000
-0.265262 0.565378 -0.007423 50.000000
0.480993 -0.119507 -0.067156 50.000000
0.240424 0.552286 -0.085976 50.000000
-0.460007 -0.121961 -0.115433 52.000000
-0.413367 -0.431264 -0.035243 51.000000
0.507996 0.385360 -0.055700 50.000000
0.012947 -0.112961 -0.127707 50.000000
-0.605658 0.481915 0.302698 50.000000
0.434352 -0.433719 0.051492 53.000000
0.526816 -0.140782 -0.055700 50.000000
-0.422368 -0.179240 -0.074520 50.000000
0.215058 0.541648 0.239692 50.000000
0.161871 -0.298706 -0.070429 50.000000
-0.239077 0.570287 0.228236 50.000000
0.432716 -0.384624 0.040855 53.000000
0.414713 -0.284795 -0.085976 53.000000
-0.770946 -0.038499 -0.020515 52.000000
0.326341 -0.100687 -0.122797 50.000000
0.262517 -0.306889 -0.100704 50.000000
0.457263 -0.142418 -0.091704 50.000000
0.468719 -0.086777 -0.077793 50.000000
0.132414 -0.362531 -0.106432 50.000000
-0.315993 -0.292160 -0.120343 51.000000
0.598004 0.187341 0.040855 50.000000
-0.554925 0.053146 0.062129 52.000000
-0.786493 -0.204606 -0.013969 50.000000
0.359072 -0.153874 -0.098250 50.000000
-0.467372 0.577652 0.147228 50.000000
0.295248 -0.329800 -0.086794 53.000000
-0.383909 -0.073684 -0.077793 52.000000
-0.748854 -0.102323 0.002396 52.000000
-0.337269 -0.099050 -0.098250 52.000000
0.571819 -0.347801 0.020398 53.000000
0.092319 -0.124416 -0.144072 50.000000
0.489993 0.367358 0.015489 50.000000
0.562000 -0.325709 0.041673 53.000000
-0.315175 -0.224245 -0.082703 50.000000
0.016220 -0.435355 -0.076157 50.000000
0.531725 0.196342 0.101406 50.000000
0.492448 -0.207060 -0.069610 53.000000
-0.092608 -0.078594 -0.110524 52.000000
0.165962 -0.340437 -0.111342 50.000000
0.358254 -0.165330 -0.106432 50.000000
0.443353 0.538375 0.269150 50.000000
0.492448 -0.073684 -0.059791 50.000000
0.412259 -0.154692 -0.122797 50.000000
0.054679 0.004869 -0.045063 50.000000
0.470355 0.397635 0.080131 50.000000
0.368891 0.034326 -0.086794 50.000000
-0.578656 -0.144055 -0.095795 50.000000
0.165144 -0.263521 -0.106432 50.000000
-0.395365 0.479461 0.186505 50.000000
-0.387182 0.511372 0.249512 50.000000
-0.353634 0.037599 -0.024606 52.000000
-0.401092 -0.144873 -0.097431 50.000000
0.519451 0.103879 -0.014787 50.000000
-0.277535 0.593198 0.199597 50.000000
-0.591748 0.571924 0.238873 50.000000
0.317340 -0.374805 -0.074520 53.000000
-0.126975 -0.510635 0.098133 51.000000
-0.189982 0.571106 0.339520 50.000000
0.498994 0.384542 -0.014787 50.000000
-0.180980 -0.027862 -0.045063 52.000000
0.535816 0.004869 -0.071247 50.000000
-0.077879 -0.332255 -0.118706 51.000000
-0.605658 -0.166966 -0.006605 50.000000
0.306703 -0.317526 -0.094158 53.000000
0.019493 0.573560 0.066221 50.000000
0.003947 -0.391170 -0.067974 50.000000
-0.401911 0.077694 -0.006605 52.000000
-0.639207 0.538375 0.162776 50.000000
-0.336450 -0.144055 -0.058974 50.000000
-0.415003 0.073603 -0.044244 52.000000
-0.286536 -0.283159 -0.053245 51.000000
0.517815 0.008960 -0.026243 50.000000
0.395894 -0.368259 -0.017242 53.000000
-0.515649 0.049055 0.040037 52.000000
0.018675 0.017143 -0.036880 50.000000
0.207694 0.550649 0.413164 50.000000
0.039131 -0.099869 -0.084339 50.000000
-0.753763 -0.242246 -0.044244 50.000000
0.562819 -0.207060 -0.038517 53.000000
0.465446 0.391906 0.446712 50.000000
0.368891 0.565378 -0.053245 50.000000
0.035858 -0.189059 -0.130162 50.000000
0.627461 -0.288887 0.006488 53.000000
0.476083 0.264258 0.400890 50.000000
0.486720 0.130881 0.010579 50.000000
-0.162160 -0.396079 -0.063064 51.000000
0.656101 -0.424718 0.185687 53.000000
-0.010782 -0.381351 -0.049972 51.000000
0.262517 -0.329800 -0.086794 50.000000
-0.121248 -0.474632 0.018762 51.000000
0.445808 -0.131780 -0.094977 50.000000
-0.621205 0.565378 -0.076157 50.000000
-0.095881 -0.167784 -0.141617 50.000000
-0.241532 -0.235700 -0.081066 50.000000
-0.077061 -0.381351 -0.069610 51.000000
-0.008327 -0.199696 -0.129343 50.000000
0.175781 0.010596 0.013033 50.000000
-0.558199 0.547376 -0.150619 50.000000
-0.171161 0.573560 -0.078612 50.000000
0.505541 -0.060592 -0.036062 50.000000
-0.596657 -0.131780 -0.088431 52.000000
-0.197346 -0.502453 0.018762 51.000000
-0.473099 -0.168603 -0.114615 50.000000
0.261699 -0.274976 -0.075339 50.000000
0.030131 0.567833 0.089951 50.000000
-0.146613 0.036781 0.010579 52.000000
-0.191618 0.035145 -0.009878 52.000000
0.575911 0.560468 -0.118706 50.000000
-0.474736 -0.261884 -0.076157 51.000000
0.075954 0.062965 0.058038 50.000000
-0.267716 0.004869 -0.089249 52.000000
0.440080 0.560468 0.203689 50.000000
-0.154796 -0.497543 -0.000059 51.000000
-0.674392 -0.191514 0.044128 50.000000
0.576730 0.106333 0.077676 50.000000
-0.671119 -0.402625 0.097315 51.000000
0.060407 -0.435355 -0.066337 50.000000
0.161871 -0.298706 -0.070429 50.000000
-0.569655 0.571106 0.094860 50.000000
0.156143 -0.295433 -0.127707 50.000000
0.638099 -0.148146 0.084223 50.000000
-0.350361 -0.155511 -0.057336 50.000000
0.462173 0.056419 -0.006605 50.000000
0.360709 -0.365804 -0.050790 53.000000
0.519451 0.103879 -0.014787 50.000000
0.081681 -0.284795 -0.139981 50.000000
-0.248078 -0.374805 -0.062247 51.000000
-0.491920 0.574379 0.176686 50.000000
0.152870 -0.001677 0.013033 50.000000
0.327160 -0.121961 -0.110524 50.000000
-0.013237 -0.006587 -0.052427 50.000000
-0.036967 -0.067138 -0.103977 50.000000
-0.406002 0.579288 -0.124434 50.000000
-0.324176 0.143155 0.121044 52.000000
0.392621 0.062965 -0.041790 50.000000
0.607823 0.549831 0.154593 50.000000
-0.625296 0.549012 -0.129343 50.000000
0.012947 -0.414899 -0.057336 50.000000
0.375437 -0.456631 0.042491 53.000000
0.507996 0.567014 -0.094977 50.000000
0.422896 -0.077776 -0.106432 50.000000
-0.077879 -0.189877 -0.120343 50.000000
0.646281 -0.429628 0.117771 53.000000
-0.400274 -0.213607 -0.097431 50.000000
-0.358543 -0.191514 -0.140800 50.000000
0.173326 -0.365804 -0.069610 53.000000
-0.235804 0.556377 0.282242 50.000000
-0.748035 -0.089231 -0.000877 52.000000
-0.160524 -0.100687 -0.117888 52.000000
0.095592 0.561287 0.077676 50.000000
-0.279172 0.000777 -0.008241 52.000000
0.461355 -0.309344 -0.045881 53.000000
-0.491102 -0.131780 -0.072065 52.000000
-0.071333 -0.460722 0.017125 51.000000
-0.125339 -0.394443 -0.066337 51.000000
0.433534 0.202888 0.380433 50.000000
-0.374090 0.269986 0.080131 50.000000
0.535816 0.004869 -0.071247 50.000000
0.156143 -0.453358 -0.002513 50.000000
0.294429 -0.208697 -0.094977 50.000000
-0.082789 -0.323254 -0.094977 51.000000
-0.512376 -0.287251 -0.053245 51.000000
0.152052 -0.319981 -0.081885 50.000000
0.557091 0.490098 -0.057336 50.000000
-0.042695 -0.210333 -0.124434 50.000000
0.433534 0.346902 0.382888 50.000000
-0.694030 -0.115415 0.017944 52.000000
-0.590929 -0.202969 -0.067974 50.000000
-0.716942 0.540829 -0.058974 50.000000
0.476901 -0.381351 0.001578 53.000000
0.385256 0.544103 0.114498 50.000000
-0.287354 0.558014 0.378796 50.000000
0.242879 0.523646 0.229054 50.000000
-0.324176 0.011415 -0.032789 52.000000
0.129959 -0.376441 -0.081885 50.000000
-0.137613 -0.382987 -0.065519 51.000000
-0.149886 -0.522092 0.084223 51.000000
-0.407638 -0.402625 -0.082703 51.000000
0.536635 -0.218517 -0.073702 53.000000
0.618461 -0.424718 0.189778 53.000000
0.122595 -0.340437 -0.115433 50.000000
0.024403 -0.459085 0.019580 50.000000
-0.265262 0.565378 -0.007423 50.000000
0.499812 0.545740 -0.042608 50.000000
0.117685 0.563741 -0.027061 50.000000
0.273155 -0.208697 -0.094158 50.000000
0.481811 -0.318344 -0.072884 53.000000
-0.308629 -0.074503 -0.071247 52.000000
0.412259 0.520373 0.171777 50.000000
-0.110610 -0.031953 -0.087612 52.000000
0.426988 -0.297070 -0.052427 53.000000
0.035858 -0.220971 -0.126889 50.000000
-0.363453 -0.168603 -0.128525 50.000000
-0.381454 -0.460722 0.024490 51.000000
0.190510 0.568651 0.188142 50.000000
-0.054968 0.572742 0.315791 50.000000
-0.568836 -0.028680 0.001578 52.000000
-0.308629 -0.427173 -0.033607 51.000000
0.359072 -0.197241 -0.098250 50.000000
0.076772 -0.374805 -0.103977 50.000000
0.167599 -0.027862 -0.023788 50.000000
0.182327 0.017961 0.086678 50.000000
0.067771 -0.198878 -0.121161 50.000000
-0.369999 0.039236 -0.014787 52.000000
0.113593 -0.393624 -0.135071 50.000000
0.336979 -0.143237 -0.105614 50.000000
-0.000145 0.045782 0.002396 50.000000
0.595549 0.135791 0.026944 50.000000
0.165144 -0.188241 -0.111342 50.000000
0.461355 0.454094 0.135773 50.000000
-0.272626 -0.167784 -0.100704 50.000000
-0.758673 -0.192332 -0.006605 50.000000
-0.302901 0.581743 -0.161256 50.000000
0.494085 -0.297070 -0.058974 53.000000
-0.031239 -0.058137 -0.135889 50.000000
0.022766 -0.427991 -0.042608 50.000000
-0.036967 -0.243064 -0.153892 50.000000
0.199511 0.079330 0.187324 50.000000
-0.369181 0.034326 -0.056518 52.000000
0.611096 0.128426 0.058038 50.000000
0.010493 -0.178422 -0.110524 50.000000
0.206057 -0.320799 -0.058974 50.000000
-0.209620 0.026144 0.011398 52.000000
-0.384727 -0.317526 -0.105614 51.000000
0.305067 -0.132599 -0.097431 50.000000
-0.291446 0.051510 0.116953 52.000000
0.522724 -0.305252 -0.104796 53.000000
0.637280 0.574379 -0.021333 50.000000
0.052224 -0.122780 -0.094158 50.000000
0.469537 -0.130144 -0.070429 50.000000
0.047315 -0.459085 0.028581 50.000000
0.193783 -0.424718 -0.041790 53.000000
0.513723 0.241346 0.348521 50.000000
0.105411 -0.220153 -0.156346 50.000000
-0.072152 -0.103142 -0.152255 52.000000
-0.383909 0.535920 0.232328 50.000000
0.337797 -0.274976 -0.061428 50.000000
-0.757854 -0.373986 0.017944 50.000000
0.530089 0.056419 -0.019697 50.000000
-0.039422 -0.157147 -0.141617 50.000000
0.152052 -0.364986 -0.078612 50.000000
0.501450 0.328901 0.359158 50.000000
-0.356088 0.555559 -0.060609 50.000000
-0.035330 -0.018861 -0.056518 50.000000
0.044042 -0.417354 -0.031152 50.000000
-0.583565 -0.104778 -0.023788 52.000000
0.237151 -0.381351 -0.010696 53.000000
-0.748035 -0.373986 0.029399 50.000000
-0.095063 -0.360894 -0.040971 51.000000
0.390984 0.002414 -0.073702 50.000000
-0.143340 -0.090868 -0.139981 52.000000
0.558727 -0.479542 0.221690 53.000000
-0.385546 0.008960 -0.079430 52.000000
-0.691575 -0.230791 0.080949 50.000000
0.420441 0.366540 0.405799 50.000000
0.497358 -0.276613 -0.014787 53.000000
-0.738216 0.577652 0.152956 50.000000
0.548908 -0.240610 -0.063064 53.000000
0.313249 0.105515 0.103043 50.000000
-0.300446 -0.382169 -0.132616 51.000000
-0.730034 -0.326527 -0.118706 50.000000
-0.161342 -0.189877 -0.110524 50.000000
0.434352 -0.143237 -0.105614 50.000000
0.282974 -0.046681 -0.123616 50.000000
0.010493 -0.123598 -0.112978 50.000000
0.283792 -0.187422 -0.094977 50.000000
-0.240713 -0.387897 -0.045063 51.000000
0.402440 -0.064684 -0.074520 50.000000
0.120139 -0.112142 -0.106432 50.000000
-0.441187 -0.048318 -0.068792 52.000000
0.089046 -0.166966 -0.115433 50.000000
-0.243168 -0.351074 -0.075339 51.000000
0.653646 -0.268430 0.098951 53.000000
0.259244 0.570287 0.071948 50.000000
0.229787 -0.318344 -0.093340 50.000000
0.427806 -0.330618 -0.055700 53.000000
-0.376545 0.379632 0.199597 50.000000
-0.638388 -0.301979 -0.061428 51.000000
0.485902 -0.344528 -0.028697 53.000000
-0.311902 -0.362531 -0.096613 51.000000
0.371346 -0.297070 -0.058974 53.000000
0.336160 -0.014770 -0.127707 50.000000
-0.080334 -0.221790 -0.105614 50.000000
0.141415 -0.308525 -0.086794 50.000000
-0.440369 0.221708 0.161958 52.000000
0.183145 -0.110506 -0.074520 50.000000
0.598004 -0.184968 -0.031970 53.000000
-0.743944 -0.296252 0.057220 51.000000
-0.186709 -0.301979 -0.101523 51.000000
0.519451 -0.320799 -0.032789 53.000000
-0.464917 0.564560 -0.067974 50.000000
-0.674392 -0.191514 0.044128 50.000000
0.283792 -0.229972 -0.100704 50.000000
-0.348724 0.567833 -0.174348 50.000000
-0.653935 0.013051 0.020398 52.000000
-0.534469 -0.032771 -0.043426 52.000000
0.540726 0.551468 0.005669 50.000000
0.560364 0.052328 0.041673 50.000000
0.145506 0.525283 0.099770 50.000000
-0.693212 -0.342074 -0.044244 51.000000
0.107865 -0.332255 -0.082703 50.000000
0.038313 -0.088413 -0.078612 50.000000
-0.424004 -0.213607 -0.136708 50.000000
-0.181798 -0.166966 -0.076975 50.000000
-0.039422 -0.443539 -0.023788 51.000000
-0.171161 0.537556 -0.065519 50.000000
0.578366 -0.411626 0.068675 53.000000
-0.354452 0.399271 0.167685 50.000000
0.517815 -0.297888 -0.043426 53.000000
-0.496011 0.570287 -0.100704 50.000000
-0.473918 0.000777 -0.058974 52.000000
-0.698121 -0.166966 -0.032789 50.000000
0.092319 -0.124416 -0.144072 50.000000
0.122595 -0.318344 -0.120343 50.000000
-0.635934 -0.203787 -0.035243 50.000000
0.447444 0.038418 -0.059791 50.000000
-0.518104 0.140700 0.146410 52.000000
-0.388819 -0.013951 -0.067974 52.000000
-0.699758 0.531829 -0.125252 50.000000
-0.048422 0.027780 -0.053245 50.000000
0.403258 -0.240610 -0.091704 53.000000
0.590640 0.107970 0.087496 50.000000
0.295248 -0.329800 -0.086794 53.000000
-0.031239 0.019598 -0.017242 50.000000
-0.428914 0.484370 0.197143 50.000000
-0.358543 -0.236518 -0.103977 50.000000
-0.158887 -0.038499 -0.034425 52.000000
0.603732 0.530192 -0.166984 50.000000
0.035858 -0.220971 -0.126889 50.000000
-0.219439 -0.377259 -0.030334 51.000000
0.192965 0.567833 0.417255 50.000000
-0.108156 -0.233245 -0.137527 50.000000
-0.175252 -0.179240 -0.103159 50.000000
-0.169525 -0.065502 -0.086794 52.000000
0.382802 0.545740 0.040037 50.000000
-0.082789 0.560468 0.225781 50.000000
-0.377363 0.561287 -0.165347 50.000000
0.033404 0.533465 0.072767 50.000000
-0.406002 0.555559 0.008943 50.000000
-0.144159 0.581743 0.104679 50.000000
-0.144159 -0.245519 -0.083521 50.000000
0.075135 0.006505 -0.025424 50.000000
0.380347 -0.066320 -0.091704 50.000000
-0.451825 -0.310980 -0.033607 51.000000
-0.436278 -0.179240 -0.073702 50.000000
0.345161 0.552286 -0.087612 50.000000
0.360709 -0.242246 -0.016424 50.000000
0.191328 -0.029498 -0.040971 50.000000
-0.253805 -0.416535 0.001578 51.000000
0.384438 -0.414081 -0.019697 53.000000
-0.403547 0.073603 -0.040153 52.000000
0.233878 0.536738 0.096497 50.000000
-0.547561 0.586652 0.198779 50.000000
-0.026329 -0.310980 -0.088431 51.000000
-0.030421 0.038418 0.041673 50.000000
0.385256 0.544103 0.114498 50.000000
0.414713 0.098969 -0.035243 50.000000
0.020312 -0.276613 -0.099068 50.000000
-0.646571 0.001596 0.039218 52.000000
-0.573746 0.549831 0.072767 50.000000
-0.626114 0.544921 0.296152 50.000000
0.368891 0.565378 -0.053245 50.000000
-0.160524 -0.100687 -0.117888 52.000000
0.447444 -0.052409 -0.067974 50.000000
0.369709 -0.218517 -0.093340 50.000000
0.262517 -0.443539 -0.067156 53.000000
-0.005054 -0.067138 -0.094158 50.000000
-0.110610 -0.167784 -0.127707 50.000000
-0.753763 0.557195 -0.020515 50.000000
-0.109792 -0.145691 -0.133435 50.000000
-0.150705 0.590744 0.357522 50.000000
0.607823 -0.077776 0.043310 50.000000
0.237151 -0.052409 -0.043426 50.000000
0.282974 -0.121143 -0.073702 50.000000
-0.258716 -0.086777 -0.069610 52.000000
0.435989 0.387815 0.429529 50.000000
0.348435 0.093241 0.101406 50.000000
0.426170 0.064602 -0.032789 50.000000
0.289520 0.053964 0.080131 50.000000
0.182327 0.531829 0.122681 50.000000
0.102956 0.036781 0.036764 50.000000
-0.527105 -0.263521 -0.051609 51.000000
0.283792 -0.229972 -0.100704 50.000000
0.501450 -0.130962 -0.085976 50.000000
0.305067 -0.088413 -0.092522 50.000000
0.070226 -0.306889 -0.135889 50.000000
-0.413367 0.336265 0.188142 50.000000
-0.753763 -0.114597 0.012216 52.000000
0.381983 0.093241 0.008943 50.000000
-0.185072 -0.396079 -0.067974 51.000000
0.536635 0.098969 0.035945 50.000000
0.505541 -0.106415 -0.035243 50.000000
-0.041058 -0.425536 -0.076157 51.000000
-0.356907 -0.132599 -0.074520 52.000000
-0.360998 -0.378078 -0.066337 51.000000
0.444171 0.193069 0.321519 50.000000
-0.333177 -0.072048 -0.036880 52.000000
0.038313 -0.306889 -0.143254 50.000000
0.141415 -0.188241 -0.093340 50.000000
0.590640 0.546558 -0.088431 50.000000
0.494903 0.089149 -0.028697 50.000000
0.326341 -0.024589 -0.117070 50.000000
-0.122884 -0.233245 -0.122797 50.000000
-0.395365 -0.050773 -0.084339 52.000000
0.150415 -0.220971 -0.070429 50.000000
-0.075425 -0.211152 -0.131798 50.000000
-0.162979 0.591562 -0.065519 50.000000
0.138142 -0.423900 -0.056518 50.000000
-0.351179 -0.145691 -0.127707 50.000000
0.011311 -0.320799 -0.109705 50.000000
0.287883 0.539193 -0.118706 50.000000
-0.210438 -0.327345 -0.061428 51.000000
0.044042 -0.330618 -0.108887 50.000000
-0.399456 0.562923 0.076858 50.000000
0.402440 -0.042590 -0.078612 50.000000
0.556273 -0.162057 0.009760 53.000000
0.518633 -0.036862 -0.017242 50.000000
-0.233349 -0.223426 -0.108887 50.000000
-0.592566 -0.216062 -0.032789 50.000000
-0.009964 0.550649 0.300243 50.000000
0.604550 -0.195605 0.019580 53.000000
-0.150705 -0.436174 -0.010696 51.000000
-0.441187 -0.048318 -0.068792 52.000000
-0.322539 -0.282340 -0.099068 51.000000
-0.419095 -0.297888 -0.048336 51.000000
-0.284900 0.006505 -0.075339 52.000000
0.203603 0.059692 0.130863 50.000000
-0.719396 0.585016 0.035127 50.000000
0.240424 -0.155511 -0.112160 50.000000
-0.703849 -0.355984 -0.024606 51.000000
0.423715 0.547376 -0.136708 50.000000
-0.210438 -0.200514 -0.102341 50.000000
-0.183436 0.575197 0.163593 50.000000
0.379528 0.044964 -0.095795 50.000000
-0.441187 -0.444357 -0.034425 51.000000
-0.453461 -0.297888 -0.063882 51.000000
-0.460007 0.003232 -0.024606 52.000000
-0.097518 0.535920 0.239692 50.000000
-0.604840 -0.039317 0.016306 52.000000
-0.424822 0.016324 -0.011514 52.000000
-0.167070 -0.455812 -0.049154 51.000000
0.602914 -0.161238 0.005669 53.000000
0.276428 0.059692 0.130045 50.000000
0.589822 -0.459085 0.056402 53.000000
-0.722669 0.049055 0.094860 52.000000
0.205239 -0.087595 -0.065519 50.000000
-0.354452 -0.122780 -0.120343 52.000000
0.541544 -0.264339 -0.029516 53.000000
0.393439 -0.341255 -0.074520 53.000000
0.509632 0.129245 -0.002513 50.000000
0.406531 0.109606 0.037582 50.000000
0.240424 -0.342074 -0.075339 50.000000
-0.049241 -0.100687 -0.095795 50.000000
-0.518922 -0.238155 -0.102341 50.000000
-0.454280 0.078512 -0.013151 52.000000
0.172508 -0.288069 -0.058155 50.000000
-0.682574 -0.022952 0.051492 52.000000
0.661010 0.586652 -0.030334 50.000000
0.021130 -0.035226 -0.117070 50.000000
0.217513 -0.400170 -0.055700 53.000000
0.218331 -0.198060 -0.088431 50.000000
0.063680 -0.387897 -0.089249 50.000000
0.136505 0.585834 0.032672 50.000000
0.553000 -0.001677 -0.019697 50.000000
0.295248 -0.285613 -0.079430 50.000000
0.026858 -0.092504 -0.148164 50.000000
0.422078 0.432819 0.428710 50.000000
-0.131885 -0.409171 -0.040153 51.000000
-0.386364 0.577652 0.124317 50.000000
-0.310266 -0.167784 -0.098250 50.000000
-0.350361 0.576833 0.003215 50.000000
0.618461 -0.148964 0.035945 50.000000
0.349253 -0.362531 -0.083521 53.000000
0.461355 0.454094 0.135773 50.000000
-0.458371 -0.387897 0.014671 51.000000
-0.364271 -0.098232 -0.094977 52.000000
0.252698 -0.252065 -0.118706 50.000000
-0.438733 0.508918 0.126772 50.000000
-0.205528 -0.167784 -0.123616 50.000000
-0.680938 0.105515 0.134136 52.000000
-0.163797 -0.052409 -0.061428 52.000000
0.553000 -0.173512 -0.020515 53.000000
-0.227621 -0.280704 -0.086794 51.000000
-0.229258 0.543284 0.017125 50.000000
-0.681756 0.597290 0.294515 50.000000
0.327160 -0.144055 -0.112978 50.000000
-0.364271 0.072784 -0.037698 52.000000
0.542362 0.367358 0.059675 50.000000
0.294429 -0.263521 -0.076975 50.000000
-0.381454 0.248711 0.106316 52.000000
0.520270 0.274895 0.109589 50.000000
-0.328267 0.567833 0.025308 50.000000
0.284610 -0.294615 -0.115433 50.000000
0.175781 -0.177603 -0.108069 50.000000
0.294429 0.576833 0.302698 50.000000
0.530089 0.056419 -0.019697 50.000000
-0.304538 0.576015 0.141501 50.000000
0.469537 -0.410808 0.059675 53.000000
0.370528 -0.207879 -0.082703 50.000000
-0.526287 -0.456631 0.039218 51.000000
-0.085244 0.566196 0.154593 50.000000
0.168417 0.043327 0.101406 50.000000
0.358254 -0.033589 -0.094158 50.000000
0.135687 -0.198060 -0.138344 50.000000
-0.518104 0.140700 0.146410 52.000000
-0.059878 -0.199696 -0.097431 50.000000
0.227332 0.557195 -0.039335 50.000000
0.305885 -0.165330 -0.105614 50.000000
-0.774219 -0.030316 0.107952 52.000000
-0.824952 -0.085958 0.051492 52.000000
-0.591748 -0.155511 -0.067156 50.000000
-0.229258 0.592380 0.451622 50.000000
-0.155614 0.567833 -0.090067 50.000000
-0.577837 0.576015 -0.113797 50.000000
-0.447734 0.495007 0.027763 50.000000
0.350890 -0.414899 -0.012332 53.000000
0.295248 0.585834 0.239692 50.000000
0.525179 0.550649 -0.033607 50.000000
0.520270 -0.437811 0.089132 53.000000
0.454809 -0.012315 -0.113797 50.000000
0.489175 0.233982 0.392707 50.000000
-0.283263 -0.247156 -0.103159 50.000000
-0.036967 -0.243064 -0.153892 50.000000
-0.065606 -0.480360 -0.014787 51.000000
0.000674 0.113698 0.147228 50.000000
-0.369181 0.034326 -0.056518 52.000000
-0.774219 -0.058955 0.077676 52.000000
0.052224 -0.455812 -0.090067 50.000000
-0.212893 0.532647 -0.048336 50.000000
-0.486192 0.152156 0.137409 52.000000
0.066135 -0.275794 -0.105614 50.000000
-0.243986 -0.121143 -0.074520 52.000000
0.079227 -0.439447 -0.034425 50.000000
-0.051695 -0.102323 -0.140800 52.000000
0.240424 -0.418990 -0.085158 53.000000
-0.569655 -0.354347 0.010579 51.000000
-0.666209 0.074421 0.106316 52.000000
0.134050 -0.209515 -0.127707 50.000000
-0.059878 -0.199696 -0.097431 50.000000
0.225695 -0.405898 -0.000059 53.000000
0.485902 -0.344528 -0.028697 53.000000
0.601277 0.069511 0.077676 50.000000
0.503086 0.471278 0.013033 50.000000
0.392621 0.206979 0.407436 50.000000
-0.273444 -0.439447 -0.022151 51.000000
0.604550 0.535102 0.028581 50.000000
0.240424 0.552286 -0.085976 50.000000
0.327160 -0.308525 -0.067156 53.000000
0.156143 -0.350256 -0.123616 53.000000
-0.759491 -0.045863 0.079313 52.000000
-0.477191 0.562923 -0.032789 50.000000
-0.041058 -0.425536 -0.076157 51.000000
0.491630 -0.218517 -0.078612 53.000000
-0.478827 -0.264339 0.001578 51.000000
-0.131885 -0.462358 0.012216 51.000000
-0.284081 0.577652 0.062948 50.000000
0.176599 0.560468 0.003215 50.000000
0.201966 0.574379 -0.029516 50.000000
-0.068060 -0.243883 -0.111342 50.000000
0.585730 0.234800 0.032672 50.000000
0.601277 0.069511 0.077676 50.000000
0.480174 0.400089 0.043310 50.000000
-0.532833 0.141518 0.143137 52.000000
-0.274262 -0.054046 -0.102341 52.000000
-0.128612 0.576833 0.094042 50.000000
-0.578656 -0.142418 -0.033607 50.000000
-0.338087 0.012233 -0.027879 52.000000
-0.086880 -0.076957 -0.085976 52.000000
-0.535287 0.006505 -0.011514 52.000000
-0.256260 -0.155511 -0.073702 50.000000
0.178236 -0.016406 -0.020515 50.000000
0.487539 0.312535 0.350976 50.000000
0.607823 0.208616 0.023671 50.000000
0.216695 -0.298706 -0.058155 50.000000
0.396712 0.556377 0.068675 50.000000
0.584094 0.112879 0.038400 50.000000
-0.000145 -0.427991 -0.045881 50.000000
0.435989 0.536738 0.413982 50.000000
0.576730 -0.207060 -0.022151 53.000000
-0.338905 -0.145691 -0.126889 50.000000
-0.788948 -0.115415 -0.012332 52.000000
-0.039422 -0.408353 -0.023788 51.000000
0.560364 -0.084322 -0.054063 50.000000
0.458082 0.526101 0.059675 50.000000
-0.176889 -0.211152 -0.138344 50.000000
-0.352815 0.196342 0.115317 52.000000
-0.062333 -0.022134 -0.098250 52.000000
0.066953 -0.134235 -0.115433 50.000000
0.261699 -0.412444 -0.041790 53.000000
-0.392092 -0.179240 -0.084339 50.000000
-0.094245 -0.067138 -0.103977 52.000000
0.357436 0.033508 -0.091704 50.000000
0.017039 0.030235 -0.025424 50.000000
-0.602385 0.039236 0.038400 52.000000
0.204421 0.553922 0.188142 50.000000
0.473628 0.398453 0.347703 50.000000
0.524361 0.316626 0.013033 50.000000
-0.370817 0.576833 0.171777 50.000000
-0.690757 0.559650 0.328065 50.000000
0.518633 -0.001677 -0.018878 50.000000
0.111957 0.542467 0.191415 50.000000
-0.339723 0.114516 -0.077793 52.000000
-0.265262 -0.281522 -0.081885 51.000000
-0.125339 -0.441083 0.039218 51.000000
0.412259 -0.033589 -0.108069 50.000000
-0.625296 0.491734 0.399253 50.000000
-0.315993 -0.258611 -0.118706 50.000000
-0.132703 -0.268430 -0.082703 50.000000
-0.384727 0.063784 -0.015605 52.000000
-0.395365 0.026962 -0.019697 52.000000
-0.140067 -0.279067 -0.099886 51.000000
-0.496011 -0.097414 -0.096613 52.000000
0.607005 0.250347 0.105498 50.000000
0.123413 -0.427991 -0.020515 50.000000
-0.466553 -0.202151 -0.097431 50.000000
-0.013237 -0.056500 -0.111342 50.000000
-0.266898 -0.144873 -0.079430 50.000000
0.175781 -0.177603 -0.108069 50.000000
-0.578656 -0.144055 -0.095795 50.000000
0.238787 -0.355166 -0.045063 53.000000
0.134050 -0.394443 -0.119524 50.000000
-0.417458 -0.191514 -0.086794 50.000000
-0.022237 -0.482815 0.011398 51.000000
0.588185 -0.264339 -0.025424 53.000000
0.161871 0.078512 0.184869 50.000000
-0.515649 0.049055 0.040037 52.000000
-0.072970 -0.122780 -0.090885 52.000000
-0.142522 -0.256975 -0.088431 50.000000
0.501450 0.527737 -0.018878 50.000000
0.458900 -0.018043 -0.060609 50.000000
0.479356 0.484370 0.013852 50.000000
-0.329904 0.025326 -0.016424 52.000000
-0.311084 0.142337 0.034309 52.000000
0.611915 -0.444357 0.139864 53.000000
0.501450 -0.433719 0.162776 53.000000
-0.149886 -0.267612 -0.108069 50.000000
0.278883 0.551468 0.415618 50.000000
0.465446 0.391906 0.446712 50.000000
0.534180 0.225799 0.123499 50.000000
-0.134340 -0.167784 -0.126070 50.000000
0.180691 0.542467 0.386161 50.000000
0.174145 -0.121961 -0.091704 50.000000
0.059589 0.079330 0.086678 50.000000
0.284610 -0.328982 -0.099886 53.000000
0.111957 -0.006587 -0.040153 50.000000
-0.274262 -0.054046 -0.102341 52.000000
0.527634 0.006505 -0.046699 50.000000
0.045678 -0.166966 -0.121979 50.000000
-0.444460 -0.284795 -0.084339 51.000000
0.576730 0.008142 0.080131 50.000000
-0.059878 0.004869 -0.053245 52.000000
0.392621 0.088331 -0.027061 50.000000
0.421259 0.383723 0.413982 50.000000
-0.730034 -0.229972 -0.030334 50.000000
0.028494 0.558014 0.103043 50.000000
-0.360998 -0.378078 -0.066337 51.000000
-0.176889 -0.304434 -0.049154 51.000000
-0.505012 -0.309344 -0.103159 51.000000
0.149597 -0.109688 -0.063064 50.000000
-0.531196 0.573560 0.114498 50.000000
-0.334814 -0.362531 -0.104796 51.000000
0.281337 0.578470 0.261785 50.000000
-0.532014 -0.130962 -0.041790 52.000000
-0.028784 -0.413262 -0.079430 51.000000
-0.333996 0.566196 -0.138344 50.000000
0.598822 -0.104778 -0.020515 50.000000
0.260880 -0.242246 -0.048336 50.000000
-0.428914 -0.036862 -0.065519 52.000000
0.262517 -0.329800 -0.086794 50.000000
0.113593 -0.393624 -0.135071 50.000000
-0.086062 0.576015 0.422164 50.000000
0.019493 0.573560 0.066221 50.000000
0.273973 -0.362531 -0.095795 53.000000
0.348435 0.585016 0.280605 50.000000
-0.068060 -0.243883 -0.111342 50.000000
0.237969 -0.438629 -0.017242 53.000000
0.204421 0.537556 -0.056518 50.000000
0.116866 0.562923 0.125954 50.000000
0.438443 0.113698 -0.018060 50.000000
0.278883 0.537556 0.421346 50.000000
-0.045968 -0.189877 -0.165347 50.000000
-0.203074 -0.234882 -0.086794 50.000000
0.003947 -0.124416 -0.140800 50.000000
0.607823 0.549831 0.154593 50.000000
-0.460007 0.056419 0.004033 52.000000
0.422896 -0.099050 -0.106432 50.000000
0.314886 -0.009860 -0.076157 50.000000
-0.048422 -0.464813 -0.040971 51.000000
0.309976 0.560468 -0.028697 50.000000
-0.259534 -0.013133 -0.029516 52.000000
0.327160 -0.286432 -0.067156 50.000000
-0.365089 0.540011 -0.026243 50.000000
-0.261170 -0.292160 -0.096613 51.000000
0.566910 -0.376441 0.081768 53.000000
-0.413367 0.336265 0.188142 50.000000
0.294429 -0.154692 -0.114615 50.000000
0.316522 -0.252883 -0.078612 50.000000
0.620097 -0.077776 0.044128 50.000000
-0.671937 -0.154692 -0.055700 50.000000
0.563637 -0.309344 -0.043426 53.000000
-0.256260 0.544103 0.448348 50.000000
0.005583 -0.167784 -0.144072 50.000000
0.029312 0.560468 -0.006605 50.000000
-0.384727 0.481097 0.197961 50.000000
-0.337269 0.241346 0.147228 50.000000
0.565273 -0.058137 -0.011514 50.000000
0.282974 -0.036044 -0.117070 50.000000
-0.645753 -0.024589 0.038400 52.000000
-0.155614 0.567833 -0.090067 50.000000
-0.464917 0.564560 -0.067974 50.000000
-0.552471 0.008142 -0.004968 52.000000
0.532543 0.047418 0.002396 50.000000
0.044042 0.538375 0.089132 50.000000
-0.337269 0.207798 0.108771 52.000000
-0.420731 -0.213607 -0.112160 50.000000
-0.027965 -0.092504 -0.149800 50.000000
-0.049241 -0.100687 -0.095795 50.000000
-0.197346 0.055601 0.060493 52.000000
0.195419 -0.275794 -0.067974 50.000000
0.157780 -0.416535 -0.018060 50.000000
-0.000963 -0.276613 -0.104796 50.000000
-0.175252 -0.448448 -0.013151 51.000000
-0.769310 -0.166966 -0.045881 50.000000
0.369709 -0.121143 -0.090885 50.000000
-0.526287 -0.154692 -0.022151 50.000000
-0.290627 0.565378 -0.013151 50.000000
-0.270171 -0.109688 -0.071247 52.000000
-0.540197 -0.415717 0.004851 51.000000
-0.445279 -0.191514 -0.049154 50.000000
-0.020601 -0.090868 -0.129343 50.000000
0.401621 -0.186604 -0.126889 50.000000
0.067771 -0.264339 -0.118706 50.000000
-0.587656 -0.093323 -0.047517 52.000000
0.406531 0.436092 0.385343 50.000000
0.129959 -0.376441 -0.081885 50.000000
-0.349542 0.279805 0.134136 50.000000
-0.078698 -0.068775 -0.125252 52.000000
-0.221075 0.582561 -0.137527 50.000000
0.062862 -0.354347 -0.085158 50.000000
0.447444 0.362449 0.382888 50.000000
0.542362 0.367358 0.059675 50.000000
-0.036967 -0.166966 -0.098250 50.000000
0.053043 0.038418 0.053129 50.000000
0.224877 -0.453358 0.006488 53.000000
-0.039422 -0.157147 -0.141617 50.000000
-0.024692 -0.056500 -0.108887 50.000000
0.509632 0.404181 -0.034425 50.000000
-0.327449 -0.414081 -0.053245 51.000000
-0.245623 -0.270067 -0.066337 51.000000
0.480993 -0.262702 -0.072065 53.000000
0.265790 0.539193 0.375523 50.000000
-0.072970 -0.232427 -0.139981 50.000000
0.272336 -0.078594 -0.110524 50.000000
-0.099154 -0.135053 -0.130980 50.000000
-0.679301 -0.242246 -0.008241 50.000000
-0.592566 0.545740 0.006488 50.000000
0.602914 -0.161238 0.005669 53.000000
-0.178525 -0.256156 -0.131798 50.000000
0.305885 -0.263521 -0.083521 50.000000
-0.129430 -0.200514 -0.094977 50.000000
0.194601 -0.165330 -0.065519 50.000000
-0.171161 -0.463995 0.017944 51.000000
-0.680120 -0.009860 0.045764 52.000000
0.507177 -0.264339 -0.034425 53.000000
-0.757036 -0.180058 -0.010696 50.000000
0.263335 0.539193 0.481079 50.000000
-0.418276 -0.144055 -0.086794 50.000000
-0.364271 0.072784 -0.037698 52.000000
-0.422368 -0.492634 0.061311 51.000000
-0.680938 0.545740 0.068675 50.000000
0.048951 -0.065502 -0.076157 50.000000
-0.276717 0.040054 0.020398 52.000000
-0.279172 0.576015 -0.059791 50.000000
-0.215347 -0.292160 -0.085158 51.000000
0.552181 -0.229972 -0.036062 53.000000
0.462991 0.550649 -0.063064 50.000000
0.107865 -0.089231 -0.097431 50.000000
0.412259 -0.154692 -0.122797 50.000000
-0.568836 -0.028680 0.001578 52.000000
0.620097 -0.125234 0.045764 50.000000
0.412259 -0.110506 -0.117070 50.000000
0.505541 0.518737 0.032672 50.000000
-0.369999 0.022871 -0.053245 52.000000
-0.136794 -0.134235 -0.114615 50.000000
-0.435460 -0.391988 -0.079430 51.000000
-0.387182 -0.049954 -0.070429 52.000000
0.052224 -0.455812 -0.090067 50.000000
0.382802 -0.298706 -0.040153 53.000000
0.536635 0.183250 0.029399 50.000000
0.124231 -0.462358 -0.027879 50.000000
-0.368362 -0.320799 -0.040971 51.000000
0.553818 0.267531 0.071130 50.000000
0.040768 -0.209515 -0.157165 50.000000
-0.215347 -0.004132 -0.054882 52.000000
0.566910 -0.376441 0.081768 53.000000
0.550545 -0.285613 -0.049972 53.000000
-0.207983 0.598108 0.273241 50.000000
-0.669482 -0.027043 -0.006605 52.000000
0.211785 0.094060 0.202870 50.000000
0.250243 -0.099869 -0.094158 50.000000
0.557091 0.490098 -0.057336 50.000000
-0.263625 -0.097414 -0.052427 52.000000
-0.753763 0.557195 -0.020515 50.000000
0.470355 -0.028680 -0.058155 50.000000
-0.609749 -0.241428 0.003215 50.000000
-0.616295 0.562923 0.308426 50.000000
0.206876 -0.353529 -0.069610 53.000000
-0.635934 -0.268430 0.060493 51.000000
0.501450 -0.130962 -0.085976 50.000000
-0.017328 0.083422 0.107952 50.000000
0.130777 0.008142 -0.005786 50.000000
-0.729216 -0.102323 -0.005786 52.000000
0.553000 -0.058955 -0.017242 50.000000
0.264153 0.074421 0.148047 50.000000
-0.146613 -0.031135 -0.085976 52.000000
0.218331 -0.198060 -0.088431 50.000000
0.661010 0.562105 -0.022151 50.000000
-0.694030 0.576833 0.330519 50.000000
-0.342178 0.145610 0.047401 52.000000
0.161871 0.539193 0.229873 50.000000
0.170053 -0.438629 -0.026243 53.000000
0.282974 -0.121143 -0.073702 50.000000
-0.294719 -0.438629 -0.036062 51.000000
0.586549 0.139882 0.054765 50.000000
0.383620 -0.333073 -0.025424 53.000000
0.435989 -0.153056 -0.082703 50.000000
0.521906 0.048237 0.015489 50.000000
0.616006 -0.276613 0.009760 53.000000
0.103774 0.558832 -0.004968 50.000000
0.379528 -0.099869 -0.108887 50.000000
0.379528 0.044964 -0.095795 50.000000
-0.222712 -0.366622 -0.016424 51.000000
0.084954 0.019598 -0.011514 50.000000
-0.260352 0.567833 -0.077793 50.000000
0.228968 -0.111324 -0.102341 50.000000
0.063680 -0.122780 -0.097431 50.000000
0.552181 -0.338801 0.058856 53.000000
-0.693212 0.018780 0.069494 52.000000
-0.727579 -0.302798 -0.094158 50.000000
0.452354 -0.356802 -0.018878 53.000000
0.579184 -0.276613 -0.004968 53.000000
0.501450 0.215162 0.362431 50.000000
-0.523832 0.076876 0.056402 52.000000
0.559546 0.039236 0.035945 50.000000
0.508814 0.352630 -0.037698 50.000000
0.371346 -0.319163 -0.066337 53.000000
0.350071 0.492553 0.425437 50.000000
-0.180162 -0.382169 -0.086794 51.000000
0.480174 0.438547 0.038400 50.000000
-0.148250 0.031053 -0.036880 52.000000
-0.257078 0.567833 -0.038517 50.000000
-0.157251 -0.409989 -0.036062 51.000000
-0.461644 -0.108869 -0.079430 52.000000
0.102138 -0.041772 -0.053245 50.000000
-0.075425 -0.009860 -0.091704 52.000000
-0.679301 -0.027862 -0.017242 52.000000
0.272336 -0.100687 -0.110524 50.000000
0.069408 -0.145691 -0.137527 50.000000
-0.626932 -0.428809 -0.031152 51.000000
0.157780 -0.416535 -0.018060 50.000000
0.259244 -0.029498 -0.040153 50.000000
-0.532833 -0.031135 -0.015605 52.000000
-0.388819 -0.061411 -0.063882 52.000000
0.282156 -0.130962 -0.044244 50.000000
0.192146 -0.041772 -0.048336 50.000000
0.101319 -0.242246 -0.126889 50.000000
0.558727 -0.152238 -0.073702 50.000000
-0.128612 -0.134235 -0.102341 50.000000
-0.139249 -0.368259 -0.104796 51.000000
0.550545 0.272440 0.038400 50.000000
0.358254 -0.011496 -0.097431 50.000000
0.327978 -0.387078 -0.064701 53.000000
-0.094245 -0.179240 -0.149800 50.000000
-0.788948 -0.115415 -0.012332 52.000000
