0.447444 0.539193 0.096497 50.000000
0.294429 -0.197241 -0.078612 50.000000
0.505541 -0.241428 -0.051609 53.000000
0.216695 -0.088413 -0.084339 50.000000
0.616824 -0.184968 0.020398 53.000000
0.490812 -0.119507 -0.079430 50.000000
-0.297992 -0.329800 -0.058974 51.000000
0.390166 0.553104 0.319064 50.000000
0.206876 -0.176785 -0.089249 50.000000
-0.644116 0.543284 0.344430 50.000000
-0.235804 0.556377 0.282242 50.000000
0.294429 0.576833 0.302698 50.000000
-0.583565 -0.143237 -0.054063 52.000000
0.133232 -0.263521 -0.114615 50.000000
-0.403547 0.379632 0.192233 50.000000
0.195419 -0.198060 -0.070429 50.000000
-0.500921 0.540829 0.215144 50.000000
-0.000145 -0.018861 -0.061428 50.000000
0.590640 -0.459904 0.167685 53.000000
-0.799586 -0.153874 0.008943 50.000000
0.140596 0.558832 0.155411 50.000000
0.203603 -0.064684 -0.054063 50.000000
0.470355 -0.446812 0.058038 53.000000
0.379528 -0.079412 -0.126889 50.000000
-0.361816 -0.225063 -0.096613 50.000000
-0.015691 -0.400989 -0.090885 50.000000
0.359890 -0.264339 -0.051609 50.000000
-0.086062 0.562105 -0.128525 50.000000
0.206876 -0.252883 -0.083521 50.000000
0.073499 -0.355166 -0.074520 50.000000
-0.388000 -0.341255 -0.097431 51.000000
-0.401911 0.553922 0.235601 50.000000
0.102138 -0.317526 -0.131798 50.000000
-0.774219 -0.204606 0.022853 50.000000
-0.824952 -0.085958 0.051492 52.000000
-0.339723 0.169340 0.035127 52.000000
0.495721 0.067057 -0.018060 50.000000
-0.351179 -0.179240 -0.090067 50.000000
0.507177 -0.264339 -0.034425 53.000000
-0.655572 0.571106 0.113680 50.000000
0.242060 -0.166148 -0.131798 50.000000
-0.100791 -0.405080 -0.070429 51.000000
-0.421549 0.531829 0.206962 50.000000
-0.107337 -0.077776 -0.096613 52.000000
0.336979 -0.154692 -0.126070 50.000000
0.164326 -0.198060 -0.103977 50.000000
-0.351179 -0.378896 -0.057336 51.000000
-0.112247 0.564560 0.234783 50.000000
0.475265 0.233982 0.393526 50.000000
0.051406 -0.388715 -0.085158 50.000000
0.567728 -0.463177 0.191415 53.000000
0.563637 0.165248 0.062948 50.000000
0.227332 0.035963 0.147228 50.000000
0.395075 -0.310162 -0.026243 53.000000
0.294429 -0.403443 -0.012332 53.000000
-0.221075 -0.234882 -0.108069 50.000000
-0.288173 -0.291342 -0.128525 51.000000
-0.119611 -0.461540 0.011398 51.000000
0.580003 -0.401807 0.085859 53.000000
0.262517 -0.197241 -0.114615 50.000000
0.407349 0.461458 0.424619 50.000000
-0.784039 -0.045863 0.064584 52.000000
-0.341360 -0.063047 -0.088431 52.000000
-0.595021 0.126790 0.112862 52.000000
0.080863 -0.230791 -0.135071 50.000000
0.389348 0.040872 -0.123616 50.000000
0.480174 0.412363 0.039218 50.000000
0.436807 -0.229972 -0.068792 53.000000
0.625007 -0.172694 -0.002513 53.000000
-0.784039 -0.045863 0.064584 52.000000
-0.033694 0.014688 -0.068792 50.000000
0.192146 0.545740 0.161958 50.000000
0.053043 -0.100687 -0.098250 50.000000
-0.602385 -0.380532 0.016306 51.000000
0.543181 0.345266 0.076040 50.000000
0.526816 -0.107233 -0.051609 50.000000
0.408167 0.388633 0.436893 50.000000
-0.313539 0.119425 0.045764 52.000000
0.038313 -0.306889 -0.143254 50.000000
-0.710396 0.577652 -0.118706 50.000000
0.172508 -0.099050 -0.076975 50.000000
-0.582747 0.607109 0.203689 50.000000
-0.018146 0.064602 -0.032789 50.000000
0.349253 -0.307707 -0.076157 50.000000
0.599641 -0.421445 0.044946 53.000000
0.516178 -0.061411 -0.048336 50.000000
0.546454 -0.404262 0.112862 53.000000
-0.523014 -0.373986 -0.032789 51.000000
0.538271 -0.252065 -0.055700 53.000000
0.262517 -0.329800 -0.086794 50.000000
-0.290627 -0.389533 -0.045063 51.000000
-0.304538 0.576015 0.141501 50.000000
-0.167888 -0.347801 -0.086794 51.000000
0.517815 0.547376 -0.111342 50.000000
0.522724 0.298624 0.283060 50.000000
0.337797 -0.295433 -0.100704 50.000000
0.242060 -0.166148 -0.131798 50.000000
0.306703 -0.374805 -0.076157 53.000000
0.197875 -0.263521 -0.102341 50.000000
-0.004236 0.017143 -0.040153 50.000000
0.078408 0.549831 -0.103159 50.000000
0.489175 0.289624 0.381251 50.000000
0.380347 0.071148 -0.064701 50.000000
-0.284900 0.006505 -0.075339 52.000000
-0.540197 -0.007405 -0.031970 52.000000
0.454809 -0.132599 -0.124434 50.000000
0.010493 -0.178422 -0.110524 50.000000
0.626643 0.071148 0.086678 50.000000
0.390984 -0.131780 -0.096613 50.000000
-0.734125 -0.033589 0.061311 52.000000
0.566092 0.541648 0.013033 50.000000
-0.448552 -0.382987 -0.044244 51.000000
-0.302083 -0.280704 -0.124434 51.000000
0.283792 -0.252883 -0.080248 50.000000
0.213422 -0.016406 -0.027061 50.000000
-0.350361 -0.155511 -0.057336 50.000000
-0.019783 -0.330618 -0.125252 51.000000
-0.267716 0.585016 0.220872 50.000000
0.111957 -0.307707 -0.120343 50.000000
-0.069697 0.552286 -0.080248 50.000000
0.570183 0.038418 0.024490 50.000000
0.481811 0.432819 0.063766 50.000000
-0.243168 0.572742 -0.096613 50.000000
0.517815 -0.342074 -0.051609 53.000000
0.652828 0.558832 0.008124 50.000000
0.080045 -0.497543 0.046583 50.000000
0.549727 -0.094959 -0.046699 50.000000
0.194601 -0.165330 -0.065519 50.000000
-0.608113 0.561287 0.198779 50.000000
-0.384727 0.571106 -0.063064 50.000000
-0.459189 0.582561 0.213508 50.000000
-0.063969 -0.346165 -0.076157 51.000000
0.461355 0.405817 0.378796 50.000000
0.427806 -0.309344 -0.044244 53.000000
-0.126975 -0.510635 0.098133 51.000000
0.360709 -0.319981 -0.061428 53.000000
-0.348724 0.071148 -0.043426 52.000000
0.585730 -0.290524 0.046583 53.000000
0.087409 0.579288 -0.094977 50.000000
0.013766 -0.102323 -0.131798 50.000000
-0.022237 -0.079412 -0.121161 50.000000
0.272336 0.559650 0.081768 50.000000
0.487539 0.312535 0.350976 50.000000
-0.237440 0.574379 0.499081 50.000000
0.529270 -0.025407 -0.023788 50.000000
0.034222 -0.123598 -0.122797 50.000000
0.562000 -0.252065 -0.049972 53.000000
-0.267716 -0.190695 -0.074520 50.000000
-0.730034 -0.021316 0.052310 52.000000
0.003128 -0.368259 -0.065519 50.000000
0.511269 -0.185786 -0.099886 53.000000
-0.692393 0.567833 -0.054063 50.000000
0.553818 -0.252883 -0.018878 53.000000
0.390984 -0.175967 -0.099886 50.000000
-0.558199 -0.441902 0.010579 51.000000
-0.292264 -0.460722 -0.046699 51.000000
-0.135976 0.551468 0.553086 50.000000
-0.041876 -0.232427 -0.128525 50.000000
-0.122066 -0.255338 -0.126070 50.000000
-0.374090 0.541648 0.359158 50.000000
-0.472281 0.595653 -0.018878 50.000000
0.325523 0.076057 0.062948 50.000000
0.462173 0.248711 0.395162 50.000000
-0.636751 0.567014 0.316609 50.000000
-0.149068 -0.018861 -0.074520 52.000000
0.422078 0.480279 0.435256 50.000000
-0.369999 0.039236 -0.014787 52.000000
0.134050 -0.040135 -0.030334 50.000000
-0.306174 0.068693 -0.054882 52.000000
0.005583 -0.310980 -0.076157 50.000000
0.223241 -0.014770 -0.001695 50.000000
-0.224348 0.546558 0.519537 50.000000
0.550545 0.018780 -0.047517 50.000000
-0.091790 -0.411626 0.000760 51.000000
0.309158 0.553104 0.143137 50.000000
0.359072 0.567833 0.103043 50.000000
0.350890 0.480279 0.438529 50.000000
-0.373272 -0.099050 -0.105614 52.000000
-0.614659 0.054783 0.063766 52.000000
0.056316 -0.177603 -0.117070 50.000000
0.590640 0.558014 -0.094158 50.000000
-0.202255 0.070330 0.079313 52.000000
0.525179 -0.130144 -0.070429 50.000000
-0.333996 0.035145 -0.044244 52.000000
0.271518 -0.044227 -0.087612 50.000000
0.273973 -0.373168 -0.097431 53.000000
-0.301265 -0.316708 -0.088431 51.000000
0.240424 -0.453358 -0.080248 53.000000
-0.258716 0.563741 0.252785 50.000000
0.408986 0.426273 0.466351 50.000000
0.315704 -0.066320 -0.093340 50.000000
0.403258 -0.229972 -0.079430 50.000000
-0.442824 0.035145 -0.072065 52.000000
0.299339 0.550649 -0.123616 50.000000
0.054679 -0.166966 -0.107251 50.000000
-0.204710 -0.387078 -0.040971 51.000000
-0.139249 -0.368259 -0.104796 51.000000
0.578366 0.542467 0.014671 50.000000
0.350071 0.567833 0.416437 50.000000
-0.774219 -0.204606 0.022853 50.000000
0.070226 -0.189059 -0.135889 50.000000
0.447444 -0.141600 -0.068792 50.000000
-0.613022 0.577652 0.007306 50.000000
-0.467372 0.537556 0.115317 50.000000
-0.682574 -0.360894 0.058038 51.000000
-0.221893 -0.246337 -0.105614 50.000000
0.134050 -0.028680 -0.031970 50.000000
0.395894 -0.413262 -0.024606 53.000000
-0.270171 -0.269248 -0.107251 51.000000
0.426988 -0.252883 -0.045063 53.000000
0.151234 0.546558 -0.138344 50.000000
0.111138 -0.188241 -0.118706 50.000000
-0.344633 0.209434 0.042491 52.000000
-0.365907 0.423000 0.202052 50.000000
0.109502 -0.264339 -0.098250 50.000000
0.620097 -0.172694 0.045764 53.000000
-0.522195 0.604654 0.121863 50.000000
0.507177 -0.331436 -0.044244 53.000000
-0.781584 -0.269248 0.006488 50.000000
0.454809 0.136609 0.050674 50.000000
0.097228 0.540829 -0.054882 50.000000
-0.656390 -0.065502 0.000760 52.000000
-0.383909 -0.073684 -0.077793 52.000000
0.251061 -0.274976 -0.070429 50.000000
0.656101 -0.424718 0.185687 53.000000
-0.628569 0.513827 0.356703 50.000000
-0.187527 -0.245519 -0.099068 50.000000
-0.018146 -0.102323 -0.141617 50.000000
-0.113883 0.585016 0.499081 50.000000
-0.435460 0.205343 0.148865 52.000000
0.118503 -0.100687 -0.094158 50.000000
-0.631843 0.148064 0.160321 52.000000
0.196238 0.562105 0.087496 50.000000
-0.666209 0.523646 0.154593 50.000000
-0.214529 -0.097414 -0.049972 52.000000
-0.126975 -0.349438 -0.057336 51.000000
0.045678 -0.156329 -0.119524 50.000000
0.461355 0.454094 0.135773 50.000000
0.393439 0.478642 0.430347 50.000000
0.174963 -0.330618 -0.091704 50.000000
-0.473918 0.000777 -0.058974 52.000000
0.451535 0.509736 0.180778 50.000000
0.309976 0.560468 -0.028697 50.000000
0.234696 -0.027043 -0.009878 50.000000
-0.423186 -0.446812 -0.010696 51.000000
-0.259534 0.592380 0.244602 50.000000
-0.755400 0.009778 0.099770 52.000000
0.486720 0.094878 0.008943 50.000000
0.501450 -0.229154 -0.094158 53.000000
-0.268535 -0.145691 -0.114615 52.000000
-0.284081 -0.190695 -0.102341 50.000000
-0.415003 0.552286 -0.046699 50.000000
-0.619568 -0.180058 -0.099886 50.000000
0.119321 -0.133417 -0.094977 50.000000
0.602914 -0.229972 0.004033 53.000000
-0.032876 -0.493452 0.000760 51.000000
0.565273 -0.264339 -0.018878 53.000000
-0.041876 0.031053 -0.025424 50.000000
0.349253 -0.316708 -0.108069 50.000000
0.104592 -0.273340 -0.149800 50.000000
-0.355270 -0.156329 -0.115433 50.000000
-0.433005 -0.433719 -0.018878 51.000000
0.413077 -0.378896 -0.147345 53.000000
-0.249714 -0.328982 -0.054063 51.000000
-0.193255 0.594835 -0.099068 50.000000
0.463809 0.437729 0.175868 50.000000
0.016220 0.062965 0.049856 50.000000
-0.046786 -0.078594 -0.109705 50.000000
0.673284 0.548195 -0.096613 50.000000
-0.639207 -0.203787 0.003215 50.000000
0.186419 -0.208697 -0.104796 50.000000
0.392621 -0.328982 -0.089249 53.000000
0.114411 0.555559 -0.117888 50.000000
-0.118793 0.076876 0.047401 52.000000
0.454809 0.484370 0.238873 50.000000
-0.647389 0.024507 0.004851 52.000000
-0.041876 -0.009860 -0.085158 50.000000
-0.616295 -0.289705 -0.046699 51.000000
0.498176 -0.322436 -0.006605 53.000000
-0.369999 -0.072048 -0.042608 52.000000
-0.593384 -0.408353 -0.099886 51.000000
-0.023056 0.557195 0.015489 50.000000
0.241242 0.560468 -0.099886 50.000000
0.584912 0.551468 -0.037698 50.000000
0.504723 0.309262 0.404163 50.000000
-0.143340 0.556377 -0.081885 50.000000
0.283792 -0.252883 -0.080248 50.000000
0.072681 -0.032771 -0.085976 50.000000
0.238787 -0.413262 -0.036880 53.000000
0.426170 0.097333 -0.044244 50.000000
0.234696 0.558832 0.077676 50.000000
-0.274262 -0.054046 -0.102341 52.000000
-0.180162 -0.387078 -0.038517 51.000000
-0.351997 0.584198 0.154593 50.000000
0.021948 -0.364986 -0.108887 50.000000
0.128323 0.557195 -0.146527 50.000000
-0.675210 -0.102323 0.009760 52.000000
-0.163797 -0.167784 -0.102341 50.000000
-0.292264 -0.212789 -0.076975 50.000000
0.101319 -0.242246 -0.126889 50.000000
0.562819 0.261803 0.044946 50.000000
-0.225985 -0.039317 -0.059791 52.000000
0.364800 0.530192 0.449985 50.000000
0.191328 -0.029498 -0.040971 50.000000
-0.587656 -0.093323 -0.047517 52.000000
0.584912 0.551468 -0.037698 50.000000
-0.203074 -0.234882 -0.086794 50.000000
0.454809 -0.324890 0.022853 53.000000
-0.042695 -0.432901 -0.008241 50.000000
0.437625 0.562105 -0.100704 50.000000
-0.066424 -0.501635 0.049856 51.000000
0.604550 -0.195605 0.019580 53.000000
0.550545 -0.285613 -0.049972 53.000000
-0.356907 -0.293797 -0.109705 51.000000
0.186419 -0.122780 -0.109705 50.000000
0.446626 0.429546 0.355885 50.000000
-0.551652 0.125153 0.117771 52.000000
0.068589 -0.209515 -0.126889 50.000000
0.357436 0.562923 -0.024606 50.000000
-0.433005 -0.225881 -0.081066 50.000000
-0.413367 0.562923 -0.013151 50.000000
-0.655572 -0.024589 0.028581 52.000000
-0.418276 0.569469 0.184869 50.000000
0.214240 -0.029498 -0.045063 50.000000
-0.415822 0.150519 0.059675 52.000000
-0.279990 -0.483633 0.039218 51.000000
-0.020601 0.564560 0.498263 50.000000
-0.627751 -0.074503 0.070312 52.000000
-0.680938 -0.192332 -0.005786 50.000000
-0.275899 -0.179240 -0.089249 50.000000
0.571001 -0.452539 0.103861 53.000000
-0.456734 -0.310162 -0.055700 51.000000
0.440080 0.560468 0.203689 50.000000
-0.534469 -0.401807 -0.007423 51.000000
0.174963 -0.319163 -0.093340 50.000000
-0.257897 -0.478723 0.008124 51.000000
0.446626 0.059692 -0.072884 50.000000
0.447444 0.217617 0.382888 50.000000
-0.581110 -0.325709 -0.059791 51.000000
-0.605658 -0.166966 -0.006605 50.000000
0.234696 -0.014770 -0.004150 50.000000
-0.761946 -0.345347 -0.031970 50.000000
0.135687 0.550649 -0.095795 50.000000
-0.013237 -0.006587 -0.052427 50.000000
0.040768 0.541648 0.229054 50.000000
0.116866 -0.265975 -0.063882 50.000000
0.012947 -0.145691 -0.126070 50.000000
0.216695 -0.298706 -0.058155 50.000000
0.107865 -0.089231 -0.097431 50.000000
-0.455916 -0.202151 -0.089249 50.000000
0.317340 -0.386260 -0.076157 53.000000
-0.000145 -0.427991 -0.045881 50.000000
0.509632 0.129245 -0.002513 50.000000
-0.504194 0.580106 -0.155528 50.000000
0.566092 0.541648 0.013033 50.000000
-0.629387 0.071966 0.093224 52.000000
-0.360180 0.323991 0.207780 50.000000
-0.766037 0.571106 0.069494 50.000000
0.143051 0.058056 0.120226 50.000000
0.058770 -0.198878 -0.135889 50.000000
-0.120429 0.579288 -0.017242 50.000000
0.300157 0.101424 0.161139 50.000000
0.201966 -0.466450 0.013033 53.000000
0.562000 -0.252065 -0.049972 53.000000
0.181509 -0.414899 -0.028697 53.000000
-0.097518 -0.432082 -0.031970 51.000000
0.273155 -0.274976 -0.076157 50.000000
0.607005 -0.137509 0.036764 50.000000
0.381165 -0.120325 -0.078612 50.000000
0.631553 -0.450085 0.186505 53.000000
0.435989 -0.273340 -0.088431 53.000000
0.550545 0.236436 0.046583 50.000000
0.426988 -0.263521 -0.058974 53.000000
0.219149 -0.385442 -0.093340 53.000000
0.505541 0.518737 0.032672 50.000000
-0.696485 -0.111324 0.121044 52.000000
0.471992 0.008142 -0.027061 50.000000
-0.689939 -0.294615 0.044128 51.000000
0.392621 0.563741 -0.059791 50.000000
0.380347 -0.164511 -0.093340 50.000000
-0.144159 -0.245519 -0.083521 50.000000
0.413895 -0.251247 -0.092522 53.000000
-0.502557 -0.070411 -0.049972 52.000000
-0.687484 -0.254520 -0.022970 50.000000
0.218331 -0.375623 -0.076975 53.000000
0.519451 -0.252883 -0.021333 53.000000
-0.221893 -0.246337 -0.105614 50.000000
-0.617932 -0.303616 -0.012332 51.000000
-0.129430 -0.200514 -0.094977 50.000000
-0.487829 -0.324890 -0.013969 51.000000
0.480993 -0.185786 -0.068792 53.000000
0.028494 0.553104 0.218417 50.000000
0.490812 -0.097414 -0.082703 50.000000
-0.048422 0.557195 -0.062247 50.000000
0.377892 0.586652 0.376341 50.000000
-0.422368 -0.179240 -0.074520 50.000000
-0.085244 0.017961 -0.045063 52.000000
-0.150705 -0.134235 -0.108887 52.000000
-0.188345 -0.017224 -0.065519 52.000000
-0.184254 -0.064684 -0.074520 52.000000
0.469537 -0.130144 -0.070429 50.000000
0.251061 -0.154692 -0.099886 50.000000
-0.663755 0.575197 0.172595 50.000000
0.272336 -0.197241 -0.085158 50.000000
-0.158887 0.572742 0.251966 50.000000
0.539089 -0.004132 -0.040971 50.000000
0.065316 0.098969 0.142319 50.000000
-0.170343 0.577652 0.312517 50.000000
-0.116338 0.574379 -0.101523 50.000000
0.316522 -0.219335 -0.061428 50.000000
0.527634 -0.207060 -0.051609 53.000000
-0.460007 0.583379 0.121863 50.000000
0.107047 -0.121961 -0.088431 50.000000
-0.455916 -0.191514 -0.122797 50.000000
0.522724 0.298624 0.283060 50.000000
0.228968 -0.111324 -0.102341 50.000000
-0.451825 -0.345347 -0.068792 51.000000
-0.070515 0.551468 0.071948 50.000000
0.124231 0.026962 0.062129 50.000000
0.152052 -0.319981 -0.081885 50.000000
-0.298810 -0.073684 -0.061428 52.000000
0.471992 0.030235 -0.036062 50.000000
0.380347 -0.164511 -0.093340 50.000000
-0.573746 0.549831 0.072767 50.000000
0.575092 0.544103 -0.018878 50.000000
0.490812 -0.119507 -0.079430 50.000000
0.405713 0.566196 -0.017242 50.000000
-0.613022 -0.240610 -0.020515 50.000000
-0.065606 -0.288069 -0.121161 50.000000
-0.009145 -0.220971 -0.122797 50.000000
0.346798 0.021234 -0.105614 50.000000
0.464628 -0.346165 -0.001695 53.000000
-0.324176 -0.110506 -0.098250 52.000000
0.357436 0.057238 -0.085976 50.000000
-0.081971 -0.157147 -0.153892 50.000000
-0.313539 0.076876 0.008124 52.000000
0.001492 0.055601 -0.009059 50.000000
-0.022237 -0.079412 -0.121161 50.000000
-0.498466 -0.297888 -0.086794 51.000000
0.347616 0.568651 0.187324 50.000000
0.174145 0.548195 0.047401 50.000000
-0.648208 -0.228336 -0.070429 50.000000
0.046497 0.093241 0.094042 50.000000
-0.637570 -0.130144 -0.034425 52.000000
-0.392910 0.042509 -0.099886 52.000000
0.623370 0.558832 -0.024606 50.000000
0.619279 -0.230791 0.032672 53.000000
0.134050 -0.230791 -0.121161 50.000000
-0.292264 -0.212789 -0.076975 50.000000
0.498176 -0.345347 -0.009878 53.000000
0.158598 0.040872 0.076040 50.000000
0.535816 0.074421 0.031036 50.000000
-0.126975 -0.510635 0.098133 51.000000
-0.442006 -0.460722 0.001578 51.000000
0.381165 0.570287 -0.041790 50.000000
0.463809 0.297806 0.422983 50.000000
0.282156 -0.065502 -0.075339 50.000000
0.284610 -0.208697 -0.108887 50.000000
-0.092608 0.549012 -0.018878 50.000000
-0.087698 -0.167784 -0.128525 50.000000
0.363982 0.578470 0.400072 50.000000
0.402440 -0.164511 -0.084339 50.000000
-0.329904 -0.430446 -0.007423 51.000000
0.019493 0.107970 0.108771 50.000000
-0.500103 -0.167784 -0.083521 50.000000
0.422896 0.408272 0.451622 50.000000
-0.301265 -0.316708 -0.088431 51.000000
0.541544 0.533465 0.157048 50.000000
0.368891 0.034326 -0.086794 50.000000
0.238787 -0.413262 -0.036880 53.000000
0.183145 -0.110506 -0.074520 50.000000
-0.277535 -0.041772 -0.092522 52.000000
0.563637 -0.309344 -0.043426 53.000000
-0.099154 -0.135053 -0.130980 52.000000
0.472810 0.552286 -0.094158 50.000000
0.368073 -0.080230 -0.138344 50.000000
0.234696 -0.027043 -0.009878 50.000000
0.405713 0.542467 -0.007423 50.000000
-0.680938 0.088331 0.102224 52.000000
-0.393728 0.531010 0.163593 50.000000
-0.380636 0.034326 -0.061428 52.000000
-0.037785 -0.310980 -0.091704 50.000000
-0.301265 -0.316708 -0.088431 51.000000
0.114411 0.568651 -0.118706 50.000000
0.525179 0.343629 0.018762 50.000000
-0.734943 -0.076139 0.004033 52.000000
-0.025511 -0.210333 -0.093340 50.000000
-0.689120 0.063784 0.121863 52.000000
0.107047 -0.133417 -0.087612 50.000000
-0.197346 0.055601 0.060493 52.000000
-0.702212 -0.229154 -0.054063 50.000000
-0.595021 -0.130962 -0.061428 52.000000
0.152052 -0.275794 -0.081885 50.000000
0.598004 0.151337 0.046583 50.000000
0.467901 0.488461 0.027763 50.000000
0.531725 0.196342 0.101406 50.000000
0.448262 0.555559 0.103861 50.000000
-0.766855 -0.036862 0.000760 52.000000
-0.587656 -0.056500 -0.050790 52.000000
-0.373272 -0.099050 -0.105614 52.000000
-0.238259 0.577652 -0.117888 50.000000
0.365618 0.586652 0.476170 50.000000
0.489993 -0.175149 -0.096613 53.000000
0.553818 -0.252883 -0.018878 53.000000
-0.032057 -0.042590 -0.072884 50.000000
0.126686 -0.054046 -0.066337 50.000000
0.423715 0.558014 -0.142436 50.000000
0.611096 0.128426 0.058038 50.000000
-0.311902 0.118607 0.131682 52.000000
-0.356907 -0.293797 -0.109705 51.000000
0.116866 -0.355166 -0.063064 50.000000
0.066135 -0.342074 -0.103159 50.000000
-0.014055 -0.277431 -0.094977 50.000000
-0.753763 -0.242246 -0.044244 50.000000
0.156143 -0.453358 -0.002513 50.000000
0.327160 -0.296252 -0.078612 50.000000
0.278883 0.551468 0.415618 50.000000
0.358254 -0.077776 -0.108069 50.000000
-0.793040 -0.308525 -0.003332 50.000000
-0.358543 -0.236518 -0.103977 50.000000
-0.077879 -0.288069 -0.118706 50.000000
-0.042695 0.053964 -0.026243 50.000000
-0.248078 -0.374805 -0.062247 51.000000
0.572638 0.257712 0.022853 50.000000
-0.033694 0.564560 -0.004150 50.000000
-0.209620 -0.155511 -0.064701 52.000000
-0.162160 0.574379 0.512173 50.000000
-0.605658 0.481915 0.302698 50.000000
-0.721851 0.562923 0.011398 50.000000
-0.547561 -0.167784 -0.102341 50.000000
0.560364 0.549012 -0.147345 50.000000
0.325523 0.095696 0.118590 50.000000
-0.676028 -0.327345 -0.076975 51.000000
-0.688302 -0.305252 -0.021333 51.000000
0.576730 0.130063 0.072767 50.000000
0.305885 -0.329800 -0.080248 53.000000
-0.478827 -0.264339 0.001578 51.000000
-0.410912 0.052328 -0.014787 52.000000
-0.106518 0.561287 0.053129 50.000000
0.587367 0.176704 0.054765 50.000000
0.107047 -0.355166 -0.073702 50.000000
0.598004 0.223344 0.035945 50.000000
0.122595 0.040872 0.071948 50.000000
0.502268 0.288805 0.376341 50.000000
-0.114702 -0.244701 -0.108887 50.000000
-0.297992 0.123517 0.081768 52.000000
-0.564745 -0.154692 -0.031970 50.000000
0.040768 0.541648 0.229054 50.000000
0.360709 -0.308525 -0.054063 50.000000
-0.121248 0.047418 0.007306 52.000000
-0.140067 -0.233245 -0.148164 50.000000
0.260880 -0.087595 -0.072884 50.000000
-0.006691 0.548195 -0.006605 50.000000
0.310794 0.553922 -0.115433 50.000000
0.494085 -0.004132 -0.039335 50.000000
0.196238 -0.308525 -0.084339 50.000000
0.595549 -0.440266 0.103861 53.000000
0.172508 -0.165330 -0.067974 50.000000
0.346798 -0.032771 -0.091704 50.000000
0.174145 -0.297888 -0.084339 50.000000
0.551363 -0.263521 -0.040153 53.000000
-0.087698 -0.487724 0.032672 51.000000
-0.459189 -0.226699 -0.048336 50.000000
-0.149886 -0.441902 -0.066337 51.000000
0.383620 -0.354347 -0.045881 53.000000
-0.332358 0.062147 -0.012332 52.000000
0.390166 -0.110506 -0.113797 50.000000
-0.071333 -0.100687 -0.102341 50.000000
-0.213711 0.580106 0.174231 50.000000
-0.326631 0.000777 -0.022151 52.000000
-0.286536 -0.015588 -0.067156 52.000000
0.480993 -0.130144 -0.063064 50.000000
-0.171161 0.048237 0.006488 52.000000
0.118503 -0.100687 -0.094158 50.000000
-0.063969 -0.420627 -0.018060 51.000000
0.196238 -0.144055 -0.089249 50.000000
-0.357725 0.455730 0.164412 50.000000
-0.182617 -0.423081 -0.031152 51.000000
0.077590 -0.451721 -0.026243 50.000000
0.006401 0.554741 0.175050 50.000000
-0.032057 0.540011 0.170958 50.000000
0.360709 -0.254520 -0.009059 50.000000
-0.133521 -0.392806 -0.081885 51.000000
-0.674392 -0.115415 0.008943 52.000000
-0.172798 -0.496725 0.077676 51.000000
-0.378181 0.049873 -0.031970 52.000000
0.205239 -0.344528 -0.044244 50.000000
0.580821 -0.080230 0.017125 50.000000
-0.517286 -0.441083 0.017944 51.000000
0.504723 -0.398534 0.057220 53.000000
-0.087698 0.585834 0.085040 50.000000
-0.240713 0.058056 0.076858 52.000000
-0.242350 -0.258611 -0.075339 50.000000
0.517815 0.020416 -0.028697 50.000000
0.594731 -0.102323 0.035945 50.000000
-0.466553 -0.202151 -0.097431 50.000000
0.100501 -0.285613 -0.115433 50.000000
0.305885 -0.219335 -0.108887 50.000000
0.155325 -0.177603 -0.124434 50.000000
-0.440369 -0.180058 -0.095795 50.000000
-0.391273 0.488461 0.170140 50.000000
0.347616 -0.143237 -0.100704 50.000000
-0.526287 -0.154692 -0.022151 50.000000
0.408167 0.575197 0.042491 50.000000
-0.644116 -0.241428 -0.018060 50.000000
0.673284 0.548195 -0.096613 50.000000
-0.587656 0.561287 -0.118706 50.000000
0.407349 -0.403443 -0.009059 53.000000
-0.281627 -0.490997 -0.000877 51.000000
0.167599 0.033508 0.123499 50.000000
0.338615 -0.387078 -0.058974 53.000000
-0.315993 -0.292160 -0.120343 51.000000
-0.694848 -0.241428 -0.067974 50.000000
-0.396183 0.571924 0.017944 50.000000
0.412259 0.520373 0.171777 50.000000
0.435989 0.036781 -0.070429 50.000000
-0.410094 -0.382169 -0.040153 51.000000
-0.162160 -0.280704 -0.057336 50.000000
-0.567200 0.576833 -0.067156 50.000000
-0.143340 -0.016406 -0.048336 52.000000
0.196238 -0.133417 -0.097431 50.000000
-0.313539 -0.038499 -0.059791 52.000000
-0.239895 -0.179240 -0.086794 50.000000
0.143869 -0.285613 -0.108887 50.000000
0.202784 -0.052409 -0.042608 50.000000
-0.088517 -0.343710 -0.123616 51.000000
0.141415 -0.100687 -0.101523 50.000000
0.571819 0.279805 0.010579 50.000000
-0.205528 0.562923 0.079313 50.000000
0.244515 0.547376 0.169322 50.000000
0.525179 -0.360075 0.029399 53.000000
0.237969 -0.438629 -0.017242 53.000000
0.217513 -0.319981 -0.072065 50.000000
0.143051 0.058056 0.120226 50.000000
-0.064787 -0.267612 -0.069610 50.000000
-0.566382 -0.361712 -0.062247 51.000000
0.532543 0.535920 -0.074520 50.000000
0.305885 -0.229972 -0.112978 50.000000
0.553000 0.154610 0.076858 50.000000
0.489175 0.274895 0.379615 50.000000
0.506359 -0.037681 -0.028697 50.000000
0.145506 0.583379 -0.081066 50.000000
0.390984 -0.021316 -0.084339 50.000000
0.452354 -0.265157 -0.008241 53.000000
-0.283263 0.098151 0.081768 52.000000
0.560364 -0.382987 0.019580 53.000000
-0.519741 -0.274976 -0.069610 51.000000
-0.369999 -0.072048 -0.042608 52.000000
-0.397819 -0.429628 -0.041790 51.000000
0.208512 -0.230791 -0.107251 50.000000
0.598004 -0.184968 -0.031970 53.000000
0.619279 0.124335 0.030217 50.000000
0.295248 -0.377259 -0.052427 53.000000
0.525179 0.542467 -0.158801 50.000000
0.065316 0.098969 0.142319 50.000000
-0.451825 -0.049136 -0.075339 52.000000
-0.338905 -0.236518 -0.086794 50.000000
-0.376545 -0.202151 -0.126070 50.000000
0.449899 -0.297888 -0.044244 53.000000
0.630734 -0.219335 0.031036 53.000000
-0.313539 0.112879 0.003215 52.000000
0.110320 -0.027862 -0.022970 50.000000
0.247788 0.536738 0.057220 50.000000
-0.009145 0.540829 0.009760 50.000000
-0.304538 -0.351893 -0.080248 51.000000
-0.732489 0.037599 0.115317 52.000000
0.123413 -0.252883 -0.127707 50.000000
0.593913 -0.426354 0.093224 53.000000
-0.323358 -0.087595 -0.103159 52.000000
0.200330 0.549012 0.013033 50.000000
0.476083 0.364904 0.393526 50.000000
0.003128 -0.368259 -0.065519 50.000000
-0.806950 -0.071230 0.078495 52.000000
-0.209620 -0.268430 -0.107251 50.000000
-0.229258 -0.435355 -0.045063 51.000000
0.162689 -0.364986 -0.072884 50.000000
0.305067 -0.132599 -0.097431 50.000000
-0.275899 -0.190695 -0.090067 50.000000
0.482629 -0.218517 -0.048336 53.000000
-0.457553 -0.261066 -0.085976 50.000000
-0.322539 -0.282340 -0.099068 51.000000
-0.463280 -0.285613 -0.072065 51.000000
-0.428095 -0.109688 -0.095795 52.000000
-0.564745 0.544921 0.012216 50.000000
0.454809 -0.324890 0.022853 53.000000
-0.402729 0.567833 0.183232 50.000000
0.202784 -0.052409 -0.042608 50.000000
0.310794 0.553922 -0.115433 50.000000
-0.014055 0.035145 0.017125 50.000000
-0.230076 -0.388715 -0.036880 51.000000
0.040768 0.006505 -0.025424 50.000000
-0.064787 -0.167784 -0.130162 50.000000
-0.143340 0.556377 -0.081885 50.000000
-0.696485 -0.291342 -0.064701 51.000000
0.554636 -0.364167 0.079313 53.000000
0.506359 -0.286432 -0.042608 53.000000
0.310794 0.553922 -0.115433 50.000000
-0.348724 -0.213607 -0.097431 50.000000
0.423715 -0.087595 -0.094158 50.000000
0.077590 -0.006587 -0.045063 50.000000
-0.391273 0.542467 0.152956 50.000000
0.525179 -0.284795 -0.076975 53.000000
-0.793040 -0.006587 0.046583 52.000000
-0.208801 0.067057 0.053129 52.000000
-0.196528 -0.200514 -0.109705 50.000000
0.446626 0.025326 -0.075339 50.000000
-0.656390 -0.009860 0.061311 52.000000
0.502268 0.288805 0.376341 50.000000
0.107865 -0.089231 -0.097431 50.000000
-0.059878 -0.395261 -0.038517 51.000000
-0.658845 -0.352711 -0.051609 51.000000
-0.507467 0.567014 -0.031152 50.000000
0.261699 -0.219335 -0.080248 50.000000
0.433534 0.540829 0.062129 50.000000
-0.632660 -0.327345 -0.042608 51.000000
-0.716942 0.540829 -0.058974 50.000000
-0.313539 0.119425 0.045764 52.000000
-0.008327 -0.199696 -0.129343 50.000000
-0.248896 -0.438629 -0.018878 51.000000
-0.555744 0.592380 0.266695 50.000000
-0.349542 0.222526 0.192233 52.000000
0.534998 0.557195 -0.053245 50.000000
0.508814 -0.298706 -0.019697 53.000000
-0.252169 -0.494270 0.032672 51.000000
0.458082 0.060511 -0.067156 50.000000
0.175781 0.537556 0.224963 50.000000
0.214240 -0.040954 -0.040971 50.000000
0.381165 -0.108869 -0.075339 50.000000
0.489993 -0.175149 -0.096613 53.000000
0.208512 -0.362531 -0.099068 50.000000
0.347616 -0.121143 -0.087612 50.000000
-0.392092 0.558014 0.251966 50.000000
-0.484555 -0.376441 0.011398 51.000000
0.077590 -0.341255 -0.108069 50.000000
0.446626 -0.153056 -0.088431 50.000000
-0.196528 -0.155511 -0.067974 52.000000
0.293611 -0.448448 0.068675 53.000000
0.066135 0.559650 0.242147 50.000000
0.607823 0.136609 0.032672 50.000000
-0.437096 -0.156329 -0.106432 50.000000
0.180691 0.551468 0.136591 50.000000
-0.285718 -0.407535 -0.103159 51.000000
0.305067 -0.056500 -0.111342 50.000000
-0.393728 0.158702 0.035127 52.000000
0.422896 -0.077776 -0.106432 50.000000
0.058770 -0.274976 -0.133435 50.000000
-0.331540 -0.463177 -0.044244 51.000000
-0.201437 0.565378 -0.106432 50.000000
-0.101609 -0.041772 -0.072884 52.000000
-0.698939 -0.115415 -0.003332 52.000000
0.493266 0.006505 -0.045881 50.000000
0.467901 -0.108869 -0.092522 50.000000
0.483447 0.112061 -0.032789 50.000000
-0.419913 0.447548 0.226600 50.000000
0.394257 0.545740 0.447530 50.000000
0.350071 0.520373 0.415618 50.000000
0.229787 -0.155511 -0.113797 50.000000
0.486720 0.130881 0.010579 50.000000
-0.605658 0.481915 0.302698 50.000000
0.510450 0.538375 -0.063882 50.000000
0.075135 -0.409989 -0.094158 50.000000
0.433534 -0.088413 -0.109705 50.000000
-0.369181 0.336265 0.137409 50.000000
-0.285718 -0.407535 -0.103159 51.000000
0.260880 -0.253702 -0.045881 50.000000
-0.230894 0.071966 0.087496 52.000000
-0.108974 -0.255338 -0.133435 50.000000
0.059589 0.556377 0.062129 50.000000
0.536635 -0.152238 -0.067974 53.000000
-0.086062 0.576015 0.422164 50.000000
-0.424004 -0.213607 -0.136708 50.000000
-0.766037 -0.333073 -0.024606 50.000000
0.382802 -0.308525 -0.060609 53.000000
-0.369181 -0.060592 -0.045881 52.000000
0.585730 -0.290524 0.046583 53.000000
0.132414 -0.155511 -0.110524 50.000000
0.002310 -0.253702 -0.122797 50.000000
-0.546743 0.578470 0.031854 50.000000
0.447444 0.233163 0.389434 50.000000
0.593095 -0.311798 0.011398 53.000000
0.517815 -0.162875 -0.035243 53.000000
0.175781 -0.208697 -0.108887 50.000000
0.106229 -0.099869 -0.081066 50.000000
0.616006 -0.276613 0.009760 53.000000
0.075954 -0.477905 0.083404 50.000000
0.339433 -0.453358 0.017125 53.000000
-0.752945 -0.348620 0.040037 51.000000
0.111957 0.103879 0.178323 50.000000
0.143051 -0.144873 -0.112978 50.000000
-0.734125 0.578470 0.105498 50.000000
-0.644935 -0.382169 0.010579 51.000000
0.040768 0.110425 0.131682 50.000000
0.012129 -0.198878 -0.119524 50.000000
0.507996 0.079330 -0.018060 50.000000
0.102956 0.567833 -0.121161 50.000000
-0.342178 0.551468 -0.106432 50.000000
0.392621 -0.207879 -0.072884 50.000000
-0.435460 -0.167784 -0.109705 50.000000
-0.014055 -0.178422 -0.099068 50.000000
-0.525468 -0.107233 -0.058974 52.000000
0.156143 -0.188241 -0.127707 50.000000
-0.568836 -0.277431 -0.022151 51.000000
0.447444 -0.052409 -0.067974 50.000000
0.271518 -0.088413 -0.083521 50.000000
0.390984 -0.031953 -0.084339 50.000000
0.042404 -0.298706 -0.094977 50.000000
0.167599 -0.027862 -0.023788 50.000000
-0.037785 0.578470 0.287969 50.000000
-0.332358 -0.376441 -0.073702 51.000000
0.595549 -0.440266 0.103861 53.000000
0.305885 -0.401807 -0.032789 53.000000
0.584912 0.551468 -0.037698 50.000000
0.562000 0.271622 0.032672 50.000000
-0.135158 0.561287 0.132500 50.000000
0.251061 -0.375623 -0.076157 53.000000
-0.455098 0.005687 -0.002513 52.000000
0.336160 0.513009 0.391071 50.000000
0.282156 -0.021316 -0.081885 50.000000
-0.537742 0.064602 0.056402 52.000000
0.347616 -0.121143 -0.087612 50.000000
-0.185072 0.558832 -0.121161 50.000000
0.283792 -0.229972 -0.100704 50.000000
0.281337 0.578470 0.261785 50.000000
-0.107337 -0.077776 -0.096613 52.000000
0.369709 0.537556 -0.019697 50.000000
-0.514013 -0.418172 -0.088431 51.000000
0.295248 -0.229972 -0.132616 50.000000
-0.311902 -0.362531 -0.096613 51.000000
-0.488647 -0.399352 -0.013969 51.000000
0.315704 -0.101505 -0.128525 50.000000
-0.653935 -0.077776 -0.002513 52.000000
-0.378181 0.049873 -0.031970 52.000000
0.532543 0.047418 0.002396 50.000000
-0.395365 0.026962 -0.019697 52.000000
0.315704 -0.045045 -0.102341 50.000000
-0.608931 0.524464 0.343611 50.000000
-0.064787 -0.267612 -0.069610 50.000000
-0.782402 -0.088413 0.003215 52.000000
0.390984 -0.044227 -0.097431 50.000000
-0.059060 -0.211152 -0.098250 50.000000
-0.060696 0.544921 0.014671 50.000000
-0.345451 0.558014 -0.009059 50.000000
0.196238 -0.144055 -0.089249 50.000000
-0.354452 -0.403443 -0.048336 51.000000
-0.354452 0.557195 0.071948 50.000000
0.462991 0.550649 -0.063064 50.000000
-0.285718 -0.407535 -0.103159 51.000000
0.359072 -0.087595 -0.076975 50.000000
-0.338905 -0.235700 -0.124434 50.000000
0.129959 -0.188241 -0.086794 50.000000
0.032585 -0.029498 -0.047517 50.000000
0.470355 -0.387897 0.076858 53.000000
0.580003 -0.401807 0.085859 53.000000
0.216695 -0.143237 -0.070429 50.000000
-0.356907 -0.000859 -0.048336 52.000000
0.548090 0.051510 0.036764 50.000000
0.472810 0.552286 -0.094158 50.000000
-0.158887 0.572742 0.251966 50.000000
0.534998 0.557195 -0.053245 50.000000
0.282156 -0.130962 -0.044244 50.000000
-0.094245 -0.124416 -0.150619 52.000000
0.521088 0.479461 0.078495 50.000000
0.590640 -0.173512 -0.001695 53.000000
0.560364 0.535920 -0.039335 50.000000
0.360709 -0.242246 -0.016424 50.000000
-0.525468 -0.107233 -0.058974 52.000000
0.052224 0.062965 0.055583 50.000000
-0.745581 -0.116234 -0.033607 52.000000
0.476083 0.434456 -0.017242 50.000000
-0.156432 -0.004132 -0.045881 52.000000
0.075954 -0.477905 0.083404 50.000000
-0.689939 -0.267612 -0.018878 51.000000
-0.722669 0.552286 0.409891 50.000000
-0.510740 0.547376 -0.090885 50.000000
0.026858 -0.113779 -0.144072 50.000000
-0.056605 -0.112142 -0.115433 50.000000
-0.180162 -0.382169 -0.086794 51.000000
0.404076 -0.285613 -0.067156 53.000000
0.144688 -0.241428 -0.125252 50.000000
-0.090153 -0.221790 -0.116251 50.000000
-0.181798 0.580925 0.532629 50.000000
-0.018146 -0.102323 -0.141617 50.000000
0.056316 -0.177603 -0.117070 50.000000
-0.018146 -0.102323 -0.141617 50.000000
0.517815 -0.013951 -0.026243 50.000000
-0.478827 -0.226699 -0.066337 50.000000
0.063680 -0.387897 -0.089249 50.000000
-0.004236 0.562923 -0.112160 50.000000
0.619279 -0.230791 0.032672 53.000000
-0.088517 -0.332255 -0.123616 51.000000
0.118503 -0.001677 0.008124 50.000000
-0.451825 -0.121143 -0.103159 52.000000
0.414713 -0.284795 -0.085976 53.000000
0.059589 -0.054046 -0.071247 50.000000
-0.215347 -0.110506 -0.090885 52.000000
0.098865 -0.231609 -0.100704 50.000000
0.170053 0.553922 0.322337 50.000000
-0.494375 -0.336346 -0.031152 51.000000
0.228968 0.566196 0.224963 50.000000
-0.186709 -0.089231 -0.108887 52.000000
0.068589 -0.242246 -0.122797 50.000000
-0.566382 -0.361712 -0.062247 51.000000
0.337797 -0.219335 -0.053245 50.000000
-0.364271 0.096514 -0.040971 52.000000
-0.264443 -0.076139 -0.093340 52.000000
0.527634 -0.038499 -0.040153 50.000000
0.369709 0.074421 -0.042608 50.000000
-0.436278 0.547376 -0.065519 50.000000
0.227332 -0.198060 -0.052427 50.000000
0.228150 0.058874 0.125954 50.000000
0.065316 -0.079412 -0.113797 50.000000
-0.068879 0.056419 -0.013969 50.000000
-0.461644 -0.463995 0.017944 51.000000
0.184782 -0.309344 -0.077793 50.000000
0.597186 -0.041772 0.051492 50.000000
0.144688 -0.274158 -0.121979 50.000000
-0.390455 0.569469 0.192233 50.000000
0.027676 -0.328982 -0.144890 50.000000
0.080045 -0.497543 0.046583 50.000000
-0.642480 0.071966 0.087496 52.000000
0.394257 0.545740 0.447530 50.000000
-0.644116 0.540829 -0.117888 50.000000
0.202784 -0.052409 -0.042608 50.000000
0.359072 -0.175967 -0.081885 50.000000
-0.125339 0.580106 0.144774 50.000000
-0.410094 -0.086777 -0.110524 52.000000
-0.532833 0.141518 0.143137 52.000000
0.445808 -0.131780 -0.094977 50.000000
-0.508285 -0.440266 -0.104796 51.000000
-0.146613 0.558832 0.517901 50.000000
-0.403547 0.073603 -0.040153 52.000000
0.218331 -0.230791 -0.093340 50.000000
-0.664573 0.562923 0.347703 50.000000
-0.583565 -0.117052 -0.022970 52.000000
0.471174 0.466368 0.084223 50.000000
0.322250 0.556377 0.153775 50.000000
0.409804 0.589107 0.483534 50.000000
0.581639 -0.219335 0.017944 53.000000
-0.220257 -0.304434 -0.068792 51.000000
-0.644116 0.543284 0.344430 50.000000
0.182327 -0.076139 -0.059791 50.000000
0.377892 0.545740 0.395162 50.000000
-0.261170 -0.468086 0.019580 51.000000
-0.046786 -0.344528 -0.103159 51.000000
-0.599112 0.575197 0.050674 50.000000
0.260062 -0.044227 -0.082703 50.000000
-0.290627 0.565378 -0.013151 50.000000
-0.291446 0.060511 -0.019697 52.000000
-0.241532 0.573560 0.441802 50.000000
-0.028784 -0.135053 -0.141617 50.000000
-0.240713 -0.387897 -0.045063 51.000000
-0.191618 -0.291342 -0.084339 51.000000
-0.079516 -0.299525 -0.110524 51.000000
0.548908 0.112879 0.043310 50.000000
0.548090 -0.152238 -0.067156 53.000000
-0.276717 -0.201333 -0.124434 50.000000
-0.066424 -0.189877 -0.121161 50.000000
0.252698 -0.252065 -0.118706 50.000000
-0.237440 0.544921 0.293697 50.000000
-0.793858 -0.036862 -0.009059 52.000000
-0.026329 -0.221790 -0.089249 50.000000
0.589822 -0.339619 0.072767 53.000000
0.336160 0.499099 0.505627 50.000000
-0.302901 0.557195 -0.153073 50.000000
-0.205528 0.580106 0.415618 50.000000
-0.649026 0.014688 0.042491 52.000000
0.002310 -0.253702 -0.122797 50.000000
-0.438733 -0.063047 -0.106432 52.000000
-0.608113 0.561287 0.198779 50.000000
-0.717760 0.080967 0.147228 52.000000
0.047315 -0.135053 -0.134253 50.000000
-0.621205 -0.155511 -0.066337 50.000000
0.194601 -0.253702 -0.063064 50.000000
-0.632660 0.545740 0.356703 50.000000
0.316522 -0.242246 -0.049972 50.000000
0.156961 0.557195 0.112044 50.000000
0.526816 -0.084322 -0.049972 50.000000
0.102138 -0.317526 -0.131798 50.000000
-0.758673 -0.192332 -0.006605 50.000000
0.371346 -0.285613 -0.068792 50.000000
-0.311902 -0.362531 -0.096613 51.000000
0.138142 -0.054046 -0.068792 50.000000
0.540726 0.513009 0.012216 50.000000
-0.036149 -0.472996 0.022035 51.000000
-0.451825 -0.310980 -0.033607 51.000000
0.534998 0.557195 -0.053245 50.000000
-0.685029 -0.342892 -0.029516 51.000000
0.088227 -0.005769 -0.033607 50.000000
0.526816 0.126790 0.058856 50.000000
0.125868 0.577652 0.009760 50.000000
-0.222712 -0.366622 -0.016424 51.000000
-0.766855 -0.349438 0.036764 51.000000
0.305067 -0.144055 -0.117888 50.000000
0.381165 -0.153874 -0.085158 50.000000
-0.343815 0.285532 0.161958 50.000000
0.443353 0.538375 0.269150 50.000000
-0.333996 0.035145 -0.044244 52.000000
0.641372 -0.423081 0.171777 53.000000
0.066135 0.573560 0.109589 50.000000
-0.587656 -0.252883 -0.043426 50.000000
0.023585 -0.198878 -0.119524 50.000000
0.435170 0.310898 0.418073 50.000000
0.239606 -0.198060 -0.074520 50.000000
-0.679301 0.037599 0.138228 52.000000
0.482629 -0.016406 -0.043426 50.000000
-0.286536 -0.015588 -0.067156 52.000000
0.413895 0.037599 -0.064701 50.000000
-0.410094 -0.382169 -0.040153 51.000000
-0.287354 -0.392806 -0.135889 51.000000
-0.435460 -0.385442 -0.008241 51.000000
0.501450 -0.382169 0.013852 53.000000
-0.501739 0.017143 -0.026243 52.000000
-0.176071 -0.268430 -0.096613 50.000000
-0.084425 -0.267612 -0.085158 50.000000
0.205239 -0.165330 -0.064701 50.000000
-0.685029 -0.317526 -0.028697 51.000000
-0.326631 0.575197 0.224963 50.000000
0.273155 -0.122780 -0.120343 50.000000
-0.292264 -0.460722 -0.046699 51.000000
-0.144977 -0.079412 -0.135071 52.000000
0.077590 -0.144873 -0.114615 50.000000
0.402440 -0.164511 -0.084339 50.000000
0.229787 -0.155511 -0.113797 50.000000
0.434352 -0.043408 -0.093340 50.000000
0.046497 -0.189059 -0.126070 50.000000
0.589003 0.228254 0.063766 50.000000
-0.388819 -0.061411 -0.063882 52.000000
-0.067242 -0.211152 -0.116251 50.000000
-0.448552 0.585016 -0.121979 50.000000
0.153688 -0.144873 -0.111342 50.000000
-0.782402 -0.088413 0.003215 52.000000
0.602914 -0.422263 0.171777 53.000000
-0.739035 0.511372 0.029399 50.000000
0.381165 -0.153874 -0.085158 50.000000
-0.131067 -0.077776 -0.097431 52.000000
-0.635934 -0.268430 0.060493 51.000000
-0.135205 -0.386268 0.014955 51.000000
-0.793662 -0.237583 0.098500 50.000000
-0.758261 0.515749 -0.067176 50.000000
0.373153 0.519288 0.199039 50.000000
0.418466 0.438574 0.188419 50.000000
-0.364603 -0.172445 0.002210 50.000000
-0.228663 0.064032 0.097793 52.000000
0.008523 -0.447865 -0.061512 50.000000
0.477940 -0.306261 -0.129482 53.000000
0.009231 -0.040047 -0.106825 50.000000
-0.332742 0.526369 -0.024695 50.000000
-0.008469 -0.288561 -0.107533 51.000000
-0.119629 -0.056330 -0.028235 52.000000
-0.416288 0.002435 0.009998 52.000000
-0.039622 -0.020929 -0.113197 52.000000
0.138798 -0.401136 -0.158510 50.000000
0.580603 0.147579 -0.022570 50.000000
-0.111132 0.264402 0.237980 50.000000
0.439706 -0.126425 -0.101869 50.000000
-0.385136 -0.008185 0.025574 52.000000
-0.202467 0.069697 0.147354 52.000000
0.487144 -0.053499 -0.074964 50.000000
-0.006345 0.502296 -0.179751 50.000000
0.257038 -0.432289 -0.017615 53.000000
-0.356107 0.022260 -0.001330 52.000000
-0.080687 0.166695 0.336395 50.000000
0.494932 -0.376355 -0.057971 53.000000
0.407846 -0.196518 -0.109657 50.000000
-0.204591 -0.181650 -0.021863 50.000000
-0.459477 0.505836 -0.077796 50.000000
0.225177 -0.264488 -0.149306 50.000000
0.446787 -0.185898 -0.120278 50.000000
-0.106884 0.115010 0.232316 52.000000
0.021268 -0.307678 -0.115321 50.000000
-0.092723 0.498048 0.234440 50.000000
-0.326370 -0.055623 -0.023279 52.000000
-0.346195 0.488844 -0.200283 50.000000
-0.550812 -0.094564 0.059559 52.000000
0.467319 0.498756 -0.102577 50.000000
-0.602497 0.503005 -0.090541 50.000000
-0.360354 0.513624 -0.198868 50.000000
-0.089892 0.027215 0.075136 52.000000
-0.632942 -0.115804 0.144522 50.000000
-0.092723 -0.312633 -0.070008 51.000000
-0.584089 0.422291 0.067348 50.000000
-0.601789 0.507960 0.224528 50.000000
-0.879333 -0.065535 0.150186 50.000000
0.080741 -0.377771 -0.111781 50.000000
-0.547980 -0.348743 0.086464 51.000000
0.527501 -0.334582 -0.053724 53.000000
0.491392 0.042084 -0.059388 50.000000
-0.836851 0.503005 -0.011951 50.000000
0.166411 -0.302014 -0.167715 50.000000
0.244294 -0.031550 0.002210 50.000000
0.395810 -0.039338 0.013538 50.000000
0.569274 0.076777 0.034779 50.000000
-0.152197 0.515749 0.199747 50.000000
-0.087059 0.157491 0.271965 50.000000
0.535289 -0.258116 -0.103285 53.000000
0.041092 -0.369275 -0.102577 50.000000
0.283235 0.500172 -0.101869 50.000000
-0.130957 -0.251036 -0.092665 50.000000
-0.460893 0.508669 -0.032483 50.000000
-0.181934 0.536282 0.136734 50.000000
0.179156 -0.025178 -0.046643 50.000000
-0.540900 -0.173862 -0.002038 50.000000
0.611047 0.513624 -0.024695 50.000000
0.145879 0.495924 -0.104701 50.000000
0.518297 0.497341 -0.012658 50.000000
-0.117505 -0.274401 -0.036731 51.000000
-0.683211 -0.234043 0.067348 50.000000
-0.098387 0.511500 0.150894 50.000000
-0.108300 0.187936 0.228776 50.000000
0.549450 0.459107 -0.021155 50.000000
-0.715072 0.507252 -0.036731 50.000000
-0.133788 -0.228379 -0.142934 50.000000
-0.183350 -0.368567 0.046107 51.000000
-0.351151 -0.108724 -0.010534 52.000000
-0.206007 -0.242540 -0.074256 50.000000
0.435458 0.413794 0.144522 50.000000
-0.598957 -0.280065 0.087172 50.000000
-0.705160 0.481056 0.051063 50.000000
0.061624 -0.130673 -0.167007 50.000000
0.368904 -0.226963 -0.097621 50.000000
-0.073607 0.260862 0.223820 50.000000
0.683265 -0.381311 0.048231 53.000000
-0.256276 -0.403968 -0.040979 51.000000
-0.206007 -0.066243 -0.021155 52.000000
0.576354 0.250242 0.041859 50.000000
-0.547980 -0.348743 0.086464 51.000000
0.294563 0.501588 0.154434 50.000000
0.225885 -0.304138 -0.138686 50.000000
-0.069359 0.039960 0.092836 52.000000
0.592639 -0.328210 -0.014782 53.000000
0.310847 0.516457 0.198331 50.000000
0.029056 -0.364319 -0.057971 50.000000
-0.361063 0.494508 -0.187540 50.000000
-0.088475 0.006683 -0.033191 52.000000
0.067288 -0.004646 -0.041688 50.000000
-0.029710 0.517164 0.211784 50.000000
0.595470 0.172359 -0.009827 50.000000
0.154375 0.511500 -0.185415 50.000000
0.022683 -0.188023 -0.149306 50.000000
0.148002 -0.004646 -0.046643 50.000000
-0.602497 0.509376 0.182047 50.000000
0.353328 -0.275108 -0.140810 50.000000
-0.655599 -0.197934 0.032655 50.000000
-0.542316 0.283518 0.136734 50.000000
0.089945 -0.149789 -0.153554 50.000000
0.206060 0.018011 0.082217 50.000000
-0.598957 -0.256700 0.087881 50.000000
0.197564 -0.364319 -0.133730 53.000000
0.501304 -0.348034 -0.024695 53.000000
-0.295217 -0.151205 0.044691 50.000000
0.586267 -0.112972 -0.026819 50.000000
-0.108300 0.212008 0.227360 50.000000
-0.117505 0.065449 0.225236 52.000000
-0.329910 0.014472 0.032655 52.000000
0.613879 0.210592 0.007874 50.000000
0.447494 0.030755 0.058851 50.000000
-0.729233 -0.297057 0.111245 50.000000
0.070829 -0.168198 -0.146474 50.000000
-0.368851 -0.161826 -0.027527 50.000000
0.366780 -0.027302 0.039735 50.000000
-0.463017 -0.297765 0.056020 51.000000
-0.059447 -0.070491 -0.108949 52.000000
-0.312918 -0.246080 -0.025403 50.000000
-0.007761 -0.110848 -0.138686 50.000000
0.199688 -0.309093 -0.084877 50.000000
-0.392215 -0.269444 -0.023987 51.000000
0.327132 -0.187314 -0.103285 50.000000
0.232965 -0.445741 -0.068592 53.000000
-0.347611 -0.415296 0.115493 51.000000
-0.285305 -0.427333 0.043983 51.000000
0.448203 0.048456 0.125406 50.000000
0.533165 0.445655 0.018494 50.000000
-0.441069 0.003143 0.014246 52.000000
0.515465 -0.288561 -0.099745 53.000000
0.300227 -0.018098 0.029115 50.000000
0.247125 -0.326085 -0.120278 53.000000
-0.245656 0.488844 -0.046643 50.000000
0.354745 -0.028010 0.031947 50.000000
-0.701620 0.500881 -0.133022 50.000000
-0.476470 -0.282896 -0.016906 51.000000
0.288899 -0.386976 -0.115321 53.000000
0.400765 -0.378479 -0.111073 53.000000
-0.171313 -0.098104 -0.034607 52.000000
0.580603 0.288475 0.002918 50.000000
0.042508 -0.255284 -0.153554 50.000000
0.081449 0.515040 0.126821 50.000000
0.407846 -0.276525 -0.117445 50.000000
-0.443193 0.511500 0.138858 50.000000
0.440415 0.509376 0.001501 50.000000
-0.717905 -0.141293 0.085048 50.000000
0.070829 -0.379895 -0.096205 50.000000
-0.542316 0.283518 0.136734 50.000000
-0.560724 -0.117928 0.052480 50.000000
-0.087768 0.513624 -0.186123 50.000000
0.182696 0.506545 0.024867 50.000000
0.348372 -0.083943 -0.013367 50.000000
0.477940 0.045624 -0.019739 50.000000
-0.076440 0.351489 0.231608 50.000000
-0.719320 -0.331042 0.085048 50.000000
0.077201 -0.013141 -0.018323 50.000000
0.446787 -0.053499 -0.062220 50.000000
0.454575 -0.294933 -0.142226 53.000000
-0.783751 0.503005 -0.157803 50.000000
-0.045994 0.499464 -0.189663 50.000000
-0.152906 -0.130673 -0.082753 52.000000
-0.022630 0.500881 -0.090541 50.000000
-0.481426 0.150411 0.090005 52.000000
0.327132 -0.187314 -0.103285 50.000000
-0.771006 -0.065535 0.173550 50.000000
0.166411 -0.080403 -0.135854 50.000000
0.666981 0.137666 0.039027 50.000000
0.404305 0.512917 0.353388 50.000000
-0.240699 0.003143 0.043275 52.000000
0.726454 0.507252 0.082217 50.000000
0.584142 -0.335998 -0.049476 53.000000
-0.507623 0.508669 -0.119569 50.000000
-0.016966 0.488136 0.009290 50.000000
-0.097680 0.226169 0.237272 50.000000
-0.277516 0.066156 0.109828 52.000000
0.023392 0.506545 -0.167715 50.000000
-0.465850 0.502296 0.287541 50.000000
-0.059447 -0.417420 0.012830 51.000000
-0.007054 -0.439369 0.023450 50.000000
0.050296 -0.403968 -0.072840 50.000000
0.024099 -0.197227 -0.171963 50.000000
-0.036082 -0.412465 -0.017615 51.000000
-0.076440 0.351489 0.231608 50.000000
-0.476470 -0.173154 -0.015491 50.000000
-0.421952 0.081733 0.019910 52.000000
0.471567 -0.020929 -0.048059 50.000000
0.090654 -0.274401 -0.153554 50.000000
0.011355 -0.298473 -0.110365 50.000000
0.479355 0.279978 0.213200 50.000000
0.451035 -0.156162 -0.097621 50.000000
0.480064 -0.216343 -0.111781 53.000000
0.417758 -0.236876 -0.115321 50.000000
0.117558 -0.120052 -0.138686 50.000000
-0.880041 -0.091024 0.121865 50.000000
0.624500 0.093769 -0.023279 50.000000
-0.347611 -0.415296 0.115493 51.000000
0.287483 -0.256700 -0.106825 50.000000
0.747695 0.493092 -0.162758 50.000000
0.373861 -0.340954 -0.078504 53.000000
0.574230 -0.072615 -0.072840 50.000000
0.630164 0.293431 0.009998 50.000000
-0.725693 -0.260240 0.102749 50.000000
-0.440361 0.483888 0.137441 50.000000
0.077909 -0.026594 -0.060804 50.000000
-0.399296 0.103681 0.111953 52.000000
-0.181934 -0.160410 -0.028943 50.000000
0.565026 -0.125009 -0.066468 50.000000
0.068705 -0.078987 -0.087001 50.000000
-0.332742 0.526369 -0.024695 50.000000
-0.592586 0.438574 0.172843 50.000000
0.390853 -0.348743 -0.102577 53.000000
0.405722 -0.028718 0.009290 50.000000
0.613171 0.132711 0.017786 50.000000
0.451743 -0.095979 -0.092665 50.000000
0.565734 0.444238 0.005750 50.000000
-0.208131 0.014472 0.049647 52.000000
-0.129541 -0.230503 -0.099745 50.000000
-0.131665 0.091645 0.242936 52.000000
-0.491338 -0.129965 -0.006994 50.000000
0.197564 -0.364319 -0.133730 53.000000
0.255622 -0.148373 -0.115321 50.000000
-0.570637 0.371312 0.122573 50.000000
-0.487090 -0.036506 0.090005 52.000000
-0.307253 0.501588 0.095669 50.000000
0.462363 0.352904 0.099916 50.000000
0.502012 0.488136 -0.034607 50.000000
0.660608 0.469020 -0.133730 50.000000
0.419882 -0.257408 -0.104701 50.000000
-0.384427 -0.237583 -0.009827 50.000000
-0.075731 -0.410340 -0.038855 51.000000
-0.830480 -0.116512 0.113369 50.000000
0.535289 -0.385559 -0.073548 53.000000
0.351204 0.518581 0.118325 50.000000
-0.411333 0.529909 0.161514 50.000000
-0.281764 0.505129 -0.040979 50.000000
0.237921 0.516457 0.013538 50.000000
0.460239 -0.196518 -0.105409 53.000000
0.034011 0.010223 0.008582 50.000000
-0.079980 0.512209 -0.158510 50.000000
0.267658 -0.167490 -0.098329 50.000000
-0.786582 0.513624 0.000086 50.000000
-0.640730 -0.066951 0.162930 50.000000
-0.360354 0.498048 0.114077 50.000000
0.352621 0.509376 -0.150015 50.000000
-0.128124 -0.357947 -0.039563 51.000000
0.382358 -0.137044 -0.072132 50.000000
0.177032 -0.246080 -0.136561 50.000000
-0.232203 -0.254576 -0.049476 51.000000
-0.591169 0.497341 0.238688 50.000000
-0.780210 -0.212803 0.099916 50.000000
-0.074315 -0.068367 -0.063635 52.000000
0.108354 -0.071907 -0.146474 50.000000
-0.438945 0.134835 0.073720 52.000000
0.735658 0.167403 0.139565 50.000000
0.325008 0.508669 0.093545 50.000000
-0.078563 0.432203 0.239397 50.000000
-0.286013 0.493092 0.337103 50.000000
0.603967 0.105098 -0.014075 50.000000
0.196148 -0.119344 -0.128773 50.000000
0.542369 -0.248912 -0.074256 53.000000
0.764687 0.510085 -0.002746 50.000000
-0.433280 -0.183774 -0.040979 50.000000
-0.889245 -0.237583 0.055311 50.000000
0.552281 0.519997 -0.129482 50.000000
-0.049534 -0.070491 -0.108949 52.000000
-0.555768 -0.362903 0.109121 51.000000
0.027640 -0.409632 -0.031775 50.000000
-0.521783 0.506545 0.287541 50.000000
-0.470806 0.515040 -0.125233 50.000000
0.400765 0.532033 0.321526 50.000000
-0.491338 -0.184482 -0.006286 50.000000
-0.253444 0.513624 0.060975 50.000000
-0.541607 -0.266613 0.071596 51.000000
0.056668 0.538406 0.157266 50.000000
0.003567 -0.266613 -0.142226 50.000000
-0.121044 0.007391 -0.026819 52.000000
0.244294 -0.360071 -0.168422 53.000000
-0.526739 -0.173862 0.065223 50.000000
0.330672 -0.379188 -0.102577 53.000000
0.021268 -0.120761 -0.128773 50.000000
0.305183 0.513624 0.274797 50.000000
0.010647 -0.081111 -0.125233 50.000000
0.490684 -0.156162 -0.109657 50.000000
-0.409208 -0.328918 0.035487 51.000000
0.480064 -0.256700 -0.113905 53.000000
0.544493 0.177316 0.181339 50.000000
-0.080687 -0.100228 -0.094789 52.000000
0.570690 -0.355822 -0.059388 53.000000
-0.067235 0.410254 0.257097 50.000000
-0.414873 -0.194394 -0.026111 50.000000
0.557945 0.059785 -0.011951 50.000000
-0.785874 -0.077572 0.174259 50.000000
-0.175562 -0.033674 -0.012658 52.000000
0.012771 -0.168905 -0.138686 50.000000
-0.381596 0.072529 0.047523 52.000000
0.431211 -0.237583 -0.096205 50.000000
0.260578 -0.289269 -0.076380 50.000000
-0.705160 0.508669 0.193375 50.000000
0.318635 -0.257408 -0.096205 50.000000
-0.108300 0.505836 0.019203 50.000000
-0.632942 -0.115804 0.144522 50.000000
-0.329910 0.123506 0.181339 52.000000
-0.465141 -0.184482 0.024867 50.000000
0.198272 -0.057747 -0.077089 50.000000
-0.220875 -0.408924 0.002918 51.000000
0.419174 -0.297057 -0.111781 53.000000
-0.105468 0.522121 0.224528 50.000000
0.550157 0.220505 0.143106 50.000000
0.070829 0.510085 0.038319 50.000000
0.581311 0.021551 0.039027 50.000000
-0.312210 0.089522 0.102749 52.000000
-0.107592 0.490968 0.012830 50.000000
-0.026878 -0.120761 -0.140102 50.000000
0.587682 -0.186606 -0.065052 53.000000
-0.099804 -0.013850 -0.028235 52.000000
0.352621 -0.391223 -0.090541 53.000000
0.378817 -0.337414 -0.113905 53.000000
0.259162 -0.097396 -0.072132 50.000000
-0.474346 -0.338830 0.134610 51.000000
0.404305 0.491676 -0.006286 50.000000
-0.149366 -0.250328 -0.106117 50.000000
-0.521075 -0.266613 0.084341 51.000000
-0.385843 -0.086776 -0.008410 52.000000
0.080741 -0.423084 -0.077796 50.000000
-0.089183 -0.249620 -0.099036 50.000000
0.090654 -0.266613 -0.121693 50.000000
0.812833 0.522121 0.100624 50.000000
-0.391508 -0.141293 -0.028235 50.000000
-0.050243 -0.159701 -0.096205 50.000000
0.259162 -0.318297 -0.096205 50.000000
-0.350442 -0.428748 0.127529 51.000000
0.342708 -0.049959 0.024159 50.000000
0.300935 -0.127132 -0.062220 50.000000
-0.680379 0.504420 0.049647 50.000000
0.581311 -0.175986 -0.090541 53.000000
0.601135 -0.435829 0.046107 53.000000
-0.464434 -0.096688 0.020619 52.000000
0.651404 -0.326085 -0.051600 53.000000
-0.682504 0.498048 -0.013367 50.000000
0.279695 -0.338830 -0.095496 50.000000
0.116142 0.503712 0.213908 50.000000
-0.602497 0.509376 0.182047 50.000000
0.438290 -0.052790 -0.053724 50.000000
0.254913 0.519288 0.093545 50.000000
0.494224 -0.319006 -0.103285 53.000000
-0.108300 0.517164 0.127529 50.000000
-0.400004 -0.055623 -0.043103 52.000000
-0.552228 -0.353698 0.136734 51.000000
-0.380887 -0.311926 -0.026819 51.000000
-0.644979 -0.091024 0.175675 50.000000
-0.017673 -0.188730 -0.129482 50.000000
-0.404960 -0.008893 0.011414 52.000000
0.240753 -0.370691 -0.083460 53.000000
-0.407084 0.107222 0.048939 52.000000
0.194732 0.488136 -0.188247 50.000000
-0.190431 0.522829 0.305242 50.000000
0.077909 0.532033 0.394452 50.000000
0.177739 -0.057747 -0.077089 50.000000
0.213140 0.490260 -0.023279 50.000000
0.127470 -0.119344 -0.122402 50.000000
0.574230 -0.072615 -0.072840 50.000000
-0.504082 -0.242540 0.071596 50.000000
0.276862 0.490260 0.082217 50.000000
-0.586213 -0.275817 0.018494 50.000000
-0.283181 -0.129256 0.040443 50.000000
-0.235744 0.491676 -0.105409 50.000000
0.404305 -0.289269 -0.078504 50.000000
-0.423368 -0.258824 -0.037439 51.000000
-0.435405 -0.172445 -0.033899 50.000000
0.517589 0.105098 0.007166 50.000000
-0.448149 -0.365027 0.043983 51.000000
0.244294 -0.235459 -0.142934 50.000000
0.599010 -0.229088 -0.066468 53.000000
-0.138037 -0.443617 0.031947 51.000000
-0.002805 -0.397596 -0.045228 51.000000
-0.003514 0.507252 0.182755 50.000000
-0.210255 -0.140585 -0.050892 50.000000
-0.232911 0.037836 0.060268 52.000000
0.642200 0.505129 -0.128773 50.000000
0.378109 -0.297057 -0.112489 50.000000
0.248541 -0.396180 -0.122402 53.000000
0.584851 0.216256 -0.013367 50.000000
0.177739 -0.295641 -0.122402 50.000000
0.137383 -0.069783 -0.113197 50.000000
0.593346 0.414502 -0.020446 50.000000
0.141631 0.525661 0.281169 50.000000
-0.269728 0.514333 -0.048767 50.000000
0.070829 -0.348034 -0.104701 50.000000
0.754775 0.524245 0.128237 50.000000
0.596887 -0.389808 -0.052307 53.000000
0.080741 -0.377771 -0.111781 50.000000
0.034011 0.490968 -0.176919 50.000000
-0.441777 0.527785 0.028407 50.000000
-0.196802 -0.013141 -0.017615 52.000000
0.508384 0.061201 -0.081337 50.000000
0.207476 -0.187314 -0.105409 50.000000
0.066581 0.524245 0.278337 50.000000
-0.375932 -0.246788 -0.041688 50.000000
0.078617 0.524953 0.325066 50.000000
-0.205299 -0.139877 -0.021155 50.000000
-0.368851 0.001018 0.005042 52.000000
0.058084 -0.435121 -0.001330 50.000000
0.481480 -0.277232 -0.111781 53.000000
0.533873 0.130587 0.026283 50.000000
0.551574 -0.321130 -0.089125 53.000000
-0.443193 -0.151913 -0.007702 50.000000
0.041800 -0.217051 -0.135854 50.000000
-0.304422 -0.182358 -0.015491 50.000000
-0.029002 -0.268737 -0.103285 51.000000
-0.436821 -0.140585 0.008582 50.000000
-0.064403 0.364941 0.233024 50.000000
0.321467 -0.071907 0.029823 50.000000
0.344124 -0.466982 -0.009827 53.000000
-0.371683 -0.172445 -0.016906 50.000000
0.567150 -0.104476 -0.099745 50.000000
0.247834 -0.157577 -0.093372 50.000000
0.497056 -0.345910 -0.142226 53.000000
-0.126000 -0.430872 0.025574 51.000000
0.079325 0.498756 0.332855 50.000000
0.298811 -0.217759 -0.093372 50.000000
-0.104760 0.064740 0.219572 52.000000
-0.146533 0.142623 0.252849 50.000000
0.169951 0.508669 -0.003454 50.000000
0.142338 -0.455654 -0.006286 50.000000
0.664857 0.514333 0.041151 50.000000
-0.416288 0.020136 -0.033191 52.000000
0.107646 0.050580 0.085756 50.000000
-0.163525 0.503005 0.005750 50.000000
0.189068 -0.297765 -0.096912 50.000000
0.729994 0.507960 -0.112489 50.000000
-0.297341 -0.192270 -0.046643 50.000000
0.079325 -0.080403 -0.116738 50.000000
-0.692416 0.500881 -0.090541 50.000000
-0.124584 -0.129965 -0.069299 52.000000
-0.652058 -0.336706 0.194083 50.000000
0.049588 -0.396180 -0.053016 50.000000
0.630164 0.495217 -0.082753 50.000000
-0.030418 -0.478310 0.053187 51.000000
-0.414164 0.512917 0.237980 50.000000
0.080741 -0.345910 -0.128773 50.000000
0.657068 0.499464 -0.114614 50.000000
0.269074 0.506545 0.131070 50.000000
-0.140161 -0.130673 -0.104701 52.000000
0.539538 0.149703 0.160098 50.000000
-0.463017 -0.393347 0.091420 51.000000
-0.353275 -0.256700 -0.043103 51.000000
0.166411 0.507960 0.267717 50.000000
0.468027 0.047040 0.106288 50.000000
0.197564 -0.037214 -0.083460 50.000000
-0.443901 0.524245 -0.055847 50.000000
0.412094 -0.379188 -0.106825 53.000000
0.528209 0.182980 0.220988 50.000000
-0.351859 0.504420 0.017079 50.000000
0.157915 -0.006061 -0.064344 50.000000
0.021975 0.024384 0.042567 50.000000
-0.436821 0.151827 0.106997 52.000000
-0.181934 0.506545 0.346307 50.000000
0.283235 0.489552 -0.099745 50.000000
-0.533112 0.187936 0.087881 50.000000
0.352621 -0.264488 -0.147182 50.000000
-0.415580 -0.432997 0.142398 51.000000
-0.194679 -0.234752 -0.014782 50.000000
0.622376 0.231125 -0.006994 50.000000
0.388729 -0.226963 -0.102577 50.000000
-0.524615 0.279978 0.123989 50.000000
0.576354 -0.197227 -0.068592 53.000000
-0.346902 -0.445033 0.162930 51.000000
-0.771006 -0.065535 0.173550 50.000000
-0.872253 -0.052083 0.166471 50.000000
0.098442 -0.049250 -0.092665 50.000000
0.166411 -0.089608 -0.120278 50.000000
-0.555060 -0.185190 0.002210 50.000000
-0.741977 0.519288 -0.008410 50.000000
-0.632942 0.529201 0.060268 50.000000
-0.065819 0.037128 0.181339 52.000000
-0.327078 -0.052790 0.027698 52.000000
0.319343 -0.227671 -0.087708 50.000000
0.308723 -0.277232 -0.101869 50.000000
-0.169189 -0.243248 -0.040979 50.000000
0.593346 0.290598 0.007166 50.000000
-0.541607 0.227585 0.105581 50.000000
0.008523 -0.447865 -0.061512 50.000000
0.237213 -0.098104 -0.098329 50.000000
0.250665 0.030755 0.092836 50.000000
0.128179 0.521413 0.227360 50.000000
0.308723 -0.387683 -0.113197 53.000000
-0.761094 0.488844 -0.113905 50.000000
-0.146533 -0.088900 -0.060096 52.000000
-0.677547 -0.305553 0.085048 50.000000
-0.389384 0.493092 -0.023987 50.000000
-0.365311 0.511500 0.074427 50.000000
-0.317874 -0.108016 -0.006994 52.000000
0.150126 -0.361486 -0.076380 50.000000
-0.505499 0.110762 0.053187 52.000000
-0.349026 -0.183066 -0.015491 50.000000
0.299519 -0.167490 -0.081337 50.000000
-0.521075 -0.266613 0.084341 51.000000
-0.438945 0.134835 0.073720 52.000000
0.109770 -0.384143 -0.057264 50.000000
0.228717 0.507252 0.262761 50.000000
-0.108300 -0.057039 -0.037439 52.000000
0.565026 -0.357947 -0.040271 53.000000
0.613879 0.210592 0.007874 50.000000
0.458115 0.520705 0.107705 50.000000
0.012064 -0.346618 -0.125942 50.000000
-0.053783 -0.017389 -0.071424 52.000000
0.011355 -0.298473 -0.110365 50.000000
0.427670 0.505836 -0.006286 50.000000
0.191192 0.505129 0.258513 50.000000
0.283942 -0.420253 0.050355 53.000000
0.307307 -0.030842 -0.000622 50.000000
-0.300173 0.095893 0.158682 52.000000
0.404305 -0.350867 -0.084877 53.000000
-0.832604 -0.176694 0.089296 50.000000
-0.084935 -0.208555 -0.139394 50.000000
0.436875 0.030755 0.062392 50.000000
0.092778 0.513624 0.123989 50.000000
-0.330618 0.058368 0.135317 52.000000
-0.603914 -0.267320 0.065223 50.000000
-0.691708 -0.152622 0.087881 50.000000
-0.121044 -0.230503 -0.091957 50.000000
0.628747 -0.399720 0.022743 53.000000
0.168535 -0.025886 -0.062220 50.000000
0.208893 -0.046418 -0.064344 50.000000
-0.104052 -0.408924 0.026283 51.000000
0.232965 0.502296 0.335687 50.000000
-0.860217 -0.091024 0.143106 50.000000
-0.271145 0.068989 0.136025 52.000000
0.608923 0.524953 -0.130897 50.000000
-0.167774 0.498048 -0.043811 50.000000
0.574938 0.183688 -0.003454 50.000000
-0.513995 0.213425 0.101333 50.000000
0.642908 0.493092 -0.162758 50.000000
0.663441 0.524953 -0.181167 50.000000
-0.027586 -0.052083 -0.134437 52.000000
-0.493463 -0.129256 0.036902 50.000000
-0.626570 -0.101644 0.240104 50.000000
0.169951 -0.370691 -0.084168 50.000000
0.070121 -0.100936 -0.130897 50.000000
0.335628 -0.226255 -0.118154 50.000000
-0.306546 0.030048 0.085048 52.000000
-0.681088 -0.286437 0.162930 50.000000
0.207476 0.500172 0.078676 50.000000
-0.581965 0.358568 0.119033 50.000000
-0.380887 -0.064118 0.014246 52.000000
-0.815611 -0.091731 0.111953 50.000000
0.361825 -0.166781 -0.074256 50.000000
-0.389384 -0.031550 -0.000622 52.000000
-0.421245 -0.108016 -0.005578 52.000000
-0.892785 -0.128549 0.119742 50.000000
-0.495587 0.506545 0.293205 50.000000
-0.052367 -0.230503 -0.069299 50.000000
-0.468681 0.490260 -0.124526 50.000000
-0.065819 -0.159701 -0.138686 50.000000
0.440415 0.509376 0.001501 50.000000
0.447494 0.025091 -0.006286 50.000000
0.155791 -0.205015 -0.187540 50.000000
0.567150 -0.103768 -0.056556 50.000000
0.369613 -0.297765 -0.101869 50.000000
-0.716489 -0.116512 0.114077 50.000000
0.632288 -0.099519 0.056728 50.000000
0.512632 -0.257408 -0.110365 53.000000
0.599719 -0.263072 -0.024695 53.000000
-0.909777 -0.052083 0.149478 50.000000
-0.368851 0.095186 0.140982 52.000000
-0.725693 -0.200058 0.104873 50.000000
0.248541 -0.066951 -0.079213 50.000000
0.453159 0.321752 0.123989 50.000000
-0.480718 0.155367 0.043983 52.000000
-0.473638 0.028631 0.040443 52.000000
0.509092 -0.156162 -0.073548 53.000000
0.185527 -0.090315 -0.136561 50.000000
-0.819151 -0.188730 0.091420 50.000000
0.060208 -0.369983 -0.091248 50.000000
-0.084935 -0.037922 -0.065052 52.000000
0.117558 -0.014558 -0.036023 50.000000
0.032596 -0.197227 -0.159218 50.000000
0.254206 -0.245371 -0.145058 50.000000
0.220928 0.500881 0.119033 50.000000
-0.150781 -0.077572 -0.033899 52.000000
-0.295925 0.507252 0.034779 50.000000
-0.812071 -0.116512 0.105581 50.000000
-0.157861 -0.476186 0.092836 51.000000
-0.492047 0.503712 0.335687 50.000000
-0.487090 -0.036506 0.090005 52.000000
0.020559 -0.381311 -0.088417 50.000000
0.017019 -0.411048 -0.023279 50.000000
-0.261232 0.040668 0.086464 52.000000
0.196148 -0.236167 -0.134437 50.000000
-0.121753 0.214132 0.235857 50.000000
-0.028294 -0.129965 -0.117445 50.000000
0.359700 -0.407508 -0.118861 53.000000
-0.754014 -0.129256 0.072303 50.000000
0.426254 0.529201 0.220279 50.000000
-0.440361 0.486720 -0.055140 50.000000
-0.203883 -0.423084 0.029823 51.000000
-0.368144 -0.248912 0.014955 51.000000
-0.626570 -0.197934 0.058851 50.000000
0.785928 0.507960 0.023450 50.000000
0.448911 0.392554 0.157974 50.000000
-0.619490 0.500881 0.194083 50.000000
-0.063695 -0.088900 -0.064344 52.000000
0.109062 -0.178110 -0.130897 50.000000
-0.701620 -0.103768 0.143814 50.000000
0.449619 -0.063411 -0.048059 50.000000
-0.080687 -0.090315 -0.094081 52.000000
-0.571344 0.369189 0.166471 50.000000
-0.579841 0.333080 0.119742 50.000000
-0.138037 -0.443617 0.031947 51.000000
-0.118212 0.503005 -0.091957 50.000000
0.267658 -0.197227 -0.095496 50.000000
-0.490630 0.498756 0.174966 50.000000
-0.775254 -0.164657 0.089296 50.000000
0.080033 -0.110848 -0.144350 50.000000
-0.201759 -0.160410 -0.038147 50.000000
-0.395048 -0.065535 -0.019031 52.000000
0.472983 -0.166074 -0.092665 50.000000
-0.048827 -0.299181 -0.105409 51.000000
0.393686 -0.085360 -0.065052 50.000000
0.002859 -0.178818 -0.135146 50.000000
0.572106 0.403882 -0.008410 50.000000
-0.096972 -0.209263 -0.121693 50.000000
-0.191846 -0.139877 -0.034607 50.000000
-0.106884 0.102974 0.234440 52.000000
-0.419121 -0.097396 -0.012658 52.000000
-0.424785 -0.064118 0.005042 52.000000
-0.370267 -0.337414 0.020619 51.000000
0.461655 -0.416712 -0.068592 53.000000
-0.157154 -0.057747 -0.060096 52.000000
-0.129541 0.054121 0.228068 52.000000
0.128179 0.044916 0.026991 50.000000
-0.421952 -0.424501 0.074427 51.000000
0.373861 -0.432289 -0.092665 53.000000
-0.589045 -0.222715 0.135317 50.000000
0.409262 0.488136 -0.184707 50.000000
-0.121753 -0.090315 -0.094081 52.000000
0.303059 0.507252 -0.118154 50.000000
-0.315041 0.505836 -0.045228 50.000000
0.138091 -0.246080 -0.140810 50.000000
0.059500 -0.090315 -0.114614 50.000000
-0.780918 -0.249620 0.101333 50.000000
0.334212 -0.167490 -0.048059 50.000000
0.596887 0.217672 -0.012658 50.000000
0.593346 0.414502 -0.020446 50.000000
0.708046 0.537697 0.099209 50.000000
0.162871 -0.432289 -0.013367 50.000000
-0.611702 0.386890 0.121157 50.000000
0.567150 -0.187314 -0.059388 53.000000
-0.528864 0.262985 0.098500 50.000000
-0.255568 0.500172 -0.119569 50.000000
0.582727 -0.227671 -0.085584 53.000000
-0.519660 0.516457 0.225943 50.000000
0.192608 -0.426624 -0.053724 50.000000
-0.120336 0.116426 0.244352 52.000000
-0.061571 -0.464149 0.034071 51.000000
0.498473 -0.083943 -0.072840 50.000000
0.427670 0.505836 -0.006286 50.000000
-0.509039 0.497341 -0.185415 50.000000
-0.338407 0.002435 0.021326 52.000000
0.264118 -0.405384 -0.055140 53.000000
-0.675424 0.500172 -0.163467 50.000000
-0.144409 -0.170322 -0.070716 50.000000
-0.515411 0.510085 0.117617 50.000000
-0.732065 -0.295641 0.083632 50.000000
0.519713 0.078193 -0.033191 50.000000
0.282526 0.525661 0.147354 50.000000
-0.267605 -0.362195 -0.036731 51.000000
-0.016258 -0.276525 -0.139394 50.000000
-0.003514 -0.442201 -0.031067 50.000000
-0.421952 0.081733 0.019910 52.000000
-0.358231 0.095186 0.147354 52.000000
0.256329 -0.420253 -0.023279 53.000000
-0.135205 0.253074 0.241521 50.000000
-0.407084 0.020843 -0.024695 52.000000
-0.526031 0.509376 0.201163 50.000000
0.247834 -0.098104 -0.084877 50.000000
-0.363187 0.047040 0.023450 52.000000
0.462363 0.352904 0.099916 50.000000
-0.479302 -0.250328 -0.004870 51.000000
-0.144409 -0.241831 -0.069299 50.000000
-0.369559 0.493800 0.099209 50.000000
0.186236 -0.167490 -0.128066 50.000000
-0.123876 -0.059163 -0.080628 52.000000
0.231549 0.517873 0.091420 50.000000
0.475816 -0.125716 -0.079920 50.000000
-0.426201 -0.331042 0.052480 51.000000
0.596179 0.161739 -0.006994 50.000000
0.236506 -0.217051 -0.116738 50.000000
-0.499835 0.506545 0.109828 50.000000
-0.585505 -0.344494 0.158682 50.000000
0.100566 -0.321838 -0.168422 50.000000
-0.067943 0.520705 0.220988 50.000000
0.104813 0.524953 0.370380 50.000000
0.337044 0.496632 0.216739 50.000000
0.369613 -0.073323 -0.013367 50.000000
0.162871 -0.432289 -0.013367 50.000000
0.258453 -0.087484 -0.084877 50.000000
-0.494170 0.199972 0.168595 50.000000
-0.696664 0.476099 0.179214 50.000000
-0.361063 -0.161826 -0.012658 50.000000
0.350497 -0.248204 -0.087708 50.000000
0.317927 -0.267320 -0.105409 50.000000
-0.169189 -0.453530 0.019910 51.000000
0.173492 -0.423793 0.001501 50.000000
0.319343 -0.227671 -0.087708 50.000000
-0.506206 0.116426 0.093545 52.000000
-0.576301 0.522121 -0.136561 50.000000
0.579187 -0.083943 -0.096205 50.000000
-0.428325 -0.294933 0.020619 51.000000
-0.364603 0.486012 -0.076380 50.000000
-0.155030 -0.023053 -0.009827 52.000000
-0.352566 0.098726 0.174259 52.000000
-0.085644 -0.284313 -0.039563 51.000000
0.563609 0.243869 0.203287 50.000000
0.003567 -0.188023 -0.152139 50.000000
-0.269021 -0.302721 0.029115 51.000000
-0.838975 0.512917 0.021326 50.000000
-0.116088 0.496632 -0.202408 50.000000
-0.447441 0.093769 0.023450 52.000000
-0.223707 -0.377771 0.018494 51.000000
-0.022630 -0.365027 -0.056556 51.000000
-0.424785 0.487428 0.292498 50.000000
-0.067235 0.226169 0.309490 50.000000
0.109770 -0.322546 -0.158510 50.000000
-0.303006 -0.347327 0.024867 51.000000
-0.465850 0.171652 0.076552 52.000000
-0.059447 -0.070491 -0.108949 52.000000
-0.424785 -0.064118 0.005042 52.000000
0.444663 -0.085360 -0.075672 50.000000
-0.868005 -0.272984 0.041151 50.000000
-0.319289 0.504420 -0.183999 50.000000
0.042508 -0.304845 -0.146474 50.000000
0.299519 -0.167490 -0.081337 50.000000
-0.239992 -0.352991 -0.010534 51.000000
0.514049 -0.136337 -0.097621 50.000000
-0.424076 0.508669 0.222404 50.000000
-0.123876 -0.078987 -0.075672 52.000000
-0.096263 0.187936 0.228776 50.000000
-0.434697 0.490968 -0.077796 50.000000
0.548741 0.435743 -0.017615 50.000000
0.257746 -0.108016 -0.088417 50.000000
-0.373099 -0.394056 0.026991 51.000000
-0.438237 -0.239000 0.014246 50.000000
0.567150 -0.104476 -0.099745 50.000000
0.514756 0.279270 0.139565 50.000000
0.318635 -0.061995 0.005042 50.000000
-0.203883 -0.319006 -0.026819 51.000000
0.136674 -0.091024 -0.151430 50.000000
0.244294 -0.283605 -0.150015 50.000000
0.137383 -0.215635 -0.168422 50.000000
-0.746225 0.510085 0.185587 50.000000
-0.518243 -0.311926 0.075136 51.000000
0.082157 0.511500 0.043275 50.000000
0.162163 0.051997 0.089296 50.000000
0.297395 -0.297057 -0.110365 50.000000
-0.290261 0.522829 -0.061512 50.000000
-0.336282 -0.161117 -0.021863 50.000000
0.632288 0.086689 0.007166 50.000000
-0.026170 0.521413 0.143814 50.000000
0.332796 -0.106600 -0.057264 50.000000
0.570690 -0.335290 -0.056556 53.000000
0.109770 -0.333166 -0.154262 50.000000
-0.695956 -0.328210 0.061684 50.000000
-0.414873 0.100141 0.080800 52.000000
0.058084 -0.027302 -0.071424 50.000000
-0.729941 0.502296 0.070888 50.000000
-0.494170 -0.334582 0.077260 51.000000
0.308015 -0.083943 0.002918 50.000000
-0.136621 0.491676 0.300286 50.000000
-0.419121 0.125630 0.092836 52.000000
0.574230 -0.072615 -0.072840 50.000000
0.463779 -0.054206 -0.084168 50.000000
0.568566 0.321043 -0.006286 50.000000
0.002151 -0.443617 0.050355 50.000000
0.246418 -0.128549 -0.111073 50.000000
0.014187 0.489552 -0.182583 50.000000
0.402181 -0.207139 -0.084168 50.000000
0.371029 -0.086067 -0.080628 50.000000
-0.710116 -0.256700 0.035487 50.000000
0.531041 -0.186606 -0.072132 53.000000
-0.440361 -0.118637 0.019910 50.000000
-0.133788 0.497341 -0.140810 50.000000
-0.292385 0.079609 0.123281 52.000000
0.582018 0.347240 0.097793 50.000000
-0.497002 0.158199 0.056728 52.000000
-0.637190 -0.103768 0.155142 50.000000
-0.193262 -0.035798 -0.036023 52.000000
-0.709408 0.530617 0.081508 50.000000
0.070829 -0.295641 -0.131606 50.000000
0.157207 -0.168198 -0.117445 50.000000
-0.159985 -0.150498 -0.037439 50.000000
0.282526 -0.085360 -0.040271 50.000000
-0.410624 -0.183066 -0.039563 50.000000
0.197564 -0.325378 -0.123109 50.000000
-0.017673 -0.396180 0.026283 51.000000
0.255622 -0.148373 -0.115321 50.000000
-0.009178 -0.080403 -0.113905 50.000000
-0.273269 -0.392640 0.042567 51.000000
0.434042 0.399633 0.138149 50.000000
0.472276 0.072529 0.126821 50.000000
0.547326 0.086689 -0.056556 50.000000
0.719374 0.081733 0.138149 50.000000
-0.436113 -0.250328 0.008582 51.000000
0.587682 0.503712 -0.117445 50.000000
-0.491338 -0.026594 0.062392 52.000000
-0.194679 -0.344494 -0.082044 51.000000
0.275446 -0.255992 -0.125233 50.000000
0.403598 -0.064827 -0.069299 50.000000
-0.424785 -0.052790 0.004334 52.000000
-0.247072 -0.224131 -0.025403 50.000000
0.431918 -0.298473 -0.098329 53.000000
-0.600374 0.512917 -0.135854 50.000000
-0.343362 -0.171738 -0.038855 50.000000
-0.589753 0.395385 0.217448 50.000000
-0.506206 0.116426 0.093545 52.000000
0.042508 -0.092440 -0.174086 50.000000
0.246418 -0.226963 -0.118861 50.000000
-0.089892 0.503005 -0.056556 50.000000
0.254913 0.508669 0.099916 50.000000
0.463072 0.504420 -0.183999 50.000000
0.591931 -0.392640 -0.025403 53.000000
0.259162 -0.097396 -0.072132 50.000000
0.356868 -0.037922 0.048939 50.000000
0.304475 -0.216343 -0.127357 50.000000
0.003567 -0.305553 -0.140810 50.000000
-0.395048 -0.065535 -0.019031 52.000000
0.545202 -0.291393 -0.067176 53.000000
0.234381 0.022967 0.015662 50.000000
-0.459477 0.083149 0.025574 52.000000
-0.364603 -0.172445 0.002210 50.000000
-0.329910 0.123506 0.181339 52.000000
0.501304 0.505836 0.016370 50.000000
0.352621 -0.391223 -0.090541 53.000000
-0.557184 -0.348034 0.075136 51.000000
0.581311 0.483888 -0.137978 50.000000
-0.154321 -0.190854 -0.072132 50.000000
0.070829 -0.207139 -0.137978 50.000000
0.545909 0.461231 -0.089832 50.000000
-0.528864 0.262985 0.098500 50.000000
0.696718 -0.200058 0.069472 53.000000
-0.845348 0.499464 -0.114614 50.000000
0.503428 -0.041462 -0.050183 50.000000
-0.146533 -0.284313 -0.055140 51.000000
-0.147241 -0.229795 -0.118861 50.000000
0.370321 0.513624 -0.009827 50.000000
-0.298049 -0.204306 0.006458 50.000000
0.216681 0.478224 -0.154970 50.000000
0.057376 -0.037214 -0.060096 50.000000
-0.353983 -0.224839 -0.041688 50.000000
-0.664803 -0.187314 0.089296 50.000000
0.414926 -0.074739 -0.065052 50.000000
-0.616657 0.500172 0.101333 50.000000
-0.303006 0.016596 0.067348 52.000000
0.526085 0.451319 0.037611 50.000000
0.117558 -0.014558 -0.036023 50.000000
-0.455229 0.486012 -0.168422 50.000000
-0.084228 0.486012 0.284001 50.000000
0.550866 -0.115097 -0.078504 50.000000
0.157207 -0.302721 -0.157803 50.000000
0.533873 -0.020222 -0.059388 50.000000
0.126762 0.505129 0.060975 50.000000
0.211724 -0.021638 -0.009118 50.000000
0.561486 0.404590 -0.004870 50.000000
0.225885 -0.304138 -0.138686 50.000000
-0.293801 0.514333 0.220988 50.000000
-0.155737 -0.180942 -0.065760 50.000000
0.178448 -0.336706 -0.116029 50.000000
-0.058031 -0.219175 -0.113197 50.000000
-0.351859 0.504420 0.017079 50.000000
-0.364603 -0.193687 -0.042395 50.000000
-0.326370 -0.315466 0.029115 51.000000
-0.314334 -0.408924 0.073012 51.000000
-0.477886 0.097310 0.043983 52.000000
-0.397172 -0.129965 -0.006994 50.000000
-0.532403 -0.117928 0.042567 50.000000
0.592639 -0.317590 -0.015491 53.000000
-0.143701 -0.313342 -0.077089 51.000000
-0.104760 0.524245 -0.130897 50.000000
-0.235744 0.491676 -0.105409 50.000000
0.363949 0.491676 -0.136561 50.000000
0.626623 -0.188023 -0.005578 53.000000
0.447494 -0.382728 -0.082753 53.000000
0.129594 -0.368567 -0.101161 50.000000
-0.365311 -0.010310 -0.006286 52.000000
-0.350442 -0.119344 -0.011951 52.000000
0.185527 -0.205723 -0.159926 50.000000
-0.346195 0.518581 0.225236 50.000000
0.516173 0.515749 -0.030359 50.000000
0.068705 -0.078987 -0.087001 50.000000
0.575646 -0.125009 -0.069299 50.000000
-0.750473 -0.077572 0.192667 50.000000
-0.610993 -0.289977 0.050355 50.000000
0.679017 0.497341 -0.196744 50.000000
-0.452398 -0.284313 0.020619 51.000000
-0.067235 0.214841 0.314447 50.000000
-0.315750 -0.015974 0.077260 52.000000
-0.487090 0.192892 0.058851 50.000000
-0.409208 -0.328918 0.035487 51.000000
-0.266188 0.500172 -0.120278 50.000000
0.077909 -0.056330 -0.043811 50.000000
-0.115380 -0.179526 -0.134437 50.000000
0.176323 -0.187314 -0.141518 50.000000
-0.754014 -0.129256 0.072303 50.000000
-0.224415 -0.202891 -0.033191 50.000000
-0.009178 -0.120052 -0.113905 50.000000
-0.807823 -0.201475 0.128945 50.000000
-0.300882 -0.214219 -0.031067 50.000000
-0.094848 -0.088900 -0.062928 52.000000
0.591222 -0.091024 -0.008410 50.000000
-0.317165 0.515040 0.017786 50.000000
0.458823 -0.032258 -0.057971 50.000000
-0.625862 -0.128549 0.125406 50.000000
0.511216 -0.383435 -0.086293 53.000000
-0.157154 0.499464 -0.200283 50.000000
-0.657015 -0.152622 0.068056 50.000000
-0.132373 0.140499 0.241521 50.000000
-0.360354 -0.204306 -0.014075 50.000000
0.642908 -0.316173 -0.040979 53.000000
-0.215919 -0.457069 0.031947 51.000000
-0.495587 0.506545 0.293205 50.000000
0.497764 -0.095979 -0.122402 50.000000
-0.373099 -0.151205 -0.011242 50.000000
0.023392 0.493092 0.099916 50.000000
0.741322 0.146163 0.160807 50.000000
0.345540 -0.364319 -0.139394 53.000000
-0.022630 -0.225547 -0.183291 50.000000
-0.581965 -0.279356 0.077260 50.000000
0.448911 0.349365 0.242936 50.000000
0.629456 -0.326085 -0.048767 53.000000
-0.112548 0.406713 0.344183 50.000000
-0.088475 -0.189438 -0.110365 50.000000
0.327132 -0.083943 -0.014782 50.000000
0.450327 -0.105892 -0.099036 50.000000
-0.635066 -0.175278 0.080800 50.000000
0.408554 -0.005353 0.027698 50.000000
-0.545148 -0.105892 0.081508 52.000000
0.291730 -0.401136 -0.087001 53.000000
0.409262 -0.086776 -0.099036 50.000000
-0.241408 -0.365027 -0.004163 51.000000
-0.495587 0.134835 0.056728 52.000000
-0.028294 0.522121 0.187003 50.000000
-0.416288 0.513624 0.030531 50.000000
0.593346 0.290598 0.007166 50.000000
0.448203 0.048456 0.125406 50.000000
0.426962 -0.137044 -0.116738 50.000000
-0.879333 -0.239707 0.123281 50.000000
0.587682 0.145455 -0.037439 50.000000
0.422006 -0.020222 -0.023279 50.000000
0.267658 0.512917 -0.033899 50.000000
-0.253444 -0.203599 0.005042 50.000000
0.199688 -0.309093 -0.084877 50.000000
-0.177686 -0.326085 -0.055847 51.000000
-0.278225 -0.430165 0.066639 51.000000
-0.191138 0.028631 0.082924 52.000000
0.492100 -0.217051 -0.106117 53.000000
-0.474346 -0.338830 0.134610 51.000000
-0.404960 -0.248204 -0.020446 51.000000
0.300935 -0.319714 -0.082044 50.000000
-0.285305 -0.289977 0.000086 51.000000
0.431918 -0.292101 -0.040979 53.000000
-0.729233 0.489552 0.073720 50.000000
0.260578 0.493800 -0.117445 50.000000
0.661317 -0.212095 0.072303 53.000000
-0.133788 -0.228379 -0.142934 50.000000
0.224469 -0.205723 -0.151430 50.000000
-0.193970 -0.108724 -0.023987 52.000000
-0.208838 0.095893 0.269841 52.000000
-0.048119 -0.239000 -0.113197 50.000000
0.399350 -0.365027 -0.050892 53.000000
-0.484966 0.123506 0.065223 52.000000
-0.389384 -0.031550 -0.000622 52.000000
-0.723569 -0.272277 0.097793 50.000000
-0.041039 -0.321838 -0.080628 51.000000
0.515465 0.512917 -0.140810 50.000000
0.376693 -0.196518 -0.112489 50.000000
-0.126000 -0.335998 -0.052307 51.000000
-0.371683 -0.422377 0.165762 51.000000
0.438290 -0.256700 -0.116738 53.000000
0.658484 -0.353698 0.007874 53.000000
0.127470 -0.049250 -0.101161 50.000000
0.375985 0.495217 -0.128066 50.000000
0.276154 -0.062703 0.005750 50.000000
-0.116088 -0.180234 -0.048767 50.000000
-0.727817 -0.258116 0.044691 50.000000
-0.308670 -0.323254 0.002918 51.000000
-0.421952 0.011639 -0.013367 52.000000
-0.189014 -0.375647 0.009998 51.000000
-0.620906 -0.129256 0.076552 50.000000
0.742739 0.487428 -0.140810 50.000000
-0.110424 -0.319006 -0.005578 51.000000
0.050296 -0.435121 -0.072840 50.000000
-0.470098 -0.151913 -0.035315 50.000000
-0.640022 0.515749 -0.026111 50.000000
0.002859 -0.178818 -0.135146 50.000000
-0.065111 0.378393 0.236564 50.000000
0.159331 -0.368567 -0.098329 50.000000
0.328548 0.507960 0.254973 50.000000
-0.842516 -0.271568 0.019203 50.000000
-0.315041 -0.171738 -0.016906 50.000000
-0.661263 0.497341 -0.167007 50.000000
-0.477178 0.108638 0.040443 52.000000
-0.458769 -0.352991 0.039027 51.000000
-0.108300 0.212008 0.227360 50.000000
-0.620197 -0.042171 0.179923 50.000000
