-0.414873 -0.194394 -0.026111 50.000000
-0.089183 0.268650 0.262053 50.000000
-0.489923 -0.108016 -0.011242 50.000000
-0.113256 -0.396180 0.009998 51.000000
-0.024046 -0.409632 -0.037439 50.000000
0.499888 0.009515 -0.070008 50.000000
0.142338 -0.449281 0.025574 50.000000
0.284650 -0.206430 -0.131606 50.000000
0.021975 -0.277232 -0.125233 50.000000
0.217388 -0.088191 -0.087708 50.000000
0.091361 0.536282 0.316570 50.000000
-0.184767 -0.098104 -0.019031 52.000000
0.553698 -0.363611 -0.084877 53.000000
-0.140161 -0.160410 -0.024695 50.000000
0.247834 -0.374940 -0.128773 53.000000
-0.861632 -0.249620 0.058144 50.000000
-0.145117 0.523537 0.030531 50.000000
-0.194679 -0.340246 -0.021155 51.000000
0.441830 0.357153 0.117617 50.000000
-0.732773 0.531325 0.033362 50.000000
-0.221583 -0.140585 -0.048767 50.000000
-0.261940 -0.246788 -0.004870 50.000000
0.286775 -0.127840 -0.101161 50.000000
0.336336 -0.446449 -0.068592 53.000000
-0.116088 -0.326085 -0.047352 51.000000
0.030472 -0.278649 -0.102577 50.000000
0.092069 0.534157 0.267009 50.000000
-0.430449 -0.030134 0.020619 52.000000
0.297395 0.490260 -0.065760 50.000000
0.322175 -0.177402 -0.062220 50.000000
-0.495587 0.506545 0.293205 50.000000
-0.059447 0.475392 0.296038 50.000000
-0.674007 -0.236876 0.145938 50.000000
0.837613 0.500881 0.023450 50.000000
-0.226539 -0.455654 0.094960 51.000000
0.489268 0.265818 0.201163 50.000000
0.235797 -0.236167 -0.127357 50.000000
-0.796495 0.524245 -0.013367 50.000000
-0.118920 -0.008893 0.043983 52.000000
-0.230787 -0.076155 -0.004163 52.000000
0.454575 -0.294933 -0.142226 53.000000
0.713002 0.500881 -0.126649 50.000000
0.089945 -0.101644 -0.158510 50.000000
-0.836851 -0.250328 0.097084 50.000000
-0.489923 0.209177 0.150894 50.000000
-0.279640 -0.182358 -0.026111 50.000000
-0.016258 -0.447865 0.005042 50.000000
0.178448 -0.267320 -0.106825 50.000000
-0.453105 -0.215635 -0.050892 50.000000
-0.268312 -0.330334 -0.031775 51.000000
0.515465 -0.186606 -0.095496 53.000000
0.061624 -0.130673 -0.167007 50.000000
0.247834 -0.423793 -0.002038 53.000000
-0.368851 -0.161826 -0.027527 50.000000
-0.453813 0.047748 0.010706 52.000000
0.070829 -0.276525 -0.124526 50.000000
-0.582673 -0.307678 0.151602 50.000000
-0.746933 -0.211387 0.058144 50.000000
0.458823 -0.175986 -0.111781 50.000000
0.308015 -0.327502 -0.108949 53.000000
0.546617 -0.043586 -0.096912 50.000000
0.054544 0.498756 -0.186831 50.000000
-0.575593 -0.258116 0.133194 50.000000
-0.359647 0.084565 0.153726 52.000000
0.292439 -0.095979 -0.046643 50.000000
-0.213087 -0.171030 -0.035315 50.000000
-0.359647 0.050580 0.058144 52.000000
-0.780210 -0.272277 0.067348 50.000000
0.089237 -0.070491 -0.116029 50.000000
-0.632234 -0.105184 0.106997 50.000000
0.148711 -0.013141 -0.028235 50.000000
-0.504791 -0.084651 0.032655 52.000000
0.506968 -0.238292 -0.088417 53.000000
0.167119 -0.167490 -0.123109 50.000000
0.237921 0.516457 0.013538 50.000000
-0.058739 -0.299889 -0.103285 51.000000
-0.114672 -0.021638 0.012830 52.000000
-0.391508 -0.260240 0.015662 51.000000
-0.266896 -0.297765 -0.036023 51.000000
0.150126 0.069697 0.053895 50.000000
0.513341 0.516457 -0.097621 50.000000
0.000735 -0.100936 -0.119569 50.000000
0.371029 -0.095979 -0.076380 50.000000
-0.124584 -0.241831 -0.060804 50.000000
0.060917 -0.358655 -0.101161 50.000000
0.009231 -0.019514 -0.100453 50.000000
0.422714 -0.008893 -0.020446 50.000000
0.493516 -0.185898 -0.142934 53.000000
-0.382303 0.515749 0.209660 50.000000
0.416342 -0.176694 -0.119569 50.000000
0.613879 0.210592 0.007874 50.000000
0.461655 -0.226963 -0.100453 53.000000
0.472983 -0.185898 -0.144350 53.000000
-0.826231 -0.036506 0.228776 50.000000
0.471567 -0.156162 -0.098329 50.000000
0.027640 -0.431581 -0.029651 50.000000
0.261994 -0.331042 -0.069299 53.000000
0.060208 -0.415296 -0.064344 50.000000
-0.111132 0.466187 0.310198 50.000000
0.294563 0.501588 0.154434 50.000000
-0.003514 -0.006770 -0.062220 50.000000
-0.421245 -0.215635 -0.043103 50.000000
-0.294509 0.519288 0.152310 50.000000
-0.319289 -0.377771 -0.005578 51.000000
-0.257692 -0.419544 0.077260 51.000000
0.469443 0.462647 -0.139394 50.000000
0.478648 -0.368567 -0.029651 53.000000
-0.077855 -0.269444 -0.110365 51.000000
0.014895 -0.437953 0.016370 50.000000
0.446079 0.531325 0.183463 50.000000
0.063041 0.502296 -0.117445 50.000000
0.196856 -0.217051 -0.124526 50.000000
-0.405668 -0.108724 -0.019739 50.000000
0.259870 -0.299181 -0.082044 50.000000
0.594763 -0.166074 -0.039563 50.000000
0.235089 -0.177402 -0.135146 50.000000
0.501304 0.484596 -0.149306 50.000000
0.460239 -0.206430 -0.105409 50.000000
0.608923 0.272190 0.024867 50.000000
-0.295217 0.007391 0.087881 52.000000
0.166411 -0.080403 -0.135854 50.000000
0.448203 0.490260 -0.017615 50.000000
-0.001390 -0.405384 -0.065760 50.000000
0.773183 0.530617 0.017786 50.000000
-0.307253 -0.224131 -0.051600 50.000000
0.170659 0.022260 0.013538 50.000000
-0.167774 0.027924 0.077260 52.000000
-0.487090 0.517873 0.106997 50.000000
0.354745 -0.060579 0.032655 50.000000
-0.695956 0.494508 -0.111781 50.000000
-0.184058 -0.435829 0.046107 51.000000
-0.899157 -0.165366 0.133194 50.000000
0.258453 0.005267 0.053895 50.000000
-0.383720 -0.215635 -0.013367 50.000000
0.477940 -0.206430 -0.122402 53.000000
0.264826 0.000311 -0.001330 50.000000
0.713002 0.500881 -0.126649 50.000000
0.601135 0.515040 -0.017615 50.000000
-0.158570 -0.399011 0.024159 51.000000
-0.077855 0.513624 0.198331 50.000000
0.175615 0.512917 0.158682 50.000000
0.094901 0.497341 -0.191787 50.000000
0.581311 0.158907 -0.019739 50.000000
-0.096972 0.153951 0.247892 50.000000
0.147295 -0.049959 -0.113197 50.000000
0.120390 -0.409632 -0.025403 50.000000
-0.196095 -0.425917 0.052480 51.000000
0.412802 -0.360071 -0.096205 53.000000
-0.635775 0.435034 0.098500 50.000000
-0.052367 0.058368 0.160098 50.000000
0.021268 -0.298473 -0.104701 50.000000
-0.506915 -0.315466 0.119033 51.000000
-0.210255 -0.461318 0.138149 51.000000
-0.384427 -0.237583 -0.009827 50.000000
0.308723 -0.387683 -0.113197 53.000000
0.494224 0.032879 -0.047352 50.000000
-0.098387 -0.259532 -0.106117 51.000000
-0.147241 -0.091731 -0.128066 52.000000
0.196856 0.521413 0.404365 50.000000
-0.501251 -0.129965 -0.013367 50.000000
0.497764 -0.126425 -0.122402 50.000000
0.128179 -0.236167 -0.136561 50.000000
-0.118920 0.244578 0.199747 50.000000
-0.450981 0.517873 0.114785 50.000000
-0.044579 0.515749 -0.084168 50.000000
0.511216 -0.357947 -0.129482 53.000000
-0.870129 -0.103768 0.133194 50.000000
0.580603 -0.166074 -0.051600 50.000000
-0.416288 0.513624 0.030531 50.000000
0.567150 -0.187314 -0.059388 53.000000
-0.123169 0.179440 0.254265 50.000000
-0.118920 0.221213 0.205411 50.000000
-0.290969 -0.028010 0.072303 52.000000
0.528917 -0.001105 -0.081337 50.000000
0.020559 -0.381311 -0.088417 50.000000
0.247834 -0.423793 -0.002038 53.000000
-0.339822 -0.214927 -0.007702 50.000000
0.010647 0.512209 0.118325 50.000000
0.003567 -0.305553 -0.140810 50.000000
-0.701620 0.500881 -0.133022 50.000000
-0.466558 0.512209 0.179923 50.000000
0.138091 0.519288 0.063099 50.000000
0.090654 -0.394056 -0.065760 50.000000
-0.493463 -0.073323 0.035487 52.000000
-0.771006 -0.065535 0.173550 50.000000
-0.196802 -0.013141 -0.017615 52.000000
0.147295 -0.078987 -0.095496 50.000000
0.541662 -0.228379 -0.077089 53.000000
-0.446025 0.504420 0.204703 50.000000
-0.223707 -0.032258 0.015662 52.000000
0.443247 0.012347 -0.025403 50.000000
0.505552 -0.002521 -0.089832 50.000000
0.317220 -0.207139 -0.104701 50.000000
-0.594709 -0.175278 0.114785 50.000000
-0.225123 -0.265904 -0.029651 51.000000
-0.497711 -0.195811 0.014246 50.000000
-0.366727 -0.300597 -0.035315 51.000000
-0.330618 -0.215635 0.000794 50.000000
0.568566 0.165279 0.021326 50.000000
0.409262 -0.086776 -0.099036 50.000000
-0.494878 -0.173154 0.004334 50.000000
-0.680379 -0.065535 0.194791 50.000000
-0.032542 -0.354407 -0.057264 50.000000
-0.023338 -0.345910 -0.039563 50.000000
-0.324246 -0.353698 -0.028943 51.000000
-0.264772 -0.318297 -0.049476 51.000000
0.454575 -0.064827 -0.079213 50.000000
0.429794 0.524245 0.249309 50.000000
-0.174854 0.495924 -0.149306 50.000000
-0.136621 0.479640 0.305242 50.000000
0.021975 -0.277232 -0.125233 50.000000
-0.212379 -0.223424 -0.039563 50.000000
-0.387967 0.032879 -0.011242 52.000000
-0.117505 0.065449 0.225236 52.000000
0.580603 -0.430872 0.012830 53.000000
-0.193262 -0.119344 -0.029651 50.000000
-0.187598 0.513624 0.189835 50.000000
-0.152906 -0.312633 -0.082753 51.000000
0.003567 0.019427 -0.009118 50.000000
-0.598957 -0.280065 0.087172 50.000000
0.567858 0.037836 -0.014782 50.000000
0.138798 -0.326085 -0.123818 50.000000
0.670521 0.117134 0.053187 50.000000
-0.273269 -0.074031 0.042567 52.000000
0.620959 -0.294933 -0.033899 53.000000
-0.456646 -0.053499 -0.008410 52.000000
-0.188306 -0.263780 -0.053724 51.000000
-0.844640 -0.164657 0.083632 50.000000
0.110478 -0.413880 -0.068592 50.000000
-0.091308 -0.100228 -0.089125 52.000000
-0.038915 -0.309802 -0.101161 51.000000
0.317927 -0.041462 -0.000622 50.000000
-0.312210 0.499464 -0.162758 50.000000
0.015604 0.516457 0.298870 50.000000
-0.306546 -0.030134 0.037611 52.000000
-0.092723 -0.039338 -0.087001 52.000000
0.168535 -0.316882 -0.111781 50.000000
-0.527448 -0.352991 0.139565 51.000000
0.246418 -0.128549 -0.111073 50.000000
-0.059447 0.475392 0.296038 50.000000
-0.361063 -0.030134 0.024159 52.000000
-0.520367 -0.083943 0.042567 52.000000
0.696718 0.507252 -0.102577 50.000000
-0.418412 -0.008185 0.019203 52.000000
0.225177 -0.148373 -0.129482 50.000000
0.529625 -0.166074 -0.124526 50.000000
0.148002 -0.283605 -0.152846 50.000000
-0.271852 0.092353 0.135317 52.000000
0.247834 -0.088191 -0.089125 50.000000
0.225177 -0.235459 -0.145766 50.000000
0.109062 -0.168198 -0.133022 50.000000
0.358285 0.494508 0.298162 50.000000
-0.436113 0.049164 0.031947 52.000000
-0.370267 -0.119344 -0.023279 50.000000
-0.526739 -0.184482 -0.007702 50.000000
0.446787 0.502296 -0.154970 50.000000
-0.304422 -0.289269 -0.015491 51.000000
-0.385843 -0.324670 -0.009827 51.000000
-0.203883 -0.319006 -0.026819 51.000000
-0.520367 0.272898 0.153018 50.000000
-0.089892 0.027215 0.075136 52.000000
0.343416 0.519288 0.046107 50.000000
0.291023 -0.457069 0.000794 53.000000
-0.235035 -0.452821 0.076552 51.000000
0.499888 0.068280 -0.020446 50.000000
-0.364603 0.486012 -0.076380 50.000000
-0.133081 0.225461 0.228068 50.000000
-0.591877 -0.319006 0.139565 50.000000
-0.610286 -0.357239 0.153018 50.000000
-0.039622 -0.451405 0.026283 50.000000
-0.892785 -0.077572 0.147354 50.000000
-0.070775 0.519288 0.260637 50.000000
0.032596 -0.255992 -0.146474 50.000000
-0.016258 -0.425917 0.005042 50.000000
0.524669 -0.084651 -0.098329 50.000000
0.413510 -0.245371 -0.140810 50.000000
-0.788706 -0.301305 0.148770 50.000000
0.206060 -0.157577 -0.123818 50.000000
0.339876 -0.328210 -0.098329 53.000000
0.640784 0.492384 -0.129482 50.000000
-0.294509 0.500172 0.091420 50.000000
0.481480 -0.333166 -0.064344 53.000000
0.021268 -0.139877 -0.121693 50.000000
-0.092723 -0.333875 -0.070716 51.000000
0.659901 -0.365735 0.012122 53.000000
-0.278933 -0.224131 -0.030359 50.000000
-0.116796 -0.047126 -0.051600 52.000000
0.175615 -0.091024 -0.150015 50.000000
0.531749 -0.389099 -0.041688 53.000000
0.410678 -0.447865 0.004334 53.000000
0.398641 -0.260949 -0.041688 50.000000
-0.391508 -0.141293 -0.028235 50.000000
-0.159278 -0.358655 -0.043811 51.000000
-0.501958 -0.217759 -0.010534 50.000000
-0.083519 0.185812 0.218155 50.000000
0.460948 0.061201 0.133901 50.000000
0.514756 0.219089 0.213200 50.000000
0.019852 -0.110140 -0.099745 50.000000
-0.491338 -0.360779 0.106288 51.000000
0.001443 -0.379188 -0.109657 50.000000
0.435458 -0.429457 0.024159 53.000000
0.395101 0.502296 -0.145766 50.000000
-0.760385 -0.078987 0.149478 50.000000
0.563609 0.471144 -0.065052 50.000000
0.620959 0.421582 0.039735 50.000000
-0.313625 -0.278649 -0.025403 51.000000
0.494224 -0.403260 -0.011951 53.000000
-0.311501 -0.118637 0.013538 50.000000
-0.640022 0.488844 0.056728 50.000000
0.215973 -0.138461 -0.116029 50.000000
0.449619 -0.063411 -0.048059 50.000000
-0.588337 0.511500 -0.098329 50.000000
-0.509747 -0.074031 0.009290 52.000000
0.191192 0.505129 0.258513 50.000000
-0.638606 0.461940 0.099209 50.000000
-0.125293 0.511500 -0.036023 50.000000
0.186236 -0.119344 -0.119569 50.000000
-0.841099 -0.040047 0.163638 50.000000
-0.819151 -0.226255 0.121157 50.000000
-0.048119 -0.120761 -0.119569 50.000000
0.735658 0.167403 0.139565 50.000000
0.539538 0.149703 0.160098 50.000000
0.350497 0.512209 0.223112 50.000000
0.062333 -0.272984 -0.175503 50.000000
0.056668 0.515040 0.167886 50.000000
0.283942 -0.430872 0.049647 53.000000
-0.158570 -0.399011 0.024159 51.000000
-0.581965 0.358568 0.119033 50.000000
0.471567 -0.146957 -0.099036 50.000000
0.315096 -0.246080 -0.128773 50.000000
0.557945 0.500881 -0.047352 50.000000
-0.657015 -0.066243 0.169302 50.000000
0.205352 -0.148373 -0.131606 50.000000
-0.050951 -0.110140 -0.092665 52.000000
0.156499 -0.149081 -0.149306 50.000000
-0.113256 -0.313342 -0.068592 51.000000
0.745571 0.502296 -0.022570 50.000000
-0.050243 -0.169614 -0.091248 50.000000
0.350497 -0.248204 -0.087708 50.000000
-0.537360 -0.207846 0.022743 50.000000
-0.872960 -0.103768 0.109121 50.000000
-0.757554 -0.309802 0.109828 50.000000
-0.077855 -0.120761 -0.116738 50.000000
0.109770 -0.333166 -0.154262 50.000000
0.637952 -0.122885 0.034779 50.000000
0.174199 0.505836 -0.200992 50.000000
0.448911 0.374145 0.237272 50.000000
0.388022 0.477516 -0.113905 50.000000
0.532457 0.100850 -0.026819 50.000000
0.091361 0.536282 0.316570 50.000000
0.109770 -0.385559 -0.127357 50.000000
0.508384 0.061201 -0.081337 50.000000
0.051712 0.532033 0.394452 50.000000
-0.039622 -0.451405 0.026283 50.000000
0.030472 0.039252 0.086464 50.000000
0.307307 -0.030842 -0.000622 50.000000
0.065165 0.032172 0.016370 50.000000
-0.224415 -0.202891 -0.033191 50.000000
0.579894 -0.015265 -0.008410 50.000000
0.206769 0.493800 -0.143642 50.000000
0.086405 0.043500 0.019910 50.000000
0.382358 -0.390516 -0.099036 53.000000
0.424838 0.510793 -0.095496 50.000000
-0.510455 -0.391223 0.166471 51.000000
-0.008469 -0.288561 -0.107533 50.000000
-0.877917 -0.025886 0.177090 50.000000
0.234381 0.520705 -0.042395 50.000000
-0.559308 0.493092 0.051063 50.000000
0.472983 -0.185898 -0.144350 53.000000
0.220221 0.518581 0.344891 50.000000
-0.076440 0.507960 -0.198868 50.000000
-0.404960 0.035004 0.008582 52.000000
0.516173 0.107930 -0.051600 50.000000
-0.496294 -0.016682 0.039027 52.000000
0.408554 -0.186606 -0.106117 50.000000
0.041092 0.051997 0.100624 50.000000
0.429087 0.054828 0.080800 50.000000
0.352621 -0.269444 -0.072840 50.000000
0.459531 0.322459 0.235857 50.000000
0.100566 -0.367859 -0.109657 50.000000
-0.220875 -0.449281 0.132485 51.000000
0.581311 0.082441 -0.011951 50.000000
0.754775 0.524245 0.128237 50.000000
0.214557 -0.007477 0.039735 50.000000
-0.626570 -0.197934 0.058851 50.000000
-0.087059 0.144039 0.267717 50.000000
-0.686044 -0.210679 0.075136 50.000000
-0.094848 -0.068367 -0.062220 52.000000
0.515465 -0.186606 -0.095496 53.000000
0.509801 0.471851 -0.154262 50.000000
0.434751 -0.268737 -0.081337 50.000000
-0.198926 0.026508 0.059559 52.000000
-0.546564 0.492384 -0.029651 50.000000
0.063041 0.502296 -0.117445 50.000000
0.687514 -0.289269 0.032655 53.000000
0.177739 -0.108724 -0.096205 50.000000
-0.126000 -0.335998 -0.052307 51.000000
0.521837 -0.166074 -0.110365 50.000000
0.225885 0.515040 0.202579 50.000000
-0.230080 -0.353698 -0.005578 51.000000
-0.199635 -0.109432 -0.053016 52.000000
-0.312210 -0.182358 -0.029651 50.000000
-0.406376 0.505836 0.264177 50.000000
-0.309377 -0.411048 -0.000622 51.000000
-0.611702 -0.053499 0.193375 52.000000
-0.315041 -0.171738 -0.016906 50.000000
-0.237160 0.029340 0.085048 52.000000
0.271906 -0.302014 -0.169131 50.000000
-0.438237 0.145455 0.068056 52.000000
0.052420 0.511500 0.375336 50.000000
-0.532403 -0.117928 0.042567 50.000000
0.434751 0.389014 0.145230 50.000000
-0.190431 -0.348034 -0.046643 51.000000
0.477940 -0.306261 -0.129482 53.000000
0.663441 0.210592 0.058144 50.000000
-0.672591 -0.175278 0.074427 50.000000
-0.610993 -0.232627 0.051063 50.000000
-0.142285 0.090229 0.227360 50.000000
-0.361771 0.013763 0.022743 52.000000
-0.254860 -0.096688 0.011414 52.000000
-0.467266 -0.075447 -0.009118 52.000000
0.007815 -0.386976 -0.043103 50.000000
-0.248488 0.081025 0.141689 52.000000
-0.830480 -0.224839 0.053895 50.000000
-0.547980 -0.348743 0.086464 51.000000
0.547326 0.445655 -0.025403 50.000000
-0.179810 -0.442201 0.093545 51.000000
0.225885 -0.454237 -0.011951 53.000000
-0.390091 0.490260 0.083632 50.000000
-0.402836 -0.183066 -0.028235 50.000000
-0.463017 -0.393347 0.091420 51.000000
-0.145825 0.502296 -0.130190 50.000000
-0.128833 0.507252 0.216739 50.000000
0.447494 0.513624 -0.091248 50.000000
0.676893 0.520705 -0.094081 50.000000
-0.288137 -0.086067 0.008582 52.000000
-0.312210 0.089522 0.102749 52.000000
0.070121 -0.129965 -0.140810 50.000000
-0.701620 0.500881 -0.133022 50.000000
-0.073607 -0.355115 -0.061512 51.000000
-0.724277 -0.282189 0.066639 50.000000
-0.698080 -0.140585 0.136734 50.000000
0.315803 0.507252 0.254973 50.000000
0.328548 0.507960 0.254973 50.000000
-0.054491 -0.047835 -0.058680 52.000000
-0.801451 -0.236876 0.084341 50.000000
0.049588 -0.396180 -0.053016 50.000000
0.535997 -0.040754 -0.049476 50.000000
0.335628 0.481056 -0.192495 50.000000
0.516880 -0.227671 -0.090541 53.000000
0.256329 -0.177402 -0.110365 50.000000
0.032596 -0.217051 -0.155679 50.000000
-0.850304 0.515040 -0.108241 50.000000
0.476524 -0.207139 -0.078504 53.000000
0.399350 -0.186606 -0.096205 50.000000
-0.293801 -0.171738 -0.012658 50.000000
0.109770 -0.315466 -0.126649 50.000000
0.305183 -0.176694 -0.119569 50.000000
-0.414164 0.512917 0.237980 50.000000
-0.247072 0.017303 0.078676 52.000000
0.285359 -0.176694 -0.120278 50.000000
-0.079980 0.512917 0.078676 50.000000
0.082865 0.506545 -0.006994 50.000000
-0.067943 0.063325 0.203996 50.000000
0.264118 -0.225547 -0.141518 50.000000
0.378109 -0.384852 -0.058680 53.000000
0.264118 -0.032258 -0.016199 50.000000
0.472276 -0.247495 -0.101161 53.000000
-0.700204 -0.091024 0.174966 50.000000
0.233673 -0.010310 0.001501 50.000000
0.419174 -0.106600 -0.099745 50.000000
0.299519 -0.040047 0.023450 50.000000
0.432626 -0.105892 -0.084877 50.000000
-0.433989 -0.006770 0.031947 52.000000
0.650696 -0.340246 -0.016906 53.000000
-0.462310 -0.261656 0.015662 51.000000
0.138091 0.018719 -0.021155 50.000000
-0.201759 -0.306969 -0.039563 51.000000
0.205352 -0.148373 -0.131606 50.000000
0.176323 -0.167490 -0.140102 50.000000
-0.838268 -0.213511 0.100624 50.000000
-0.087768 0.350780 0.228068 50.000000
0.551574 0.486720 -0.121693 50.000000
-0.719320 0.498756 0.156558 50.000000
-0.791539 -0.066243 0.153726 50.000000
-0.570637 0.490260 0.220279 50.000000
0.138798 -0.401136 -0.158510 50.000000
0.181280 -0.373523 -0.058680 53.000000
-0.483550 0.517164 0.192667 50.000000
0.014895 0.506545 0.027698 50.000000
-0.455937 -0.330334 0.031947 51.000000
0.529625 0.447071 -0.055847 50.000000
0.450327 -0.086067 -0.101869 50.000000
0.590515 -0.113680 -0.054432 50.000000
0.470860 0.408130 0.213200 50.000000
-0.481426 -0.299889 0.077968 51.000000
-0.016966 0.488136 0.009290 50.000000
0.459531 -0.166074 -0.106117 50.000000
-0.487090 -0.076155 -0.023279 52.000000
0.482188 -0.064827 -0.099745 50.000000
-0.568513 -0.234752 0.150894 50.000000
-0.497002 -0.327502 0.126821 51.000000
-0.235035 -0.430872 0.080800 51.000000
0.235089 0.512209 -0.189663 50.000000
-0.118920 0.090937 0.233733 50.000000
-0.506206 0.497341 -0.040979 50.000000
0.615295 0.236789 -0.035315 50.000000
0.565734 -0.311926 -0.076380 53.000000
-0.618074 -0.211387 0.143106 50.000000
-0.174146 0.507960 -0.085584 50.000000
-0.640730 -0.066951 0.162930 52.000000
0.044632 0.515749 0.168595 50.000000
0.127470 -0.100228 -0.134437 50.000000
-0.140161 -0.045711 -0.033191 52.000000
0.748403 0.493800 -0.087708 50.000000
-0.007054 -0.277232 -0.130190 50.000000
0.474400 -0.376355 -0.053724 53.000000
0.505552 0.488136 -0.072132 50.000000
0.407138 0.503712 0.274797 50.000000
-0.180518 0.050580 0.082924 52.000000
-0.078563 -0.024470 -0.026111 52.000000
-0.389384 0.513624 0.245768 50.000000
0.533165 0.445655 0.018494 50.000000
0.140214 -0.389808 -0.095496 50.000000
0.397934 -0.217051 -0.108241 50.000000
0.514756 0.505129 -0.192495 50.000000
-0.002805 0.500172 -0.058680 50.000000
0.166411 -0.158286 -0.136561 50.000000
0.551574 0.177316 0.100624 50.000000
0.475816 -0.370691 -0.098329 53.000000
-0.443901 0.131294 0.048939 52.000000
-0.639315 0.476808 0.058851 50.000000
0.449619 0.061201 0.133194 50.000000
0.117558 -0.026594 -0.057971 50.000000
-0.130957 0.114302 0.227360 50.000000
0.508384 -0.399011 -0.049476 53.000000
0.225177 0.514333 -0.183999 50.000000
-0.311501 0.515040 -0.120985 50.000000
-0.147949 0.040668 0.092128 52.000000
0.060208 -0.081111 -0.128773 50.000000
0.254913 0.519288 0.093545 50.000000
-0.545148 -0.278649 0.082217 51.000000
-0.349026 0.510085 0.241521 50.000000
-0.142285 -0.076863 -0.017615 52.000000
0.591931 -0.145541 -0.089125 50.000000
0.000027 -0.361486 -0.082753 50.000000
0.024099 -0.432997 0.056020 50.000000
0.285359 -0.176694 -0.120278 50.000000
-0.002805 0.522121 -0.067176 50.000000
0.601843 0.512209 -0.196744 50.000000
0.174908 -0.441493 0.046107 50.000000
-0.153613 -0.393347 0.069472 51.000000
0.090654 -0.414589 -0.065052 50.000000
0.471567 -0.267320 -0.106117 53.000000
-0.746933 0.489552 -0.145766 50.000000
0.551574 -0.166074 -0.077796 50.000000
0.455991 0.507252 -0.042395 50.000000
0.028347 -0.039338 -0.087708 50.000000
0.182696 0.506545 0.024867 50.000000
0.002151 -0.120761 -0.133730 50.000000
0.263410 -0.282896 -0.157803 50.000000
0.213140 0.490260 -0.023279 50.000000
0.531041 0.260154 0.163638 50.000000
-0.085644 -0.284313 -0.039563 51.000000
-0.101220 -0.394764 0.001501 51.000000
0.379525 -0.307678 -0.106825 53.000000
0.041092 0.499464 -0.092665 50.000000
0.410678 -0.166781 -0.091248 50.000000
-0.499835 -0.219175 0.058851 50.000000
-0.223707 -0.032258 0.015662 52.000000
0.473691 0.521413 -0.074964 50.000000
0.734243 0.160324 0.177799 50.000000
0.379525 0.518581 0.154434 50.000000
-0.564264 0.496632 0.195499 50.000000
0.027640 -0.409632 -0.031775 50.000000
-0.433989 -0.020929 -0.008410 52.000000
-0.431156 -0.161826 -0.008410 50.000000
0.022683 -0.246080 -0.145766 50.000000
0.208184 -0.066951 -0.072840 50.000000
0.117558 -0.099519 -0.113905 50.000000
-0.004929 0.005267 -0.043103 50.000000
0.520420 -0.311218 -0.082044 53.000000
-0.242824 -0.387683 0.004334 51.000000
0.089237 -0.120052 -0.118861 50.000000
-0.447441 -0.260949 0.007166 51.000000
-0.008469 -0.100936 -0.125233 50.000000
0.419174 -0.297057 -0.111781 53.000000
0.613879 0.210592 0.007874 50.000000
0.050296 0.522829 -0.031067 50.000000
0.505552 0.269358 0.156558 50.000000
0.239337 0.500881 -0.127357 50.000000
0.578478 0.527785 -0.116738 50.000000
-0.266188 -0.367151 0.011414 51.000000
0.341292 -0.309093 -0.084168 53.000000
0.137383 -0.196518 -0.169839 50.000000
-0.119629 -0.200058 -0.099036 50.000000
0.216681 -0.078987 -0.108949 50.000000
-0.491338 -0.129965 -0.006994 50.000000
-0.275393 -0.449990 0.046815 51.000000
0.185527 0.508669 -0.164883 50.000000
-0.359647 -0.409632 0.064515 51.000000
-0.121753 -0.340954 -0.002038 51.000000
-0.230787 0.503005 -0.003454 50.000000
-0.363187 0.515749 0.010706 50.000000
-0.111132 0.264402 0.237980 50.000000
0.527501 0.517164 -0.029651 50.000000
0.202520 -0.436537 -0.055140 53.000000
-0.132373 0.510793 0.030531 50.000000
-0.468681 -0.310509 0.074427 51.000000
-0.199635 -0.311218 0.013538 51.000000
-0.152197 -0.098104 -0.018323 52.000000
-0.057322 -0.179526 -0.118861 50.000000
0.550157 -0.258824 -0.087708 53.000000
0.309432 0.493800 -0.154262 50.000000
0.462363 0.497341 -0.000622 50.000000
0.206060 -0.119344 -0.122402 50.000000
-0.793662 -0.212803 0.097793 50.000000
-0.513287 -0.387683 0.134610 51.000000
0.560778 -0.073323 -0.082753 50.000000
-0.732773 0.515040 0.111953 50.000000
0.449619 -0.297057 -0.113905 53.000000
-0.094848 -0.068367 -0.062220 52.000000
0.108354 -0.047835 -0.072840 50.000000
-0.155030 -0.428041 0.077968 51.000000
0.436875 -0.137044 -0.116029 50.000000
0.526793 -0.355115 -0.060804 53.000000
-0.788706 -0.301305 0.148770 50.000000
-0.518243 -0.311926 0.075136 51.000000
-0.288137 -0.086067 0.008582 52.000000
-0.016966 -0.316173 -0.133730 50.000000
-0.101928 -0.200058 -0.079920 50.000000
0.266950 -0.236876 -0.106825 50.000000
0.552281 0.460523 0.104164 50.000000
-0.044579 0.393261 0.293205 50.000000
0.493516 0.076777 0.058144 50.000000
0.647864 -0.328210 -0.023987 53.000000
-0.041039 -0.321838 -0.080628 51.000000
-0.018382 0.510793 -0.158510 50.000000
-0.027586 -0.110848 -0.133022 50.000000
0.385897 -0.166781 -0.048767 50.000000
0.441830 0.357153 0.117617 50.000000
-0.667635 -0.327502 0.058144 50.000000
0.540245 0.209177 0.153726 50.000000
-0.298049 -0.245371 -0.043103 50.000000
-0.341238 -0.064827 -0.006994 52.000000
-0.557184 -0.129256 0.080092 50.000000
-0.570637 -0.163241 0.118325 50.000000
-0.494878 0.216965 0.123989 50.000000
0.209600 0.503712 0.391620 50.000000
-0.154321 -0.054915 -0.007702 52.000000
0.494932 -0.136337 -0.087001 50.000000
0.299519 -0.137753 -0.077796 50.000000
-0.110424 -0.130673 -0.099036 50.000000
-0.041039 -0.009601 0.027698 50.000000
0.264118 -0.225547 -0.141518 50.000000
-0.009885 -0.309802 -0.093372 50.000000
0.848234 0.525661 -0.064344 50.000000
0.371029 -0.095979 -0.076380 50.000000
0.407846 -0.146957 -0.105409 50.000000
0.635828 0.177316 0.007166 50.000000
0.024807 0.506545 0.064515 50.000000
-0.358231 -0.129965 -0.024695 50.000000
-0.140869 -0.251036 -0.093372 50.000000
-0.190431 0.010223 0.007874 52.000000
-0.570637 -0.163241 0.118325 50.000000
0.360409 -0.217759 -0.085584 50.000000
0.088529 -0.018805 -0.091957 50.000000
-0.610993 -0.078279 0.193375 52.000000
0.480064 -0.216343 -0.111781 53.000000
-0.715072 0.507252 -0.036731 50.000000
0.117558 -0.090315 -0.126649 50.000000
-0.607453 -0.372107 0.182047 50.000000
0.720790 0.085273 0.060268 50.000000
-0.142993 -0.210679 -0.080628 50.000000
-0.106884 -0.067659 -0.050183 52.000000
-0.639315 -0.234043 0.092128 50.000000
0.514049 -0.146249 -0.099036 50.000000
-0.637190 -0.199351 0.121157 50.000000
-0.520367 -0.321130 0.041859 51.000000
0.418466 0.438574 0.188419 50.000000
-0.410624 -0.183066 -0.039563 50.000000
-0.167066 -0.263780 -0.055140 51.000000
-0.680379 -0.128549 0.126113 50.000000
-0.042454 0.501588 0.048939 50.000000
0.109062 -0.292809 -0.167007 50.000000
0.404305 0.523537 0.249309 50.000000
0.567150 -0.187314 -0.059388 53.000000
0.412094 -0.397596 -0.044519 53.000000
-0.124584 -0.241831 -0.060804 50.000000
-0.609578 0.520705 -0.077796 50.000000
-0.366727 -0.300597 -0.035315 51.000000
0.247125 -0.326085 -0.120278 53.000000
0.242170 -0.392640 -0.071424 53.000000
-0.353275 0.512209 -0.034607 50.000000
0.821329 0.507960 0.011414 50.000000
0.235089 -0.226255 -0.135854 50.000000
-0.104052 0.515749 0.085048 50.000000
-0.851720 -0.090315 0.157266 50.000000
0.326424 0.492384 -0.096912 50.000000
-0.467266 0.015179 0.021326 52.000000
-0.901989 -0.239707 0.108413 50.000000
0.517589 0.498756 -0.179043 50.000000
0.008523 -0.447865 -0.061512 50.000000
-0.433280 -0.013141 -0.050892 52.000000
-0.765342 -0.281481 0.034779 50.000000
-0.024046 -0.236167 -0.162758 50.000000
-0.318582 -0.434412 0.091420 51.000000
0.375985 0.495217 -0.128066 50.000000
-0.874377 -0.024470 0.201163 50.000000
-0.106884 0.115010 0.232316 50.000000
0.290314 -0.017389 0.040443 50.000000
0.247834 -0.247495 -0.101869 50.000000
0.645740 0.272190 0.073012 50.000000
-0.081395 -0.011725 0.000794 52.000000
0.542369 -0.287145 -0.122402 53.000000
0.457407 0.501588 -0.158510 50.000000
-0.322829 -0.042878 0.008582 52.000000
-0.049534 0.511500 0.325066 50.000000
0.147295 0.510793 -0.030359 50.000000
-0.205299 -0.245371 -0.017615 50.000000
-0.353275 -0.350867 0.044691 51.000000
-0.106884 -0.067659 -0.050183 52.000000
0.645740 0.272190 0.073012 50.000000
-0.352566 0.041376 0.077260 52.000000
0.592639 -0.271568 -0.053724 53.000000
0.349788 0.491676 -0.166298 50.000000
-0.588337 0.512209 -0.168422 50.000000
0.363949 0.507960 0.123989 50.000000
-0.259108 -0.401844 0.028407 51.000000
0.002151 -0.237583 -0.127357 50.000000
0.225885 -0.118637 -0.113905 50.000000
0.475107 -0.023053 -0.083460 50.000000
0.524669 0.489552 -0.141518 50.000000
0.550866 0.148995 -0.003454 50.000000
-0.565680 -0.266613 0.068056 50.000000
-0.285305 -0.289977 0.000086 51.000000
-0.444609 0.517164 -0.004163 50.000000
0.349788 0.491676 -0.166298 50.000000
0.194024 -0.195811 -0.175503 50.000000
0.186236 -0.167490 -0.128066 50.000000
0.434042 0.423706 0.133901 50.000000
0.259870 -0.299181 -0.082044 50.000000
0.077201 -0.013141 -0.018323 50.000000
0.256329 -0.157577 -0.111073 50.000000
0.582727 -0.227671 -0.085584 53.000000
0.389437 -0.052083 -0.026819 50.000000
0.381649 -0.268737 -0.087001 50.000000
0.181280 0.021551 0.006458 50.000000
-0.132373 -0.150498 -0.006994 50.000000
-0.852428 -0.115804 0.128237 50.000000
0.552990 -0.104476 -0.070716 50.000000
0.138091 -0.226255 -0.134437 50.000000
0.518297 0.462647 -0.004163 50.000000
-0.130248 -0.260240 -0.098329 51.000000
-0.701620 -0.246788 0.077968 50.000000
0.387313 -0.027302 0.031947 50.000000
-0.716489 -0.260240 0.114077 50.000000
0.427670 0.409546 0.175675 50.000000
0.042508 -0.246080 -0.153554 50.000000
0.081449 -0.335290 -0.133022 50.000000
-0.415580 0.506545 -0.065052 50.000000
0.183403 0.505129 0.396577 50.000000
-0.880041 -0.115804 0.123989 50.000000
-0.324954 -0.332458 -0.024695 51.000000
0.010647 -0.339539 -0.095496 50.000000
-0.444609 0.509376 -0.133022 50.000000
0.064457 0.047040 0.053187 50.000000
-0.613118 -0.222007 0.091420 50.000000
-0.407084 -0.172445 -0.053016 50.000000
0.339168 -0.317590 -0.103285 53.000000
0.478648 -0.368567 -0.029651 53.000000
0.223761 -0.167490 -0.153554 50.000000
0.511925 -0.311926 -0.071424 53.000000
0.014187 -0.216343 -0.164883 50.000000
-0.293093 0.001727 0.023450 52.000000
-0.729941 -0.212095 0.113369 50.000000
-0.031834 0.001727 0.040443 50.000000
-0.008469 -0.100936 -0.125233 50.000000
0.011355 -0.298473 -0.110365 50.000000
0.148711 -0.024470 -0.036023 50.000000
-0.072899 0.502296 -0.121693 50.000000
-0.494878 -0.173154 0.004334 50.000000
0.560778 0.195724 0.138149 50.000000
0.170659 -0.381311 -0.082044 50.000000
-0.496294 -0.162533 -0.027527 50.000000
-0.308670 0.515749 0.097084 50.000000
-0.303713 0.001727 0.019203 52.000000
-0.903406 -0.178110 0.141689 50.000000
0.412094 -0.397596 -0.044519 53.000000
-0.408500 0.069697 0.014955 52.000000
0.297395 0.501588 -0.067884 50.000000
-0.178394 0.507960 0.216032 50.000000
0.591931 0.115718 -0.016906 50.000000
-0.059447 -0.280065 -0.097621 51.000000
-0.089892 -0.260240 -0.097621 51.000000
-0.145117 -0.150498 -0.067176 50.000000
0.451743 -0.207139 -0.097621 50.000000
0.157207 -0.079696 -0.115321 50.000000
0.603967 0.312547 -0.003454 50.000000
-0.504082 0.042084 0.058851 52.000000
-0.634358 -0.054206 0.182047 52.000000
0.515465 -0.369983 -0.111781 53.000000
-0.585505 -0.344494 0.158682 50.000000
0.613879 0.210592 0.007874 50.000000
0.357576 -0.176694 -0.105409 50.000000
-0.632942 0.488844 0.196915 50.000000
-0.222999 -0.366443 0.016370 51.000000
-0.900573 -0.052083 0.161514 50.000000
0.088529 -0.018805 -0.091957 50.000000
-0.399296 -0.119344 -0.000622 50.000000
0.606091 0.325999 0.003626 50.000000
0.409969 0.005975 0.035487 50.000000
0.412802 0.496632 -0.099036 50.000000
-0.620197 -0.067659 0.143106 52.000000
0.650696 -0.340246 -0.016906 53.000000
0.531041 0.453443 0.003626 50.000000
-0.489923 -0.151913 -0.011242 50.000000
0.555114 0.490968 -0.002746 50.000000
-0.890661 -0.067659 0.083632 50.000000
0.372445 -0.013141 0.085048 50.000000
0.227301 -0.286437 -0.119569 50.000000
-0.625154 0.521413 0.079384 50.000000
-0.319998 -0.394764 0.047523 51.000000
-0.257692 -0.277232 -0.029651 51.000000
0.280402 -0.399720 -0.099036 53.000000
0.569982 -0.134921 -0.046643 50.000000
0.242170 -0.043586 -0.022570 50.000000
-0.812071 -0.116512 0.105581 50.000000
0.356161 -0.095272 -0.036023 50.000000
-0.675424 0.500172 -0.163467 50.000000
-0.176270 0.514333 0.194083 50.000000
0.227301 -0.098104 -0.094789 50.000000
0.305183 -0.176694 -0.119569 50.000000
-0.109008 0.237497 0.228068 50.000000
-0.430449 0.502296 -0.006286 50.000000
0.528917 -0.320421 -0.091248 53.000000
-0.680379 -0.065535 0.194791 50.000000
-0.497002 0.158199 0.056728 52.000000
-0.343362 0.514333 -0.128773 50.000000
-0.674007 -0.175986 0.111953 50.000000
-0.027586 -0.277941 -0.117445 50.000000
-0.015549 -0.256700 -0.145058 50.000000
-0.385136 -0.008185 0.025574 52.000000
-0.496294 -0.315466 0.126113 51.000000
0.010647 0.014472 0.054604 50.000000
0.056668 0.531325 0.174966 50.000000
0.578478 0.320335 0.037611 50.000000
0.127470 -0.100228 -0.134437 50.000000
-0.612409 0.458399 0.143106 50.000000
0.520420 0.120674 0.126821 50.000000
-0.892785 -0.128549 0.119742 50.000000
-0.259108 0.068989 0.136734 52.000000
-0.243532 -0.017389 0.062392 52.000000
-0.179810 -0.275108 -0.041688 51.000000
-0.273269 -0.074031 0.042567 52.000000
0.110478 -0.478310 0.064515 50.000000
-0.304422 -0.161117 -0.014782 50.000000
0.270490 -0.205015 -0.170547 50.000000
0.436875 0.502296 -0.151430 50.000000
0.209600 -0.348743 -0.092665 53.000000
0.098442 -0.038630 -0.085584 50.000000
-0.069359 -0.209263 -0.101869 50.000000
-0.376639 -0.299889 -0.042395 51.000000
-0.067943 0.484596 0.236564 50.000000
0.225885 -0.187314 -0.125942 50.000000
-0.125293 -0.304138 -0.056556 51.000000
-0.895618 -0.037922 0.181339 50.000000
0.070121 -0.120761 -0.144350 50.000000
0.099149 -0.139877 -0.147890 50.000000
-0.066527 -0.297765 -0.130190 51.000000
0.531749 -0.389099 -0.041688 53.000000
-0.589753 -0.127840 0.136734 50.000000
0.619543 0.107930 0.000086 50.000000
-0.228663 -0.374231 -0.012658 51.000000
0.596179 -0.267320 -0.120278 53.000000
0.213849 -0.157577 -0.155679 50.000000
-0.207423 -0.129256 -0.007702 50.000000
-0.448149 -0.365027 0.043983 51.000000
0.099858 -0.196518 -0.162758 50.000000
0.077909 -0.045711 -0.040979 50.000000
-0.276100 -0.265904 -0.045935 51.000000
-0.274685 -0.108016 -0.002038 52.000000
-0.461602 -0.151913 -0.024695 50.000000
0.014187 -0.188023 -0.162050 50.000000
-0.747641 0.481763 0.085756 50.000000
-0.358231 0.078193 0.098500 52.000000
-0.599665 0.510085 -0.029651 50.000000
-0.530279 -0.233336 0.114785 50.000000
0.443247 0.539113 0.248600 50.000000
0.569274 -0.145541 -0.093372 50.000000
-0.053074 0.519288 0.025574 50.000000
0.519005 -0.115804 -0.123109 50.000000
0.402890 -0.085360 -0.072840 50.000000
-0.601789 0.507960 0.224528 50.000000
-0.313625 -0.278649 -0.025403 51.000000
0.562194 0.524245 0.019910 50.000000
0.330672 -0.040047 0.012830 50.000000
-0.028294 -0.258116 -0.113905 50.000000
-0.815611 0.506545 -0.119569 50.000000
-0.361063 -0.022346 -0.021863 52.000000
-0.814903 -0.189438 0.143814 50.000000
-0.144409 -0.363611 0.005042 51.000000
0.210309 -0.076155 -0.045228 50.000000
0.494932 -0.002521 -0.090541 50.000000
-0.265481 0.495924 -0.064344 50.000000
0.040384 -0.350158 -0.090541 50.000000
0.192608 -0.426624 -0.053724 53.000000
-0.283889 -0.203599 -0.006994 50.000000
-0.368851 0.001018 0.005042 52.000000
-0.751181 -0.116512 0.129653 50.000000
-0.319289 0.504420 -0.183999 50.000000
-0.289553 -0.362195 -0.037439 51.000000
0.128179 -0.025178 -0.043103 50.000000
-0.360354 -0.204306 -0.014075 50.000000
-0.750473 -0.077572 0.192667 50.000000
-0.814195 -0.079696 0.109121 50.000000
0.317927 -0.267320 -0.105409 50.000000
0.270490 0.512209 0.320111 50.000000
-0.244239 -0.276525 -0.039563 51.000000
-0.101220 -0.331750 -0.088417 51.000000
0.579894 -0.015265 -0.008410 50.000000
0.156499 0.511500 -0.095496 50.000000
-0.039622 -0.463442 0.029115 50.000000
-0.087059 0.120674 0.275505 50.000000
0.114018 0.485304 -0.162758 50.000000
0.358992 0.514333 0.184171 50.000000
0.489976 -0.394056 -0.083460 53.000000
-0.103344 0.284934 0.276922 50.000000
-0.098387 0.510085 0.031947 50.000000
-0.108300 0.503712 -0.089125 50.000000
-0.845348 0.499464 -0.114614 50.000000
-0.483550 0.061909 0.029823 52.000000
-0.280349 -0.139877 0.027698 50.000000
-0.424785 0.495924 -0.198868 50.000000
0.051712 -0.120761 -0.155679 50.000000
-0.330618 0.058368 0.135317 52.000000
-0.543732 0.515040 0.262053 50.000000
-0.084935 0.296263 0.211784 50.000000
-0.238575 0.018719 0.092128 52.000000
-0.157154 -0.057747 -0.060096 52.000000
-0.372391 0.035712 0.017786 52.000000
-0.276100 -0.151205 0.007166 50.000000
-0.326370 0.034296 0.014955 52.000000
0.812124 0.512209 -0.053016 50.000000
-0.119629 -0.200058 -0.099036 50.000000
0.328548 -0.257408 -0.101869 50.000000
0.205352 -0.148373 -0.131606 50.000000
0.570690 0.034296 -0.050183 50.000000
0.295978 -0.176694 -0.116738 50.000000
0.492100 -0.095272 -0.101869 50.000000
-0.139453 -0.159701 -0.103285 50.000000
0.546617 0.153243 0.026283 50.000000
-0.780918 -0.249620 0.101333 50.000000
-0.013426 -0.398304 -0.041688 50.000000
0.179156 -0.035090 -0.043811 50.000000
0.750527 0.139791 0.109121 50.000000
-0.223707 0.068280 0.133901 52.000000
0.350497 -0.248204 -0.087708 50.000000
-0.370267 -0.337414 0.020619 51.000000
0.116850 0.524245 0.322942 50.000000
-0.420537 -0.355115 0.074427 51.000000
-0.078563 0.224753 0.300286 50.000000
0.255622 -0.148373 -0.115321 50.000000
0.520420 -0.000397 -0.072840 50.000000
0.412094 -0.349451 -0.099036 53.000000
0.625207 -0.198642 -0.012658 53.000000
-0.395755 -0.205015 -0.010534 50.000000
0.514756 0.219089 0.213200 50.000000
0.246418 -0.128549 -0.111073 50.000000
0.179156 -0.397596 -0.111781 53.000000
-0.057322 0.526369 0.081508 50.000000
-0.643563 0.488844 0.145230 50.000000
0.152959 -0.455654 -0.004163 50.000000
0.286775 -0.276525 -0.116738 50.000000
0.480064 -0.216343 -0.111781 53.000000
0.247834 -0.088191 -0.089125 50.000000
0.615295 0.021551 0.034779 50.000000
0.582018 0.413794 -0.018323 50.000000
-0.487799 0.500881 -0.062928 50.000000
-0.664803 -0.104476 0.121157 50.000000
-0.368851 0.503005 -0.064344 50.000000
-0.111132 0.264402 0.237980 50.000000
0.601135 0.483180 0.041151 50.000000
-0.408500 0.069697 0.014955 52.000000
-0.177686 -0.321130 0.009290 51.000000
0.565734 0.444238 0.005750 50.000000
0.010647 -0.339539 -0.095496 50.000000
-0.419121 0.509376 0.320818 50.000000
0.443247 0.501588 0.174966 50.000000
-0.161401 0.012347 0.030531 52.000000
0.206769 0.493800 -0.143642 50.000000
-0.307253 -0.074031 0.044691 52.000000
-0.135205 -0.386268 0.014955 51.000000
0.645032 -0.239707 -0.064344 53.000000
-0.078563 0.199972 0.302410 50.000000
0.080033 -0.406800 -0.048767 50.000000
0.379525 0.501588 0.367548 50.000000
0.157207 0.536282 0.406489 50.000000
-0.097680 0.250242 0.230900 50.000000
0.267658 -0.277232 -0.108949 50.000000
-0.067943 0.325999 0.289665 50.000000
-0.109716 0.497341 -0.169839 50.000000
0.213849 -0.398304 -0.031067 53.000000
0.191900 -0.373523 -0.055847 53.000000
0.090654 -0.235459 -0.154262 50.000000
-0.244239 0.493800 0.080800 50.000000
0.351204 0.518581 0.118325 50.000000
-0.569220 0.502296 0.166471 50.000000
-0.195386 0.073237 0.182047 52.000000
-0.421245 0.521413 -0.095496 50.000000
0.295978 -0.176694 -0.116738 50.000000
-0.783042 0.490260 -0.033191 50.000000
0.591222 0.038544 -0.014075 50.000000
0.193316 0.037128 0.054604 50.000000
0.508384 -0.399011 -0.049476 53.000000
0.474400 0.501588 -0.062220 50.000000
0.667689 -0.278649 0.049647 53.000000
-0.249196 -0.161117 -0.018323 50.000000
0.276154 -0.449990 -0.043811 53.000000
-0.458062 -0.084651 0.038319 52.000000
0.116142 0.503712 0.172843 50.000000
-0.273269 -0.457069 0.097084 51.000000
0.244294 -0.031550 0.002210 50.000000
0.208184 -0.375647 -0.122402 53.000000
-0.053783 -0.017389 -0.071424 52.000000
0.254206 0.512917 -0.065052 50.000000
-0.472222 0.050580 0.032655 52.000000
-0.122460 -0.312633 -0.077089 51.000000
0.498473 0.262985 0.252140 50.000000
-0.620197 -0.079696 0.144522 52.000000
-0.394340 0.497341 -0.187540 50.000000
0.569274 -0.145541 -0.049476 50.000000
0.138091 -0.004646 -0.048767 50.000000
-0.322829 -0.042878 0.008582 52.000000
0.080033 -0.110848 -0.144350 50.000000
0.580603 -0.430872 0.012830 53.000000
-0.589045 -0.222715 0.135317 50.000000
-0.101928 -0.180234 -0.079920 50.000000
0.252789 -0.434412 -0.072132 53.000000
0.530333 -0.093855 -0.073548 50.000000
-0.038206 -0.208555 -0.116029 50.000000
-0.620906 0.480348 0.121865 50.000000
-0.104760 0.524245 -0.130897 50.000000
0.225177 -0.157577 -0.129482 50.000000
0.831241 0.541946 -0.007702 50.000000
-0.322829 -0.020929 0.007874 52.000000
0.175615 -0.091024 -0.150015 50.000000
0.523961 -0.298473 -0.111073 53.000000
-0.716489 -0.116512 0.114077 50.000000
0.650696 0.221213 0.054604 50.000000
0.549450 -0.217759 -0.089125 53.000000
-0.163525 0.506545 0.301702 50.000000
-0.014133 0.513624 -0.056556 50.000000
-0.058739 0.519288 -0.043103 50.000000
0.568566 -0.123592 -0.007702 50.000000
0.482895 -0.424501 -0.017615 53.000000
-0.462310 -0.183774 -0.022570 50.000000
-0.494878 0.216965 0.123989 50.000000
0.298811 -0.217759 -0.093372 50.000000
0.515465 0.012347 -0.045935 50.000000
0.100566 -0.272277 -0.180459 50.000000
0.545909 0.461231 -0.089832 50.000000
-0.654182 0.408837 0.197623 50.000000
0.630164 0.293431 0.009998 50.000000
0.548741 -0.176694 -0.045935 53.000000
-0.286013 0.501588 -0.183999 50.000000
0.467319 -0.236167 -0.124526 53.000000
0.584142 0.003851 -0.037439 50.000000
0.313679 0.498048 -0.011242 50.000000
-0.461602 -0.151913 -0.024695 50.000000
-0.112548 -0.110140 -0.083460 52.000000
0.186236 -0.149081 -0.134437 50.000000
-0.117505 -0.036506 -0.048059 52.000000
-0.134497 0.477516 0.164346 50.000000
0.121098 -0.469106 0.010706 50.000000
0.158623 -0.057039 -0.060804 50.000000
0.056668 0.515040 0.167886 50.000000
-0.070067 -0.437953 0.006458 51.000000
-0.235744 0.491676 -0.105409 50.000000
-0.257692 -0.419544 0.077260 51.000000
0.683265 0.512917 0.111953 50.000000
0.598303 -0.156162 -0.067176 50.000000
-0.530279 -0.233336 0.114785 50.000000
-0.084935 0.518581 0.132485 50.000000
-0.302297 -0.277941 -0.023987 51.000000
-0.133081 0.213425 0.232316 50.000000
0.225177 -0.313342 -0.151430 50.000000
0.473691 0.521413 -0.074964 50.000000
-0.231496 0.495217 -0.128066 50.000000
0.051712 -0.256700 -0.133022 50.000000
0.555821 0.526369 -0.010534 50.000000
0.247834 -0.088191 -0.089125 50.000000
-0.463017 -0.393347 0.091420 51.000000
-0.446025 -0.413880 0.073012 51.000000
0.494932 -0.376355 -0.057971 53.000000
0.631580 -0.389808 0.034071 53.000000
0.118974 -0.304845 -0.136561 50.000000
0.598303 0.129878 0.005750 50.000000
0.225177 -0.293517 -0.147890 50.000000
-0.754721 -0.272984 0.105581 50.000000
0.566442 -0.435829 0.051771 53.000000
-0.234327 0.510085 -0.053724 50.000000
0.662732 -0.294225 -0.049476 53.000000
-0.574177 0.364233 0.093545 50.000000
0.065165 0.032172 0.016370 50.000000
-0.315041 -0.140585 -0.016906 50.000000
-0.222999 -0.190854 -0.095496 50.000000
-0.406376 0.504420 0.043275 50.000000
-0.109716 0.497341 -0.169839 50.000000
-0.145825 0.497341 -0.044519 50.000000
0.571399 -0.135629 -0.083460 50.000000
-0.845348 -0.052083 0.173550 50.000000
-0.682504 0.481763 0.062392 50.000000
0.419174 -0.106600 -0.099745 50.000000
0.001443 -0.110848 -0.126649 50.000000
0.092069 0.522121 0.315862 50.000000
-0.783751 0.503005 -0.157803 50.000000
-0.118212 -0.306261 -0.028235 51.000000
0.204645 -0.253868 -0.169131 50.000000
-0.043162 -0.088900 -0.067176 52.000000
-0.455229 -0.406800 0.107705 51.000000
0.206060 0.018011 0.082217 50.000000
0.157915 -0.246080 -0.133730 50.000000
-0.145825 0.497341 -0.044519 50.000000
0.070829 -0.356531 -0.120985 50.000000
-0.008469 0.020843 0.009998 50.000000
0.416342 -0.176694 -0.119569 50.000000
0.310139 -0.050666 0.025574 50.000000
0.320051 -0.318297 -0.093372 53.000000
-0.181226 -0.180942 -0.033899 50.000000
0.188360 -0.326794 -0.109657 50.000000
-0.155030 -0.241831 -0.068592 50.000000
0.136674 -0.139877 -0.159218 50.000000
-0.643563 0.476808 -0.108949 50.000000
-0.526031 0.207053 0.061684 52.000000
-0.155030 -0.120052 -0.069299 50.000000
0.264118 -0.032258 -0.016199 50.000000
0.385897 -0.147665 -0.116029 50.000000
-0.722860 0.519288 0.084341 50.000000
-0.715072 0.507252 -0.036731 50.000000
0.629456 -0.357947 -0.052307 53.000000
0.193316 0.037128 0.054604 50.000000
0.598303 0.129878 0.005750 50.000000
-0.741269 -0.212095 0.075844 50.000000
-0.002805 0.522121 -0.067176 50.000000
-0.430449 0.502296 -0.006286 50.000000
0.065165 0.032172 0.016370 50.000000
0.061624 -0.168198 -0.155679 50.000000
0.081449 -0.293517 -0.157094 50.000000
0.641492 0.068280 0.039735 50.000000
-0.412040 -0.425208 0.081508 51.000000
-0.266188 -0.192270 -0.039563 50.000000
-0.351859 -0.441493 0.132485 51.000000
0.688929 -0.222007 0.043275 53.000000
-0.339822 -0.301305 -0.009827 51.000000
0.572814 -0.251036 -0.040271 53.000000
-0.789415 -0.079696 0.116909 50.000000
-0.747641 -0.163950 0.155142 50.000000
-0.037498 -0.052083 -0.133730 52.000000
-0.089183 0.475392 0.203996 50.000000
0.055960 0.503712 0.213908 50.000000
0.397934 -0.217051 -0.108241 50.000000
0.310139 -0.127132 -0.073548 50.000000
-0.230787 -0.257408 0.004334 51.000000
0.267658 -0.346618 -0.115321 53.000000
0.181280 0.000311 0.003626 50.000000
0.321467 -0.071907 0.029823 50.000000
0.084989 0.496632 -0.192495 50.000000
0.119682 -0.326794 -0.116738 50.000000
0.368904 -0.197227 -0.098329 50.000000
-0.088475 0.507960 0.180631 50.000000
0.541662 0.146870 0.058851 50.000000
-0.240699 0.003143 0.043275 52.000000
0.458823 0.334496 0.231608 50.000000
0.477940 -0.306261 -0.129482 53.000000
0.372445 -0.268737 -0.077796 50.000000
-0.465850 -0.285021 0.026991 51.000000
0.649280 -0.198642 -0.009827 53.000000
0.523253 0.032172 -0.061512 50.000000
-0.315041 -0.171738 -0.016906 50.000000
0.062333 -0.177402 -0.178335 50.000000
-0.283889 0.502296 0.320818 50.000000
0.061624 -0.197227 -0.146474 50.000000
-0.648519 0.520705 0.070180 50.000000
0.202520 0.535573 0.224528 50.000000
0.587682 0.145455 -0.037439 50.000000
0.615295 0.204220 -0.028235 50.000000
0.571399 0.228293 0.182755 50.000000
-0.538776 -0.141293 0.026991 50.000000
0.611755 0.388305 0.011414 50.000000
0.425547 0.008099 0.060268 50.000000
-0.199635 0.504420 -0.130897 50.000000
-0.256276 0.090229 0.119033 52.000000
0.259162 -0.348034 -0.098329 53.000000
0.494932 -0.425208 -0.012658 53.000000
0.545202 -0.291393 -0.067176 53.000000
0.127470 -0.149081 -0.132313 50.000000
-0.417704 -0.151913 -0.054432 50.000000
-0.167774 0.027924 0.077260 52.000000
-0.606745 0.470435 0.004334 50.000000
0.041092 -0.298473 -0.106825 50.000000
0.332796 -0.106600 -0.057264 50.000000
-0.322122 0.522121 0.379584 50.000000
-0.058739 0.509376 0.273382 50.000000
-0.447441 -0.308385 0.045399 51.000000
-0.064403 0.389014 0.226652 50.000000
-0.416997 -0.096688 0.021326 52.000000
-0.206007 -0.087484 -0.020446 52.000000
-0.513995 0.207053 0.061684 52.000000
-0.007761 0.499464 -0.157094 50.000000
0.088529 -0.018805 -0.091957 50.000000
0.349788 -0.318297 -0.100453 53.000000
0.166411 -0.089608 -0.120278 50.000000
-0.383720 -0.215635 -0.013367 50.000000
0.631580 -0.207846 -0.071424 53.000000
0.612464 0.060492 -0.021155 50.000000
0.536705 0.503005 -0.140810 50.000000
0.369613 -0.073323 -0.013367 50.000000
0.100566 -0.406800 -0.044519 50.000000
-0.116088 -0.078279 -0.057264 52.000000
-0.446025 -0.413880 0.073012 51.000000
0.346956 -0.395472 -0.133730 53.000000
-0.014842 0.504420 -0.203823 50.000000
-0.400004 0.501588 0.297454 50.000000
-0.017673 0.019427 -0.005578 50.000000
0.100566 -0.376355 -0.120985 50.000000
-0.872253 -0.117220 0.079384 50.000000
0.127470 -0.049250 -0.101161 50.000000
-0.619490 0.500881 0.194083 50.000000
-0.044579 0.429370 0.278337 50.000000
-0.761802 -0.175986 0.058851 50.000000
-0.290969 -0.267320 -0.026819 51.000000
0.400765 -0.268028 -0.097621 50.000000
-0.453813 0.051997 0.053187 52.000000
-0.641439 0.488844 0.099209 50.000000
-0.043870 0.437867 0.262053 50.000000
-0.055907 -0.198642 -0.137978 50.000000
-0.626570 -0.101644 0.240104 50.000000
-0.701620 0.500881 -0.133022 50.000000
-0.906946 -0.103768 0.116201 50.000000
-0.433280 -0.013141 -0.050892 52.000000
-0.620197 0.507960 -0.043103 50.000000
-0.821275 -0.153329 0.126113 50.000000
-0.091308 0.513624 0.078676 50.000000
0.510508 0.286351 0.177090 50.000000
-0.099804 -0.382019 -0.010534 51.000000
0.616712 0.216256 -0.025403 50.000000
0.118266 -0.149081 -0.154262 50.000000
-0.552936 -0.032966 0.138149 52.000000
-0.096263 0.522121 0.267009 50.000000
-0.361063 -0.440077 0.119033 51.000000
0.636535 0.166695 0.011414 50.000000
-0.611702 -0.053499 0.193375 52.000000
-0.906946 -0.103768 0.116201 50.000000
-0.815611 -0.235459 0.024867 50.000000
0.147295 -0.226255 -0.144350 50.000000
-0.058739 0.519288 -0.043103 50.000000
0.335628 0.493800 0.086464 50.000000
-0.528864 -0.361486 0.104164 51.000000
0.552281 -0.124301 -0.029651 50.000000
-0.116796 -0.016682 -0.058680 52.000000
-0.829063 0.502296 0.034071 50.000000
0.322175 0.500172 -0.040271 50.000000
0.426962 -0.137044 -0.116738 50.000000
-0.494170 -0.338122 0.117617 51.000000
-0.019090 -0.041462 -0.125942 50.000000
0.070121 -0.100936 -0.130897 50.000000
0.407138 -0.226255 -0.114614 50.000000
0.225885 0.504420 -0.179043 50.000000
-0.484259 -0.243248 0.087172 51.000000
-0.450981 0.073237 0.039027 52.000000
0.169244 -0.045711 -0.045935 50.000000
-0.622322 -0.323254 0.187711 50.000000
-0.323538 0.015887 0.056728 52.000000
-0.716489 -0.116512 0.114077 50.000000
-0.037498 -0.140585 -0.127357 50.000000
-0.115380 -0.179526 -0.134437 50.000000
-0.289553 0.497341 -0.165591 50.000000
0.039675 -0.403260 -0.075672 50.000000
0.602551 -0.145541 -0.090541 50.000000
0.333504 -0.116512 -0.049476 50.000000
-0.567804 -0.105184 0.110537 50.000000
0.138091 0.028631 -0.027527 50.000000
0.127470 -0.069075 -0.096912 50.000000
0.128886 -0.333875 -0.142934 50.000000
-0.108300 0.503712 -0.089125 50.000000
-0.043162 -0.365735 -0.053724 51.000000
-0.078563 0.298387 0.279753 50.000000
-0.015549 -0.025178 -0.031775 50.000000
-0.148657 0.503712 -0.188247 50.000000
-0.091308 -0.159701 -0.088417 50.000000
-0.088475 -0.189438 -0.110365 50.000000
-0.463017 -0.251036 0.017786 51.000000
-0.540900 0.498756 0.116909 50.000000
-0.501251 0.497341 0.213200 50.000000
0.160747 0.058368 0.051771 50.000000
0.419174 -0.106600 -0.099745 50.000000
-0.418412 0.090937 0.007166 52.000000
0.549450 -0.207139 -0.087708 53.000000
0.471567 0.318919 0.162222 50.000000
-0.749766 -0.176694 0.128237 50.000000
0.453159 0.321752 0.123989 50.000000
-0.064403 -0.356531 -0.048059 51.000000
0.452451 -0.414589 -0.002746 53.000000
0.562902 0.194308 -0.005578 50.000000
0.469443 0.462647 -0.139394 50.000000
0.099149 -0.090315 -0.125942 50.000000
-0.538776 -0.141293 0.026991 50.000000
-0.397172 -0.129965 -0.006994 50.000000
0.213849 -0.157577 -0.155679 50.000000
0.403598 -0.064827 -0.069299 50.000000
0.471567 -0.176694 -0.101161 50.000000
-0.319289 0.504420 -0.183999 50.000000
0.439706 -0.425917 -0.073548 53.000000
0.506261 -0.319714 -0.096912 53.000000
-0.138037 -0.336706 -0.043103 51.000000
0.281819 -0.391223 -0.082044 53.000000
-0.620906 -0.163241 0.043275 50.000000
-0.102636 -0.150498 -0.077796 50.000000
0.080741 -0.168198 -0.169839 50.000000
0.633704 -0.230503 -0.025403 53.000000
-0.671176 0.517164 0.094960 50.000000
-0.036082 0.498048 -0.191787 50.000000
-0.870836 -0.115804 0.136025 50.000000
0.373861 -0.432289 -0.092665 53.000000
0.392977 0.516457 0.367548 50.000000
-0.159985 -0.108724 -0.036731 52.000000
0.431918 -0.298473 -0.098329 53.000000
-0.710116 -0.256700 0.035487 50.000000
-0.701620 -0.127840 0.144522 50.000000
-0.215919 -0.255992 -0.018323 50.000000
0.595470 0.172359 -0.009827 50.000000
-0.348319 0.510085 0.113369 50.000000
0.359700 0.519997 0.084341 50.000000
-0.077855 0.513624 0.198331 50.000000
-0.303006 0.016596 0.067348 52.000000
0.422714 -0.003937 0.046107 50.000000
0.591931 -0.025886 -0.007702 50.000000
0.109062 -0.158286 -0.143642 50.000000
0.598303 0.129878 0.005750 50.000000
0.090654 -0.306261 -0.120278 50.000000
-0.557892 0.334496 0.133194 50.000000
0.347664 -0.356531 -0.119569 53.000000
-0.398588 -0.340246 0.036902 51.000000
-0.341238 0.014472 0.033362 52.000000
0.549450 -0.207139 -0.087708 53.000000
0.239337 0.500881 -0.127357 50.000000
0.480772 0.010223 -0.057264 50.000000
0.099149 -0.080403 -0.113197 50.000000
-0.162109 -0.391223 0.053187 51.000000
-0.350442 -0.382728 0.028407 51.000000
-0.586921 -0.197934 0.091420 50.000000
0.419174 -0.297057 -0.111781 53.000000
0.414926 -0.146957 -0.124526 50.000000
0.277571 -0.236876 -0.106117 50.000000
0.454575 -0.294933 -0.142226 53.000000
0.242170 -0.043586 -0.022570 50.000000
-0.352566 0.098726 0.174259 52.000000
-0.557184 -0.360071 0.074427 50.000000
-0.326370 0.034296 0.014955 52.000000
-0.405668 -0.151913 -0.018323 50.000000
-0.328494 -0.266613 -0.055140 51.000000
0.100566 -0.316173 -0.122402 50.000000
0.623792 0.126338 -0.028943 50.000000
0.532457 0.090229 -0.027527 50.000000
-0.874377 -0.024470 0.201163 50.000000
-0.539483 -0.208555 0.065932 50.000000
0.384481 -0.432997 -0.091957 53.000000
-0.083519 -0.069075 -0.072840 52.000000
0.082157 0.511500 0.043275 50.000000
0.358285 0.494508 0.298162 50.000000
0.345540 -0.325378 -0.132313 53.000000
0.271198 -0.448573 0.019203 53.000000
0.322175 -0.177402 -0.062220 50.000000
-0.450273 0.515040 0.334271 50.000000
-0.277516 -0.050666 0.064515 52.000000
0.287483 -0.040754 0.012830 50.000000
-0.621614 0.476099 0.253556 50.000000
0.451035 -0.156162 -0.097621 50.000000
-0.208838 -0.342370 0.000086 51.000000
-0.784458 -0.052790 0.170010 50.000000
0.616003 0.127754 -0.014782 50.000000
-0.085644 -0.027302 -0.060096 52.000000
0.497056 -0.105184 -0.077796 50.000000
-0.432573 -0.205723 -0.004870 50.000000
0.640784 0.151827 -0.011951 50.000000
0.196148 -0.245371 -0.136561 50.000000
-0.279640 -0.182358 -0.026111 50.000000
0.450327 -0.086067 -0.101869 50.000000
-0.258400 -0.379188 0.025574 51.000000
-0.375932 0.017303 -0.056556 52.000000
-0.361771 0.073944 0.061684 52.000000
0.361825 -0.166781 -0.074256 50.000000
-0.761802 -0.141293 0.058851 50.000000
0.827701 0.527785 -0.050183 50.000000
-0.092723 0.423706 0.254973 50.000000
-0.188306 -0.263780 -0.053724 51.000000
-0.499835 0.124923 0.073012 52.000000
-0.316458 -0.074031 0.034071 52.000000
0.440415 -0.196518 -0.101869 50.000000
0.444663 -0.043586 -0.073548 50.000000
-0.095556 0.210592 0.216739 50.000000
-0.407792 -0.417420 0.114077 51.000000
-0.326370 -0.076863 -0.019739 52.000000
-0.062987 0.515040 -0.120278 50.000000
0.358992 -0.236876 -0.100453 50.000000
-0.640022 -0.307678 0.125406 50.000000
0.240753 -0.370691 -0.083460 53.000000
0.602551 -0.338830 -0.023279 53.000000
0.070829 -0.401136 -0.090541 50.000000
0.341292 -0.083236 0.013538 50.000000
0.104813 0.499464 -0.026111 50.000000
0.272614 0.509376 0.180631 50.000000
-0.589753 -0.289977 0.061684 50.000000
0.298811 -0.029426 0.018494 50.000000
0.535997 -0.146249 -0.094789 50.000000
-0.508331 0.032172 0.071596 52.000000
-0.064403 0.364941 0.233024 50.000000
0.577063 0.225461 0.097793 50.000000
0.157915 -0.246080 -0.133730 50.000000
0.194024 -0.195811 -0.175503 50.000000
-0.746933 -0.234752 0.056728 50.000000
0.700966 0.544777 -0.139394 50.000000
-0.063695 -0.386976 -0.055140 51.000000
0.160039 0.032172 0.005750 50.000000
-0.398588 -0.161826 -0.041688 50.000000
0.402181 -0.429457 -0.045228 53.000000
0.481480 -0.085360 -0.100453 50.000000
-0.097680 -0.369275 -0.027527 51.000000
-0.218751 -0.171030 -0.062220 50.000000
0.070829 -0.207139 -0.137978 50.000000
0.764687 0.510085 -0.002746 50.000000
0.358992 -0.226963 -0.099036 50.000000
0.231549 0.495217 -0.077796 50.000000
0.231549 0.495217 -0.077796 50.000000
0.407846 -0.236876 -0.112489 50.000000
-0.258400 0.017303 0.075844 52.000000
-0.275393 0.507960 -0.134437 50.000000
-0.133081 0.200680 0.230192 50.000000
-0.614533 0.510793 0.091420 50.000000
-0.629402 -0.163241 0.099916 50.000000
-0.104760 0.524245 -0.130897 50.000000
0.535289 0.478224 -0.036731 50.000000
0.476524 -0.156162 -0.126649 50.000000
0.574938 0.396094 0.005042 50.000000
0.247125 -0.296349 -0.117445 50.000000
-0.707284 -0.175986 0.125406 50.000000
-0.065819 0.037128 0.181339 52.000000
-0.563556 -0.341663 0.133194 51.000000
-0.117505 -0.067659 -0.046643 52.000000
-0.070775 -0.342370 -0.082753 51.000000
0.538121 0.160324 0.150186 50.000000
-0.362479 -0.280065 -0.009118 51.000000
0.272614 0.509376 0.180631 50.000000
-0.235744 -0.340246 -0.030359 51.000000
-0.155030 -0.023053 -0.009827 52.000000
-0.709408 -0.309802 0.128237 50.000000
-0.407084 -0.151913 -0.053016 50.000000
0.480064 -0.256700 -0.113905 53.000000
-0.196802 0.047040 0.041859 52.000000
0.127470 -0.049250 -0.101161 50.000000
0.634412 0.058368 0.058144 50.000000
0.469443 -0.287145 -0.117445 53.000000
0.465903 0.388305 0.187003 50.000000
0.465903 -0.136337 -0.074964 50.000000
-0.742685 -0.128549 0.110537 50.000000
-0.749766 -0.176694 0.128237 50.000000
0.194732 -0.177402 -0.152846 50.000000
-0.008469 -0.328210 -0.112489 50.000000
0.165703 0.488136 -0.156386 50.000000
0.681141 0.486012 0.111245 50.000000
-0.629402 0.498048 -0.152846 50.000000
-0.489923 -0.274401 0.026283 51.000000
-0.521783 0.188644 0.092128 52.000000
-0.613826 0.506545 0.264177 50.000000
0.287483 -0.040754 0.012830 50.000000
-0.630110 0.498756 0.184171 50.000000
-0.317165 0.517164 -0.149306 50.000000
-0.613826 0.506545 0.264177 50.000000
0.070829 -0.356531 -0.120985 50.000000
-0.666219 -0.222007 0.058144 50.000000
0.521837 -0.062703 -0.065052 50.000000
0.654236 -0.188023 0.008582 53.000000
0.558654 -0.145541 -0.048059 50.000000
-0.533819 -0.267320 0.086464 51.000000
-0.167066 -0.170322 -0.058680 50.000000
0.136674 -0.158286 -0.172671 50.000000
-0.389384 0.513624 0.245768 50.000000
-0.003514 -0.421669 -0.025403 50.000000
0.287483 -0.040754 0.012830 50.000000
-0.175562 -0.222007 -0.068592 50.000000
-0.199635 -0.452113 -0.063635 51.000000
-0.140161 -0.045711 -0.033191 52.000000
0.298103 -0.187314 -0.091957 50.000000
0.455991 -0.310509 -0.082044 53.000000
0.071536 -0.196518 -0.174086 50.000000
0.431211 -0.257408 -0.098329 50.000000
0.585558 0.515749 -0.082753 50.000000
-0.746225 -0.324670 0.148770 50.000000
0.572814 -0.300597 -0.089125 53.000000
0.401474 -0.298473 -0.096912 53.000000
-0.442485 -0.284313 0.027698 51.000000
0.485019 0.496632 -0.178335 50.000000
0.031180 0.488844 -0.089125 50.000000
0.220221 0.518581 0.344891 50.000000
-0.727108 0.512917 0.061684 50.000000
-0.702328 -0.296349 0.111953 50.000000
0.027640 -0.008185 -0.083460 50.000000
0.091361 0.536282 0.316570 50.000000
-0.360354 -0.204306 -0.014075 50.000000
-0.432573 -0.018098 0.026991 52.000000
0.283235 0.500172 -0.101869 50.000000
-0.263357 -0.118637 -0.001330 50.000000
-0.184058 -0.435829 0.046107 51.000000
0.146587 -0.177402 -0.155679 50.000000
-0.003514 0.042084 0.110537 50.000000
0.625207 -0.198642 -0.012658 53.000000
0.169244 -0.045711 -0.045935 50.000000
0.051712 0.532033 0.394452 50.000000
0.761855 0.507252 0.112661 50.000000
0.383773 -0.085360 -0.062928 50.000000
0.343416 0.519288 0.046107 50.000000
-0.226539 0.517164 0.283293 50.000000
-0.009178 -0.120052 -0.113905 50.000000
-0.227956 0.496632 0.051771 50.000000
-0.167066 -0.088900 -0.062928 52.000000
-0.593293 -0.244664 0.073720 50.000000
-0.511871 0.514333 -0.067884 50.000000
-0.543024 0.500172 -0.043811 50.000000
0.531041 0.247409 0.162930 50.000000
0.559362 -0.313342 -0.057264 53.000000
0.574938 0.183688 -0.003454 50.000000
0.471567 0.318919 0.162222 50.000000
0.523961 0.498756 -0.148598 50.000000
-0.094848 -0.140585 -0.140810 50.000000
0.169244 -0.014558 -0.043811 50.000000
0.043924 -0.206430 -0.185415 50.000000
-0.349735 -0.019514 0.023450 52.000000
-0.186891 -0.001813 -0.013367 52.000000
-0.749057 -0.238292 0.158682 50.000000
-0.111841 -0.384143 0.002918 51.000000
-0.077147 -0.229088 -0.123109 50.000000
0.300935 0.543361 0.371796 50.000000
0.459531 -0.412465 -0.022570 53.000000
0.142338 -0.449281 0.025574 50.000000
-0.172730 0.132711 0.268425 50.000000
-0.199635 -0.368567 -0.054432 51.000000
0.058793 -0.059163 -0.094789 50.000000
0.340584 -0.378479 -0.103993 53.000000
0.454575 -0.448573 0.003626 53.000000
-0.089892 0.027215 0.075136 52.000000
-0.157154 0.140499 0.240104 50.000000
0.540245 -0.341663 -0.094081 53.000000
-0.007761 -0.158993 -0.126649 50.000000
-0.155030 -0.120052 -0.069299 50.000000
-0.508331 -0.335290 0.080800 51.000000
-0.317165 0.103681 0.123281 52.000000
0.369613 0.493800 -0.098329 50.000000
-0.484259 -0.243248 0.087172 51.000000
-0.807823 -0.076863 0.190543 50.000000
-0.753305 0.523537 0.087172 50.000000
0.491392 0.290598 0.141689 50.000000
-0.541607 -0.264488 0.035487 50.000000
0.316511 -0.375647 -0.045228 53.000000
-0.261940 -0.370691 0.046815 51.000000
-0.073607 0.501588 0.010706 50.000000
0.323591 -0.215635 -0.136561 50.000000
0.584851 0.030048 0.007874 50.000000
-0.211671 -0.233336 -0.040979 50.000000
0.343416 -0.401844 -0.084168 53.000000
0.258453 0.506545 -0.146474 50.000000
0.175615 -0.091024 -0.150015 50.000000
0.541662 -0.020929 -0.075672 50.000000
-0.809239 -0.115804 0.130361 50.000000
0.532457 0.094477 -0.074964 50.000000
-0.709408 -0.188023 0.131070 50.000000
0.554406 -0.228379 -0.070008 53.000000
0.371029 -0.095979 -0.076380 50.000000
-0.744102 0.506545 0.034779 50.000000
-0.107592 -0.259532 -0.116029 51.000000
0.344832 -0.095272 -0.042395 50.000000
-0.613118 -0.222007 0.091420 50.000000
0.733534 0.503712 0.201163 50.000000
0.506968 0.100850 0.065223 50.000000
0.162871 -0.422377 -0.011951 50.000000
-0.207423 -0.470522 0.048231 51.000000
0.585558 0.008099 0.009998 50.000000
0.460948 -0.146957 -0.099745 50.000000
0.469443 -0.095979 -0.106825 50.000000
0.267658 -0.277232 -0.108949 50.000000
0.302351 0.005267 0.051063 50.000000
0.596179 0.161739 -0.006994 50.000000
-0.220167 -0.459901 0.128237 51.000000
0.070829 -0.348034 -0.104701 50.000000
0.073661 0.488844 -0.120985 50.000000
-0.098387 -0.249620 -0.108949 50.000000
0.485019 0.468311 -0.055847 50.000000
-0.701620 -0.127840 0.144522 50.000000
-0.116796 -0.219175 -0.123109 50.000000
-0.256276 0.090229 0.119033 52.000000
-0.518951 0.221213 0.075136 50.000000
-0.079980 0.512209 -0.158510 50.000000
-0.759678 -0.164657 0.086464 50.000000
-0.244239 0.055537 0.119742 52.000000
0.501304 0.085981 0.039027 50.000000
0.052420 -0.324670 -0.141518 50.000000
0.097733 0.017303 -0.032483 50.000000
-0.201050 0.500172 0.030531 50.000000
0.783804 0.503712 0.185587 50.000000
0.519005 0.040668 -0.082044 50.000000
0.396517 -0.393347 -0.077089 53.000000
-0.480010 -0.207139 0.034779 50.000000
0.011355 -0.298473 -0.110365 50.000000
0.376693 -0.074031 -0.042395 50.000000
0.521837 -0.197227 -0.065760 53.000000
0.265534 -0.255992 -0.128066 50.000000
0.146587 -0.177402 -0.155679 50.000000
-0.003514 0.042084 0.110537 50.000000
-0.011302 0.512917 0.332147 50.000000
-0.058031 -0.309093 -0.108949 51.000000
-0.429741 -0.194394 -0.014075 50.000000
0.615295 -0.314757 -0.055847 53.000000
0.601843 -0.001105 0.029115 50.000000
0.314387 0.512209 0.105581 50.000000
-0.497711 -0.323962 0.087172 51.000000
-0.841808 -0.053499 0.134610 50.000000
-0.358231 0.095186 0.147354 52.000000
-0.797910 -0.091024 0.137441 50.000000
-0.446025 -0.239000 0.002210 51.000000
0.119682 -0.333875 -0.142226 50.000000
-0.620906 -0.372107 0.180631 50.000000
0.745571 0.528493 0.188419 50.000000
0.523253 0.032172 -0.061512 50.000000
0.081449 0.493800 0.103457 50.000000
0.438290 -0.256700 -0.116738 53.000000
0.584142 -0.219175 -0.038855 53.000000
0.042508 -0.102352 -0.176211 50.000000
-0.636482 -0.270861 0.119033 50.000000
-0.416288 0.513624 0.030531 50.000000
0.608923 0.408837 0.042567 50.000000
0.800088 0.522829 -0.016906 50.000000
0.080741 -0.187314 -0.178335 50.000000
0.252789 0.515749 0.242936 50.000000
0.831241 0.493092 0.043983 50.000000
0.168535 -0.036506 -0.060096 50.000000
-0.185474 0.047040 0.043275 52.000000
0.517589 0.105098 0.007166 50.000000
-0.275393 0.115010 0.217448 52.000000
0.421298 -0.137044 -0.087708 50.000000
-0.696664 -0.187314 0.068056 50.000000
-0.203883 -0.319006 -0.026819 51.000000
-0.830480 -0.103768 0.113369 50.000000
0.427670 0.042792 0.071596 50.000000
0.608923 0.455567 0.031238 50.000000
0.067997 -0.452113 0.039735 50.000000
-0.502667 -0.311218 0.065223 51.000000
0.587682 0.432203 0.000086 50.000000
-0.424076 -0.076863 -0.036023 52.000000
0.078617 -0.068367 -0.082044 50.000000
-0.421952 0.081733 0.019910 52.000000
-0.208838 -0.171030 0.003626 50.000000
0.405014 0.501588 0.361884 50.000000
0.422714 -0.389808 -0.105409 53.000000
-0.050243 -0.189438 -0.094081 50.000000
-0.423368 0.520705 -0.130897 50.000000
0.572814 -0.251036 -0.040271 53.000000
0.168535 -0.316882 -0.111781 50.000000
-0.219459 -0.118637 -0.003454 50.000000
0.099858 -0.205723 -0.174086 50.000000
0.148002 -0.314757 -0.138686 50.000000
-0.060155 -0.340954 -0.090541 51.000000
0.555821 -0.237583 -0.106825 53.000000
0.610339 -0.302014 -0.074256 53.000000
0.169244 -0.045711 -0.045935 50.000000
-0.339114 -0.236876 -0.009827 50.000000
-0.307253 -0.301305 -0.003454 51.000000
0.207476 -0.276525 -0.116029 50.000000
-0.237868 -0.212095 -0.074256 50.000000
-0.870836 -0.115804 0.136025 50.000000
-0.069359 0.039960 0.092836 52.000000
0.500596 0.020136 -0.066468 50.000000
-0.421952 0.081733 0.019910 52.000000
-0.273269 0.052704 0.090005 52.000000
-0.145117 0.523537 0.030531 50.000000
-0.230787 -0.076155 -0.004163 52.000000
0.383065 -0.105892 -0.065760 50.000000
0.516173 -0.053499 -0.089125 50.000000
-0.753305 0.523537 0.087172 50.000000
-0.632234 -0.258116 0.108413 50.000000
0.317220 -0.286437 -0.112489 50.000000
-0.092016 -0.428041 0.010706 51.000000
-0.441069 -0.215635 -0.053016 50.000000
-0.167066 0.037836 0.068763 52.000000
0.104813 0.513624 0.162222 50.000000
0.494224 -0.403260 -0.011951 53.000000
-0.230080 -0.407508 -0.006994 51.000000
-0.672591 0.510085 0.026991 50.000000
0.317220 -0.207139 -0.104701 50.000000
-0.585505 -0.344494 0.158682 50.000000
0.032596 -0.255992 -0.146474 50.000000
0.258453 -0.087484 -0.084877 50.000000
0.520420 -0.146249 -0.117445 50.000000
0.032596 -0.217051 -0.155679 50.000000
-0.361771 0.073944 0.061684 52.000000
0.027640 0.524953 -0.023987 50.000000
-0.121753 -0.472646 0.076552 51.000000
-0.819151 -0.316882 0.182755 50.000000
0.121098 -0.449990 0.027698 50.000000
-0.640730 0.411670 0.158682 50.000000
0.437582 0.454151 0.148770 50.000000
0.145171 0.486012 -0.161343 50.000000
-0.784458 -0.153329 0.077260 50.000000
-0.442485 -0.284313 0.027698 51.000000
0.519713 0.470435 -0.055847 50.000000
-0.373099 -0.076155 -0.015491 52.000000
0.362533 -0.360071 -0.088417 53.000000
0.234381 -0.119344 -0.132313 50.000000
0.625207 0.155367 0.015662 50.000000
-0.346902 -0.045002 -0.030359 52.000000
-0.376639 0.491676 -0.026819 50.000000
0.246418 -0.187314 -0.116738 50.000000
-0.092016 0.064032 0.212491 52.000000
0.081449 -0.225547 -0.170547 50.000000
-0.691000 -0.103768 0.153018 50.000000
0.093485 0.505129 0.060975 50.000000
0.295271 -0.265904 -0.127357 50.000000
-0.900573 -0.052083 0.161514 50.000000
0.391561 0.530617 0.148770 50.000000
0.645740 0.081733 0.056020 50.000000
-0.286013 0.493092 0.337103 50.000000
-0.322122 0.498756 -0.167715 50.000000
-0.411333 0.529909 0.161514 50.000000
-0.665511 -0.234752 0.090005 50.000000
0.513341 -0.277941 -0.109657 53.000000
-0.303713 0.079609 0.119033 52.000000
-0.746933 -0.234752 0.056728 50.000000
0.394393 -0.095272 -0.063635 50.000000
0.296687 0.490968 0.044691 50.000000
-0.343362 -0.171738 -0.038855 50.000000
0.544493 -0.185898 -0.105409 53.000000
0.060208 -0.404676 -0.065760 50.000000
-0.045994 0.499464 -0.189663 50.000000
-0.761094 0.488844 -0.113905 50.000000
0.070829 -0.348034 -0.104701 50.000000
0.579187 -0.289269 -0.106117 53.000000
-0.335574 -0.028010 0.063099 52.000000
0.608215 0.118550 0.000794 50.000000
-0.108300 0.507252 0.263469 50.000000
0.613879 -0.360071 -0.026111 53.000000
-0.029710 -0.168905 -0.101161 50.000000
-0.309377 -0.007477 0.046107 52.000000
-0.620906 0.381225 0.150186 50.000000
0.517589 -0.366443 -0.053724 53.000000
-0.145825 -0.140585 -0.062928 50.000000
-0.604621 0.390430 0.138858 50.000000
0.246418 -0.128549 -0.111073 50.000000
-0.353275 -0.256700 -0.043103 51.000000
0.398641 -0.260949 -0.041688 50.000000
-0.203883 -0.276525 -0.026111 51.000000
-0.068651 -0.249620 -0.103285 50.000000
0.157915 -0.016682 -0.068592 50.000000
0.399350 -0.052790 -0.032483 50.000000
0.625207 0.155367 0.015662 50.000000
-0.069359 0.293431 0.319402 50.000000
-0.116088 -0.431581 0.031238 51.000000
0.439706 -0.425917 -0.073548 53.000000
0.153667 0.493092 -0.202408 50.000000
0.193316 0.037128 0.054604 50.000000
0.315803 0.503005 -0.099745 50.000000
0.520420 0.120674 0.126821 50.000000
-0.521075 -0.059871 0.080092 52.000000
-0.312210 -0.182358 -0.029651 50.000000
0.451743 -0.030842 -0.039563 50.000000
0.108354 -0.047835 -0.072840 50.000000
-0.326370 -0.279356 -0.017615 51.000000
0.322175 -0.106600 -0.060096 50.000000
-0.360354 -0.204306 -0.014075 50.000000
-0.263357 -0.118637 -0.001330 50.000000
0.236506 -0.275817 -0.122402 50.000000
0.136674 -0.186606 -0.176919 50.000000
0.516880 -0.166074 -0.087001 50.000000
0.522545 0.052704 -0.067176 50.000000
0.357576 0.518581 0.286126 50.000000
0.358285 -0.386976 -0.123818 53.000000
-0.746225 -0.248204 0.087172 50.000000
0.159331 -0.346618 -0.113197 50.000000
0.070829 -0.255992 -0.137270 50.000000
0.625916 -0.332458 0.022743 53.000000
-0.096263 0.044916 0.139565 52.000000
-0.590461 0.500172 0.063808 50.000000
0.127470 -0.119344 -0.122402 50.000000
0.117558 -0.001105 -0.001330 50.000000
-0.580549 -0.185898 0.039027 50.000000
-0.406376 0.090229 0.004334 52.000000
0.501304 0.484596 -0.149306 50.000000
0.267658 -0.277232 -0.108949 50.000000
0.557945 0.076069 -0.058680 50.000000
-0.792246 0.495924 0.119742 50.000000
0.472276 0.072529 0.126821 50.000000
0.138091 -0.264488 -0.149306 50.000000
0.605383 0.051288 -0.004163 50.000000
0.544493 -0.328918 -0.118154 53.000000
0.311555 -0.147665 -0.064344 50.000000
-0.322122 0.483180 -0.003454 50.000000
-0.230080 0.523537 0.055311 50.000000
-0.832604 -0.176694 0.089296 50.000000
-0.092723 -0.312633 -0.070008 51.000000
0.485019 0.496632 -0.178335 50.000000
0.642200 -0.389099 0.029115 53.000000
0.491392 0.353612 0.198331 50.000000
-0.545148 0.241745 0.113369 50.000000
0.293147 0.507252 -0.116738 50.000000
-0.761802 -0.064827 0.184878 50.000000
0.245710 0.503005 0.337811 50.000000
0.458823 -0.086067 -0.111073 50.000000
0.177739 -0.295641 -0.122402 50.000000
0.601135 0.515040 -0.017615 50.000000
-0.376639 0.505129 -0.128066 50.000000
-0.030418 -0.478310 0.053187 50.000000
-0.307253 -0.224131 -0.051600 50.000000
0.041092 -0.081819 -0.150015 50.000000
-0.353983 0.000311 -0.006994 52.000000
-0.132373 -0.129965 -0.086293 50.000000
0.424838 0.510793 -0.095496 50.000000
0.545909 0.424414 0.026283 50.000000
-0.205299 -0.139877 -0.021155 50.000000
0.376693 -0.038630 0.034779 50.000000
0.383065 -0.061287 0.002918 50.000000
0.344832 0.503712 -0.033899 50.000000
-0.025461 -0.433705 -0.016199 50.000000
0.109062 -0.235459 -0.163467 50.000000
-0.024046 -0.409632 -0.037439 50.000000
-0.215211 -0.180942 -0.081337 50.000000
-0.333450 -0.086067 0.010706 52.000000
0.739198 0.133418 0.155142 50.000000
0.549450 0.459107 -0.021155 50.000000
0.790176 0.523537 0.203287 50.000000
-0.664803 -0.187314 0.089296 50.000000
0.622376 -0.219883 -0.024695 53.000000
-0.453105 -0.215635 -0.050892 50.000000
0.128886 0.065449 0.116909 50.000000
0.214557 0.014472 0.043275 50.000000
-0.121044 0.201388 0.235148 50.000000
0.148002 -0.283605 -0.152846 50.000000
-0.327078 0.512209 -0.099745 50.000000
0.169244 -0.055623 -0.033899 50.000000
-0.436113 -0.250328 0.008582 51.000000
0.635120 -0.295641 -0.024695 53.000000
0.014187 0.489552 -0.182583 50.000000
0.065872 0.020136 0.000086 50.000000
-0.084935 -0.208555 -0.139394 50.000000
-0.255568 0.500172 -0.119569 50.000000
0.062333 0.491676 -0.081337 50.000000
0.626623 0.506545 -0.186123 50.000000
-0.621614 0.476099 0.253556 50.000000
-0.669051 0.519997 -0.022570 50.000000
0.070829 -0.379895 -0.096205 50.000000
-0.158570 -0.399011 0.024159 51.000000
0.264826 -0.426624 -0.053016 53.000000
-0.256984 0.078901 0.123281 52.000000
0.495640 0.347240 0.223112 50.000000
0.068705 -0.048542 -0.084168 50.000000
-0.761802 -0.141293 0.058851 50.000000
-0.416288 0.020136 -0.033191 52.000000
-0.009885 0.518581 0.061684 50.000000
0.456699 -0.306261 -0.130897 53.000000
0.385897 -0.127132 -0.118154 50.000000
-0.520367 -0.321130 0.041859 51.000000
-0.235744 -0.265904 -0.028943 51.000000
-0.330618 0.003143 0.037611 52.000000
0.395101 0.502296 -0.145766 50.000000
-0.695956 0.494508 -0.111781 50.000000
0.285359 -0.352991 -0.145766 53.000000
-0.152906 -0.312633 -0.082753 51.000000
-0.206007 -0.445741 0.111245 51.000000
-0.358939 -0.392640 0.017079 51.000000
-0.178394 0.507960 0.216032 50.000000
-0.421245 0.521413 -0.095496 50.000000
0.346248 -0.335290 -0.128773 53.000000
-0.026878 -0.297057 -0.130190 50.000000
0.622376 -0.241124 -0.024695 53.000000
0.283942 -0.420253 0.050355 53.000000
-0.050243 0.498048 0.153726 50.000000
0.519713 0.476808 0.001501 50.000000
-0.581965 0.358568 0.119033 50.000000
-0.138745 0.516457 0.083632 50.000000
-0.537360 -0.207846 0.022743 50.000000
-0.259108 0.068989 0.136734 52.000000
0.456699 -0.246080 -0.127357 53.000000
-0.882873 -0.291393 0.158682 50.000000
-0.237160 -0.119344 -0.024695 50.000000
0.319343 0.516457 0.155850 50.000000
-0.681088 -0.258824 0.095669 50.000000
0.359700 -0.407508 -0.118861 53.000000
-0.007054 -0.336706 -0.127357 50.000000
0.052420 -0.294933 -0.148598 50.000000
0.509801 0.129878 0.197623 50.000000
-0.368851 0.095186 0.140982 52.000000
-0.630818 -0.291393 0.067348 50.000000
0.277571 0.500881 -0.163467 50.000000
0.632288 0.495217 -0.119569 50.000000
-0.342654 -0.029426 0.044691 52.000000
-0.421952 -0.424501 0.074427 51.000000
-0.775962 0.505836 -0.146474 50.000000
-0.059447 -0.070491 -0.108949 52.000000
-0.290261 -0.171738 0.023450 50.000000
-0.108300 0.212008 0.227360 50.000000
0.391561 -0.328918 -0.096205 53.000000
0.148002 -0.283605 -0.152846 50.000000
-0.384427 -0.119344 -0.011951 50.000000
0.189068 -0.317590 -0.103993 50.000000
-0.067943 -0.279356 -0.109657 51.000000
-0.105468 0.022260 0.019910 52.000000
-0.618074 0.474684 0.199039 50.000000
-0.083519 -0.313342 -0.062220 51.000000
0.532457 0.090229 -0.027527 50.000000
-0.475054 -0.162533 0.018494 50.000000
0.595470 0.172359 -0.009827 50.000000
-0.077147 -0.229088 -0.123109 50.000000
-0.050243 -0.321130 -0.084168 51.000000
0.583434 0.228293 0.179923 50.000000
-0.176270 0.514333 0.194083 50.000000
-0.304422 -0.182358 -0.015491 50.000000
0.109062 -0.129965 -0.152139 50.000000
-0.365311 -0.204306 -0.039563 50.000000
-0.144409 -0.170322 -0.070716 50.000000
0.110478 -0.413880 -0.068592 50.000000
0.206060 -0.236167 -0.129482 50.000000
0.487144 -0.105184 -0.076380 50.000000
-0.118920 -0.253868 -0.026111 50.000000
-0.528155 0.173776 0.074427 52.000000
0.247834 -0.088191 -0.089125 50.000000
-0.612409 0.507960 0.127529 50.000000
-0.691000 -0.103768 0.153018 50.000000
0.380233 -0.227671 -0.091957 50.000000
-0.099804 0.493800 0.177799 50.000000
-0.722860 -0.211387 0.065932 50.000000
-0.680379 -0.128549 0.126113 50.000000
-0.164942 -0.304138 -0.069299 51.000000
-0.377347 -0.407508 0.042567 51.000000
-0.083519 -0.069075 -0.072840 52.000000
0.079325 0.531325 0.257097 50.000000
-0.145825 0.129878 0.248600 50.000000
-0.569220 -0.197934 0.078676 50.000000
-0.463017 -0.173154 0.018494 50.000000
0.051004 -0.129965 -0.144350 50.000000
-0.594709 -0.175278 0.114785 50.000000
0.403598 -0.255284 -0.137270 50.000000
-0.283889 0.081733 0.140274 52.000000
0.465903 -0.275817 -0.133022 53.000000
-0.804283 -0.141293 0.088588 50.000000
0.501304 0.507252 -0.153554 50.000000
0.530333 -0.280065 -0.082044 53.000000
0.046756 0.504420 0.095669 50.000000
-0.309377 -0.151205 0.007166 50.000000
-0.117505 -0.319714 -0.115321 51.000000
0.097733 0.030755 -0.004870 50.000000
-0.234327 -0.225547 0.021326 50.000000
-0.406376 0.504420 0.043275 50.000000
0.428378 -0.433705 -0.018323 53.000000
-0.349735 -0.019514 0.023450 52.000000
0.104813 0.504420 0.096376 50.000000
-0.602497 -0.077572 0.208244 52.000000
-0.083519 0.185812 0.218155 50.000000
0.157915 -0.246080 -0.133730 50.000000
-0.392215 -0.269444 -0.023987 51.000000
0.503428 -0.041462 -0.050183 50.000000
0.521837 -0.176694 -0.065052 53.000000
-0.615950 0.498756 0.141689 50.000000
-0.691000 -0.103768 0.153018 50.000000
-0.265481 0.495924 -0.064344 50.000000
-0.069359 -0.309802 -0.101161 51.000000
-0.713656 -0.079696 0.139565 50.000000
-0.060155 -0.321130 -0.088417 51.000000
0.605383 0.051288 -0.004163 50.000000
-0.085644 -0.027302 -0.060096 52.000000
-0.450273 -0.141293 -0.025403 50.000000
0.099858 -0.177402 -0.162758 50.000000
-0.339822 -0.008185 0.029823 52.000000
0.465195 0.345824 0.119033 50.000000
-0.152197 -0.098104 -0.018323 52.000000
0.362533 -0.012434 0.091420 50.000000
0.090654 -0.266613 -0.121693 50.000000
-0.077855 -0.199351 -0.114614 50.000000
-0.593293 0.403882 0.141689 50.000000
-0.101928 -0.428041 0.007874 51.000000
0.451035 0.509376 -0.070008 50.000000
0.582727 -0.227671 -0.085584 53.000000
0.206769 -0.098812 -0.108949 50.000000
0.351204 -0.072615 0.006458 50.000000
0.107646 0.018719 -0.016906 50.000000
-0.445317 0.120674 0.055311 52.000000
0.476524 -0.115804 -0.075672 50.000000
-0.249196 -0.030842 0.033362 52.000000
0.168535 -0.316882 -0.111781 50.000000
0.031180 -0.267320 -0.118154 50.000000
-0.198926 0.037128 0.057435 52.000000
0.465903 -0.136337 -0.074964 50.000000
0.117558 -0.071199 -0.142226 50.000000
0.555114 -0.302014 -0.072132 53.000000
-0.149366 -0.480434 0.119033 51.000000
0.487852 -0.001813 -0.074256 50.000000
0.436166 0.524245 0.292498 50.000000
-0.872253 -0.052083 0.166471 50.000000
0.631580 -0.389808 0.034071 53.000000
-0.421952 0.517164 0.002210 50.000000
0.100566 -0.272277 -0.180459 50.000000
-0.450273 -0.030842 0.009290 52.000000
0.408554 -0.306969 -0.116029 53.000000
-0.480718 -0.326085 0.115493 51.000000
-0.545148 -0.105892 0.081508 50.000000
0.166411 -0.302014 -0.167715 50.000000
-0.344778 -0.192978 -0.032483 50.000000
-0.557892 0.313964 0.097084 50.000000
-0.353275 0.036420 0.032655 52.000000
0.496348 -0.032966 -0.082044 50.000000
-0.843932 -0.050666 0.201871 50.000000
-0.167774 -0.253160 -0.050183 50.000000
0.058793 -0.049959 -0.099745 50.000000
0.439706 -0.126425 -0.101869 50.000000
-0.916149 -0.228379 0.135317 50.000000
0.131719 -0.462733 0.037611 50.000000
0.574230 -0.304138 -0.040271 53.000000
0.282526 0.018719 0.077968 50.000000
-0.271145 0.500172 0.097084 50.000000
-0.336282 -0.225547 -0.020446 50.000000
0.353328 -0.294225 -0.144350 53.000000
0.089945 -0.177402 -0.167007 50.000000
-0.038206 0.455567 0.374628 50.000000
0.577770 0.285643 0.041859 50.000000
0.011355 -0.248204 -0.117445 50.000000
0.288899 0.520705 0.393037 50.000000
0.512632 0.520705 0.138149 50.000000
-0.067943 0.063325 0.203996 50.000000
-0.002805 0.500172 -0.058680 50.000000
0.052420 -0.206430 -0.163467 50.000000
-0.407792 0.516457 0.206827 50.000000
-0.761802 -0.064827 0.184878 50.000000
-0.009885 0.519997 0.308074 50.000000
-0.193262 -0.009601 0.029115 52.000000
-0.088475 0.006683 -0.033191 52.000000
-0.309377 0.485304 -0.067176 50.000000
-0.178394 0.507960 0.216032 50.000000
-0.330618 -0.129965 -0.001330 50.000000
-0.058739 -0.360071 -0.103993 51.000000
-0.690292 0.526369 0.031947 50.000000
0.366780 0.504420 0.377460 50.000000
-0.272560 -0.203599 -0.007702 50.000000
