-0.459957 -0.166309 -0.562822 50.000000
-0.334765 -0.128260 -0.561953 50.000000
0.016876 -0.461491 -0.559350 51.000000
0.115680 -0.363915 -0.562822 51.000000
0.379564 0.293955 -0.562822 50.000000
0.142682 0.533292 -0.561086 50.000000
0.245167 0.433262 -0.561086 50.000000
0.257441 0.417306 -0.561953 50.000000
0.859466 -0.183492 -0.561953 50.000000
0.869899 -0.195152 -0.561953 50.000000
-0.323105 -0.163240 -0.550671 50.000000
0.229211 -0.654189 -0.548068 50.000000
-0.013194 -0.319730 -0.551539 51.000000
-0.220620 0.084075 -0.549803 50.000000
0.312673 -0.389077 -0.548068 50.000000
0.115680 0.541884 -0.550671 50.000000
0.061675 0.608162 -0.555010 50.000000
0.426204 0.243633 -0.548935 50.000000
0.507825 0.173059 -0.548935 50.000000
0.031605 -0.714330 -0.543728 50.000000
-0.134704 -0.507518 -0.541992 50.000000
0.496778 -0.536361 -0.542860 50.000000
0.385087 -0.116600 -0.538521 50.000000
0.707886 -0.106781 -0.539389 50.000000
0.529917 0.120282 -0.546332 50.000000
0.817736 -0.155263 -0.546332 50.000000
0.166002 0.511200 -0.542860 50.000000
0.096042 -0.273090 -0.530710 51.000000
0.718319 -0.141761 -0.535917 50.000000
0.166002 0.484198 -0.534181 50.000000
0.980976 -0.324640 -0.529842 50.000000
0.764345 -0.090826 -0.532446 50.000000
0.775391 -0.104327 -0.536785 50.000000
0.895060 -0.232587 -0.529842 50.000000
0.178889 0.497085 -0.537653 50.000000
0.377109 -0.454741 -0.528106 50.000000
0.136545 -0.152808 -0.526370 52.000000
0.472231 0.196379 -0.528974 50.000000
0.518257 0.144216 -0.523767 50.000000
0.290580 0.391531 -0.522899 50.000000
0.436637 0.241792 -0.522031 50.000000
0.992636 -0.311752 -0.528974 50.000000
-0.038355 -0.449218 -0.513352 51.000000
0.322491 -0.551089 -0.512484 50.000000
0.189322 0.463332 -0.512484 50.000000
0.620743 0.055232 -0.512484 50.000000
0.177662 -0.490948 -0.508145 50.000000
-0.404112 0.109236 -0.503805 53.000000
0.175207 0.483584 -0.505541 50.000000
0.400430 0.263271 -0.509013 50.000000
0.677202 -0.007364 -0.506409 50.000000
0.447683 0.235655 -0.506409 50.000000
-0.611537 -0.119055 -0.499466 50.000000
0.419454 -0.627186 -0.498598 50.000000
0.242099 -0.422829 -0.501202 50.000000
0.100337 -0.228291 -0.499466 50.000000
0.050015 -0.150967 -0.496862 50.000000
0.430500 -0.483584 -0.502070 50.000000
0.360540 -0.153421 -0.502070 50.000000
0.518257 0.101258 -0.496862 50.000000
0.013194 0.630868 -0.497730 50.000000
0.755140 -0.092667 -0.502070 50.000000
0.363609 0.312366 -0.499466 50.000000
0.124271 -0.874502 -0.490787 50.000000
0.187481 -0.567045 -0.490787 50.000000
0.198527 -0.555999 -0.489051 50.000000
0.332310 -0.648052 -0.492523 50.000000
0.506597 -0.493403 -0.492523 50.000000
0.393065 -0.113532 -0.490787 50.000000
0.677202 -0.052777 -0.492523 50.000000
0.654495 -0.001841 -0.492523 50.000000
0.887082 -0.234428 -0.494259 50.000000
0.586990 0.076711 -0.489919 50.000000
0.722614 -0.050322 -0.487316 50.000000
0.953974 -0.279227 -0.491655 50.000000
-0.080700 -0.430193 -0.485580 51.000000
0.197913 -0.621663 -0.479505 50.000000
0.440319 -0.514268 -0.484712 50.000000
0.276465 0.340595 -0.479505 50.000000
0.080700 0.552317 -0.482108 50.000000
0.185640 0.452286 -0.477769 50.000000
-0.330470 -0.412397 -0.469958 50.000000
0.318809 -0.589138 -0.470826 50.000000
0.396134 -0.579319 -0.474298 50.000000
0.395520 -0.533293 -0.470826 50.000000
0.396134 -0.511814 -0.476033 50.000000
0.269715 -0.287205 -0.471694 50.000000
0.899356 -0.265112 -0.475165 50.000000
0.712182 -0.057073 -0.469958 50.000000
0.945382 -0.286591 -0.470826 50.000000
0.575330 0.096962 -0.475165 50.000000
0.385701 0.296410 -0.471694 50.000000
0.734888 -0.058914 -0.476901 50.000000
0.945382 -0.263271 -0.475165 50.000000
-0.555692 -0.127033 -0.460411 50.000000
0.056766 -0.155262 -0.467354 50.000000
0.236576 0.395213 -0.464751 50.000000
0.143909 0.508745 -0.463883 50.000000
0.248236 0.409328 -0.464751 50.000000
0.517030 0.142989 -0.462147 50.000000
0.968702 -0.307457 -0.462147 50.000000
0.445842 0.227677 -0.461279 50.000000
0.879718 -0.214790 -0.467354 50.000000
0.913471 -0.248543 -0.462147 50.000000
0.008285 -0.473765 -0.451733 51.000000
-0.106475 -0.290273 -0.455204 51.000000
0.123044 -0.455968 -0.455204 51.000000
-0.370359 0.151580 -0.455204 53.000000
-0.199141 0.147284 -0.454336 50.000000
0.527462 -0.576864 -0.451733 50.000000
-0.437251 -0.003682 -0.448261 53.000000
0.293035 -0.515496 -0.443922 50.000000
0.247008 -0.444922 -0.443054 50.000000
0.269715 -0.446763 -0.447393 50.000000
-0.027309 0.191470 -0.443054 50.000000
0.332924 -0.108622 -0.443054 50.000000
0.285057 -0.032525 -0.449129 50.000000
0.769868 -0.086530 -0.449129 50.000000
0.046333 -0.781835 -0.441318 50.000000
0.143909 -0.430193 -0.440450 51.000000
0.154955 -0.441240 -0.436111 51.000000
0.082541 -0.320957 -0.441318 51.000000
0.153728 -0.371280 -0.440450 50.000000
0.426818 -0.540043 -0.441318 50.000000
0.438478 -0.550476 -0.434375 50.000000
0.361154 0.226450 -0.437846 50.000000
0.836760 -0.206198 -0.436111 50.000000
-0.010739 0.651120 -0.440450 50.000000
0.283829 0.376189 -0.437846 50.000000
0.860080 -0.181651 -0.437846 50.000000
-0.139614 -0.486652 -0.430903 50.000000
-0.380792 0.038049 -0.426564 53.000000
0.234734 -0.568886 -0.425696 50.000000
0.292421 -0.626573 -0.426564 50.000000
0.257441 -0.524087 -0.430035 50.000000
0.222461 -0.419147 -0.431771 50.000000
0.148819 -0.271863 -0.428300 50.000000
-0.078245 -0.031298 -0.429168 52.000000
0.437864 -0.456582 -0.426564 50.000000
0.504756 -0.527156 -0.430035 50.000000
-0.143909 0.166922 -0.425696 50.000000
-0.123658 0.249770 -0.428300 50.000000
0.516416 0.047867 -0.431771 50.000000
0.285671 0.320344 -0.430035 50.000000
0.127340 0.511814 -0.433507 50.000000
0.667996 -0.019024 -0.432639 50.000000
0.758822 -0.119669 -0.431771 50.000000
0.321264 0.332617 -0.431771 50.000000
0.634244 0.050322 -0.425696 50.000000
0.838601 -0.154035 -0.427432 50.000000
0.270942 -0.961031 -0.422224 50.000000
0.116907 -0.425284 -0.422224 51.000000
0.019945 -0.325867 -0.423092 51.000000
0.210801 -0.498313 -0.418753 50.000000
0.010739 -0.123964 -0.417017 50.000000
0.182571 -0.257748 -0.419621 50.000000
0.288739 -0.370052 -0.419621 50.000000
-0.075790 0.092666 -0.421357 50.000000
0.271556 -0.085302 -0.417885 52.000000
0.140227 0.471924 -0.418753 50.000000
0.815281 -0.203130 -0.423092 50.000000
-0.011967 0.626573 -0.424828 50.000000
0.804234 -0.189629 -0.417017 50.000000
0.894446 -0.261430 -0.418753 50.000000
0.097883 0.551089 -0.423960 50.000000
0.804234 -0.166309 -0.423092 50.000000
0.218165 0.434489 -0.420489 50.000000
0.872354 -0.213563 -0.420489 50.000000
0.540350 0.134397 -0.417885 50.000000
0.680270 -0.001841 -0.422224 50.000000
0.040196 -0.756060 -0.410942 50.000000
-0.026695 -0.417920 -0.411810 51.000000
-0.029764 -0.344891 -0.410074 51.000000
0.032218 -0.384781 -0.412678 51.000000
0.069039 -0.398282 -0.416149 51.000000
0.197913 -0.460878 -0.412678 50.000000
0.358085 -0.535134 -0.416149 50.000000
0.380792 -0.557840 -0.411810 50.000000
0.049402 -0.212949 -0.410074 50.000000
-0.133477 -0.019024 -0.408339 50.000000
0.322491 -0.380485 -0.410074 50.000000
0.168457 -0.194538 -0.416149 50.000000
0.515802 -0.512427 -0.410942 50.000000
0.167229 -0.144216 -0.415281 52.000000
0.260509 -0.122123 -0.414414 52.000000
0.296103 -0.160172 -0.410942 50.000000
0.423750 -0.100031 -0.410942 50.000000
0.941086 -0.282295 -0.409206 50.000000
0.456275 0.208653 -0.410942 50.000000
0.228598 0.454741 -0.408339 50.000000
-0.575330 -0.161399 -0.399660 50.000000
-0.374655 -0.089598 -0.405735 53.000000
-0.015649 -0.405646 -0.407470 51.000000
-0.343357 0.000614 -0.405735 53.000000
0.346425 -0.613072 -0.402263 50.000000
0.170298 -0.314207 -0.402263 50.000000
0.063516 -0.030684 -0.400528 52.000000
0.060448 0.048481 -0.404867 52.000000
0.481436 -0.085302 -0.403999 50.000000
0.782755 -0.159558 -0.401395 50.000000
0.177048 0.459650 -0.406603 50.000000
0.760049 -0.134397 -0.400528 50.000000
0.381405 0.300706 -0.400528 50.000000
0.504142 0.181651 -0.405735 50.000000
0.988340 -0.303774 -0.403131 50.000000
-0.483891 -0.272476 -0.396188 50.000000
0.061061 -0.800246 -0.392717 50.000000
-0.206505 -0.115373 -0.397056 50.000000
0.266646 -0.576251 -0.397056 50.000000
0.379564 -0.508745 -0.398792 50.000000
0.178889 -0.274931 -0.390981 50.000000
-0.077018 0.047254 -0.397924 50.000000
-0.024854 -0.009819 -0.395320 52.000000
0.250690 -0.279227 -0.397056 52.000000
0.237803 -0.241792 -0.397924 52.000000
0.273397 -0.278613 -0.393584 52.000000
-0.083768 0.132556 -0.393584 50.000000
0.586376 -0.042958 -0.392717 50.000000
0.917766 -0.328936 -0.397924 50.000000
0.885855 -0.266340 -0.390981 50.000000
0.467935 0.172446 -0.396188 50.000000
0.851488 -0.207426 -0.397056 50.000000
0.737956 -0.081620 -0.393584 50.000000
0.795643 -0.144216 -0.393584 50.000000
0.784597 -0.108622 -0.398792 50.000000
0.130408 -0.869592 -0.390113 50.000000
-0.345198 -0.382940 -0.389245 50.000000
-0.447070 -0.261430 -0.387509 50.000000
-0.365450 -0.268180 -0.390113 50.000000
0.124885 -0.524087 -0.383170 50.000000
0.266032 -0.644370 -0.387509 50.000000
0.051856 -0.379871 -0.390113 51.000000
-0.364222 0.150353 -0.383170 53.000000
-0.121817 -0.079779 -0.387509 50.000000
0.258055 -0.138079 -0.384906 52.000000
0.908561 -0.313593 -0.384906 50.000000
0.760663 -0.155876 -0.385774 50.000000
0.956428 -0.286591 -0.382302 50.000000
0.773550 -0.091439 -0.385774 50.000000
0.070267 -0.765266 -0.380566 50.000000
0.195459 -0.617981 -0.377963 50.000000
-0.035287 -0.361461 -0.378830 51.000000
0.264191 -0.619209 -0.376227 50.000000
0.321878 -0.678122 -0.376227 50.000000
0.389997 -0.724149 -0.373623 50.000000
0.355630 -0.597730 -0.375359 50.000000
0.204050 -0.417920 -0.377095 50.000000
0.115066 -0.181651 -0.379698 50.000000
0.247622 -0.249156 -0.377095 52.000000
0.056766 0.031298 -0.378830 52.000000
0.739184 -0.101258 -0.373623 50.000000
0.774164 -0.112918 -0.373623 50.000000
0.704817 -0.037435 -0.376227 50.000000
0.623197 0.056459 -0.374491 50.000000
0.899969 -0.225223 -0.377095 50.000000
0.207119 -0.675054 -0.369284 50.000000
-0.073335 -0.370052 -0.369284 51.000000
0.240258 -0.594047 -0.367548 50.000000
0.192390 -0.476220 -0.371020 50.000000
-0.382633 0.144216 -0.366680 53.000000
0.043265 -0.226450 -0.371020 51.000000
0.283829 -0.405646 -0.364944 50.000000
-0.078859 -0.023320 -0.369284 52.000000
0.412090 -0.492176 -0.372755 50.000000
0.050015 -0.111691 -0.370152 50.000000
0.049402 -0.085302 -0.371020 50.000000
0.434796 -0.469469 -0.371020 50.000000
-0.212642 0.198834 -0.364944 50.000000
0.186867 -0.208039 -0.372755 52.000000
-0.099724 0.100644 -0.369284 50.000000
0.210187 -0.206812 -0.365812 52.000000
0.169684 -0.039890 -0.372755 52.000000
0.291194 -0.122123 -0.371020 50.000000
0.361767 -0.071188 -0.368416 50.000000
0.156797 0.528997 -0.368416 50.000000
0.646517 0.031911 -0.367548 50.000000
0.809758 -0.123965 -0.369284 50.000000
0.821418 -0.136852 -0.370152 50.000000
0.923903 -0.247929 -0.371020 50.000000
0.308377 -0.594661 -0.362341 50.000000
0.094201 -0.374348 -0.358869 51.000000
0.227370 -0.487880 -0.364076 50.000000
-0.021786 -0.182265 -0.362341 51.000000
0.353789 -0.430194 -0.360605 50.000000
0.423136 -0.501995 -0.358869 50.000000
0.270942 -0.343664 -0.361473 50.000000
0.469162 -0.502608 -0.360605 50.000000
0.291807 -0.219699 -0.357133 52.000000
0.025468 0.095735 -0.358001 50.000000
-0.217551 0.395213 -0.361473 50.000000
0.704818 -0.057073 -0.358869 50.000000
0.970543 -0.293342 -0.361473 50.000000
-0.240872 -0.152194 -0.352794 51.000000
-0.080700 -0.291500 -0.354530 51.000000
0.190549 -0.519791 -0.348455 50.000000
0.223074 -0.316662 -0.355398 50.000000
0.246395 -0.341209 -0.351058 50.000000
0.234121 -0.304388 -0.351926 50.000000
0.208960 -0.252225 -0.347587 50.000000
0.715864 -0.095121 -0.355398 50.000000
0.391838 0.250997 -0.351058 50.000000
0.551396 0.119669 -0.351926 50.000000
-0.159251 -0.590979 -0.339776 50.000000
0.174593 -0.336913 -0.344115 50.000000
-0.027923 -0.124578 -0.343247 50.000000
-0.001534 -0.153421 -0.345851 50.000000
0.159251 -0.223382 -0.339776 50.000000
-0.271556 0.212335 -0.346719 50.000000
0.132863 -0.146671 -0.344983 52.000000
0.099110 0.069960 -0.340644 52.000000
-0.171525 0.430193 -0.341511 50.000000
0.236576 0.408714 -0.346719 50.000000
0.154342 0.511814 -0.339776 50.000000
0.984044 -0.301933 -0.345851 50.000000
0.050015 -0.773244 -0.334569 50.000000
-0.069040 -0.351028 -0.338040 51.000000
-0.051243 -0.199448 -0.335436 51.000000
-0.013808 -0.213563 -0.332833 51.000000
-0.278306 0.088984 -0.331965 50.000000
0.305308 -0.495858 -0.331965 50.000000
0.317582 -0.508132 -0.337172 50.000000
0.398588 -0.544953 -0.333700 50.000000
-0.004603 -0.123351 -0.334569 50.000000
0.084382 -0.193925 -0.338040 50.000000
0.122430 -0.233200 -0.337172 50.000000
-0.280147 0.276158 -0.338040 50.000000
-0.067199 0.070574 -0.331097 50.000000
0.152501 -0.039890 -0.335436 52.000000
-0.078859 0.243019 -0.331965 50.000000
0.196686 0.120896 -0.338040 50.000000
0.358699 -0.032525 -0.330229 50.000000
0.901810 -0.314207 -0.338040 50.000000
0.168457 0.468242 -0.330229 50.000000
0.140841 0.499540 -0.334569 50.000000
0.788279 -0.114759 -0.338040 50.000000
0.973612 -0.311139 -0.331965 50.000000
0.233507 0.448604 -0.330229 50.000000
0.403498 0.271249 -0.337172 50.000000
0.234121 -0.492176 -0.322418 50.000000
0.340288 -0.577478 -0.321550 50.000000
0.316355 -0.530224 -0.324154 50.000000
0.148205 -0.332617 -0.329361 51.000000
-0.231666 0.144216 -0.324154 50.000000
-0.275238 0.191470 -0.325890 50.000000
0.267260 -0.311752 -0.328493 50.000000
-0.131022 0.221540 -0.324154 50.000000
0.359313 -0.109236 -0.325890 50.000000
0.502915 0.019638 -0.328493 50.000000
0.196072 0.406260 -0.325890 50.000000
0.194231 0.438785 -0.323286 50.000000
0.477754 0.187174 -0.326758 50.000000
0.754526 -0.072415 -0.327625 50.000000
0.836146 -0.161399 -0.325022 50.000000
-0.077631 -0.268794 -0.312871 51.000000
0.281375 -0.588524 -0.319815 50.000000
-0.258055 -0.034366 -0.320682 50.000000
-0.203437 -0.090212 -0.313739 50.000000
0.256827 -0.539429 -0.314607 50.000000
0.232280 -0.394600 -0.318947 50.000000
0.397975 -0.566432 -0.319815 50.000000
0.291807 -0.408714 -0.319815 50.000000
0.016876 -0.120282 -0.318947 50.000000
0.230439 -0.320344 -0.317211 50.000000
0.302854 -0.396441 -0.319815 50.000000
0.080700 -0.162013 -0.317211 50.000000
-0.223075 0.189629 -0.317211 50.000000
0.288739 -0.258362 -0.312871 52.000000
-0.106474 0.222768 -0.315475 50.000000
0.417613 0.037435 -0.320682 50.000000
0.858852 -0.209881 -0.317211 50.000000
0.940473 -0.295183 -0.313739 50.000000
0.963793 -0.319730 -0.316343 50.000000
0.660018 0.011046 -0.314607 50.000000
0.952746 -0.282909 -0.317211 50.000000
0.081313 -0.805769 -0.307664 50.000000
-0.447070 -0.243019 -0.311136 50.000000
0.233507 -0.679350 -0.304193 50.000000
-0.102179 -0.316662 -0.306796 51.000000
0.161706 -0.559681 -0.307664 50.000000
0.245781 -0.644983 -0.309400 50.000000
-0.064744 -0.281682 -0.311136 51.000000
-0.270942 -0.070574 -0.310268 50.000000
-0.308991 0.044799 -0.305928 50.000000
0.327401 -0.586683 -0.307664 50.000000
-0.110770 -0.135011 -0.306796 50.000000
0.196072 -0.428352 -0.312004 50.000000
0.220006 -0.453513 -0.308532 50.000000
0.002762 -0.129488 -0.309400 50.000000
0.326174 -0.418533 -0.306796 50.000000
-0.193004 0.131329 -0.311136 50.000000
0.010739 -0.035594 -0.305928 52.000000
0.049402 -0.050936 -0.305060 52.000000
-0.018104 0.047254 -0.310268 50.000000
0.144523 0.078552 -0.311136 52.000000
0.380178 0.028229 -0.310268 50.000000
-0.008285 0.692851 -0.310268 50.000000
0.895674 -0.218472 -0.306796 50.000000
0.075176 -0.471924 -0.300721 51.000000
-0.210187 -0.031912 -0.301589 50.000000
-0.126726 -0.119055 -0.300721 50.000000
0.170298 -0.401350 -0.300721 51.000000
-0.062289 -0.135624 -0.298117 50.000000
0.289966 -0.453514 -0.299853 50.000000
0.129794 -0.261430 -0.298117 50.000000
-0.093587 -0.025775 -0.298985 50.000000
-0.026082 -0.072415 -0.301589 50.000000
0.384474 -0.430193 -0.300721 50.000000
0.126726 -0.158945 -0.298985 50.000000
0.478368 -0.503222 -0.299853 50.000000
0.308377 -0.098803 -0.295514 52.000000
0.270328 -0.031298 -0.297250 52.000000
0.319423 -0.032525 -0.295514 50.000000
0.043265 0.306229 -0.300721 50.000000
0.441546 -0.009819 -0.299853 50.000000
0.800552 -0.193311 -0.301589 50.000000
0.108929 0.521632 -0.298117 50.000000
0.123658 0.503222 -0.299853 50.000000
0.814053 -0.178583 -0.295514 50.000000
0.707886 -0.062596 -0.295514 50.000000
0.918994 -0.267567 -0.303325 50.000000
0.779073 -0.116600 -0.303325 50.000000
0.426818 0.256520 -0.303325 50.000000
0.942927 -0.266953 -0.303325 50.000000
0.048788 -0.468856 -0.289439 51.000000
0.135931 -0.557226 -0.294646 50.000000
0.231052 -0.606935 -0.287703 50.000000
-0.147591 -0.220927 -0.294646 51.000000
0.243326 -0.594661 -0.289439 50.000000
-0.237803 -0.053391 -0.290306 50.000000
0.218165 -0.498313 -0.289439 50.000000
0.044492 -0.295183 -0.294646 51.000000
0.156796 -0.411169 -0.292042 51.000000
0.325560 -0.560295 -0.288571 50.000000
0.192390 -0.375575 -0.293778 50.000000
-0.417613 0.266339 -0.291174 53.000000
-0.354403 0.199448 -0.290306 50.000000
0.360540 -0.500767 -0.290306 50.000000
-0.179503 0.066278 -0.291174 50.000000
-0.053698 -0.068119 -0.292910 50.000000
0.153114 -0.235655 -0.292910 50.000000
-0.062289 0.071801 -0.289439 50.000000
0.212642 -0.198220 -0.288571 52.000000
0.186867 -0.120896 -0.294646 52.000000
0.085609 0.204971 -0.287703 50.000000
0.955201 -0.325867 -0.287703 50.000000
0.755753 -0.112918 -0.290306 50.000000
0.908561 -0.252225 -0.291174 50.000000
0.175207 0.505677 -0.287703 50.000000
0.886468 -0.200675 -0.287703 50.000000
-0.454434 -0.287205 -0.278156 50.000000
-0.065971 -0.400737 -0.280760 51.000000
-0.043879 -0.351642 -0.280760 51.000000
0.071494 -0.443695 -0.282496 51.000000
0.031605 -0.379258 -0.278156 51.000000
0.005830 -0.328935 -0.282496 51.000000
-0.256214 -0.007978 -0.283363 50.000000
-0.161092 -0.056459 -0.279892 50.000000
0.359926 -0.571341 -0.278156 50.000000
-0.204664 0.015342 -0.283363 50.000000
-0.189936 -0.000614 -0.285099 50.000000
-0.161093 -0.030684 -0.285967 50.000000
0.324946 -0.511814 -0.285967 50.000000
-0.123658 -0.019024 -0.283363 50.000000
-0.140227 0.051550 -0.284231 50.000000
0.299171 -0.338754 -0.284231 50.000000
0.175207 -0.208653 -0.284231 50.000000
0.224916 -0.236269 -0.285099 52.000000
0.107088 -0.032525 -0.279892 52.000000
-0.031605 0.173673 -0.278156 50.000000
0.378951 0.012274 -0.279892 50.000000
0.440933 -0.057073 -0.281628 50.000000
0.216324 0.427739 -0.278156 50.000000
0.885855 -0.225836 -0.285099 50.000000
0.401043 0.265112 -0.285099 50.000000
0.756367 -0.082848 -0.279892 50.000000
0.672906 0.010433 -0.278156 50.000000
0.933722 -0.249156 -0.282496 50.000000
-0.075177 -0.607548 -0.269477 50.000000
-0.450138 -0.014115 -0.273817 53.000000
-0.030991 -0.389076 -0.275552 51.000000
0.069653 -0.490948 -0.270345 51.000000
0.289352 -0.594047 -0.276420 50.000000
-0.409635 0.151580 -0.277288 53.000000
0.359313 -0.546180 -0.270345 50.000000
0.251304 -0.434489 -0.273817 50.000000
0.238417 -0.372507 -0.272081 50.000000
0.137772 -0.242406 -0.271213 50.000000
-0.116907 0.052777 -0.275552 50.000000
0.442160 -0.486653 -0.271213 50.000000
0.524394 -0.498926 -0.269477 50.000000
0.296103 -0.233814 -0.269477 52.000000
-0.057993 0.176741 -0.275552 50.000000
0.010126 0.102485 -0.269477 50.000000
0.258668 -0.143602 -0.275552 52.000000
0.050629 0.084075 -0.272949 50.000000
0.305922 -0.064437 -0.271213 52.000000
0.292421 0.001841 -0.275552 52.000000
0.379564 -0.014115 -0.277288 50.000000
0.464253 0.026388 -0.273817 50.000000
0.873581 -0.261430 -0.275552 50.000000
0.804848 -0.133784 -0.274685 50.000000
0.215097 0.460878 -0.277288 50.000000
0.488187 0.196379 -0.271213 50.000000
-0.655723 -0.018411 -0.266874 50.000000
-0.303468 -0.162013 -0.264270 50.000000
-0.048788 -0.296410 -0.265138 51.000000
0.101565 -0.278613 -0.268609 51.000000
-0.073949 -0.042958 -0.262534 50.000000
-0.047561 -0.046026 -0.266874 52.000000
0.186253 -0.243019 -0.266874 50.000000
0.198527 -0.255293 -0.263402 50.000000
-0.181344 0.177355 -0.262534 50.000000
-0.225529 0.226450 -0.262534 50.000000
0.146364 -0.124578 -0.267741 52.000000
0.080700 -0.052777 -0.266006 52.000000
0.245781 -0.178582 -0.262534 52.000000
0.143295 -0.042958 -0.266874 52.000000
0.281375 -0.140534 -0.261666 52.000000
0.058607 0.130101 -0.262534 50.000000
0.267260 -0.046640 -0.262534 52.000000
0.318196 -0.076711 -0.267741 52.000000
0.386929 0.259589 -0.264270 50.000000
0.969929 -0.332004 -0.261666 50.000000
0.513348 0.142989 -0.260798 50.000000
0.672906 -0.010433 -0.261666 50.000000
-0.061675 0.743787 -0.261666 50.000000
0.359926 0.320957 -0.264270 50.000000
-0.204050 -0.311752 -0.255591 51.000000
-0.462412 0.048481 -0.256459 53.000000
-0.171525 -0.195766 -0.254723 51.000000
-0.376496 0.038662 -0.259931 53.000000
-0.362381 0.024547 -0.254723 53.000000
-0.259282 -0.055232 -0.257327 50.000000
0.064130 -0.362688 -0.252120 51.000000
0.139613 -0.416079 -0.256459 51.000000
-0.292421 0.030684 -0.259063 50.000000
-0.219393 -0.044799 -0.259063 50.000000
-0.080086 -0.189015 -0.259063 51.000000
0.175821 -0.404419 -0.254723 51.000000
0.261737 -0.492789 -0.254723 50.000000
-0.208960 -0.004909 -0.259063 50.000000
-0.180730 -0.033139 -0.255591 50.000000
0.224916 -0.430193 -0.253855 50.000000
-0.019331 -0.151580 -0.252120 50.000000
0.136545 -0.289046 -0.253855 50.000000
-0.230439 0.097576 -0.256459 50.000000
-0.089905 -0.025775 -0.254723 50.000000
0.173366 -0.277999 -0.253855 50.000000
0.031605 -0.128874 -0.256459 50.000000
-0.134090 0.047867 -0.252120 50.000000
0.247622 -0.281068 -0.259063 50.000000
0.272169 -0.306843 -0.258195 50.000000
0.012580 0.021479 -0.258195 52.000000
0.167843 -0.068733 -0.258195 52.000000
-0.268487 0.386008 -0.258195 50.000000
-0.288125 0.436330 -0.257327 50.000000
0.293648 -0.127033 -0.259931 52.000000
0.305308 -0.138693 -0.253855 52.000000
0.069653 0.147284 -0.253855 50.000000
-0.160479 0.408101 -0.252988 50.000000
-0.046947 0.335072 -0.252120 50.000000
0.129181 0.274317 -0.257327 50.000000
0.426204 0.075483 -0.253855 50.000000
0.672906 -0.034980 -0.252120 50.000000
0.172752 0.488493 -0.259063 50.000000
0.013808 0.652348 -0.255591 50.000000
0.027923 0.635778 -0.252120 50.000000
0.853329 -0.179810 -0.257327 50.000000
0.936791 -0.266953 -0.253855 50.000000
-0.102792 -0.316048 -0.246912 51.000000
-0.118748 -0.249770 -0.247780 51.000000
-0.178276 -0.112918 -0.246912 50.000000
-0.342743 0.083461 -0.244309 53.000000
-0.043879 -0.200675 -0.246045 51.000000
-0.032832 -0.161399 -0.244309 51.000000
0.382019 -0.566432 -0.246912 50.000000
0.416999 -0.554772 -0.245177 50.000000
0.260509 -0.393372 -0.251252 50.000000
-0.119362 0.006137 -0.246912 50.000000
0.429273 -0.543725 -0.250384 50.000000
-0.221847 0.141761 -0.251252 50.000000
-0.393065 0.326481 -0.249516 50.000000
0.040196 -0.060141 -0.250384 52.000000
0.181958 -0.184719 -0.244309 52.000000
-0.113225 0.132556 -0.251252 50.000000
-0.073335 0.115987 -0.246912 50.000000
0.239644 0.012887 -0.250384 52.000000
0.148205 0.115373 -0.250384 50.000000
0.463639 0.008591 -0.247780 50.000000
0.829396 -0.177969 -0.249516 50.000000
0.142682 0.528383 -0.248648 50.000000
-0.013194 -0.406873 -0.235630 51.000000
-0.287512 -0.128874 -0.236498 50.000000
-0.243326 -0.173059 -0.238234 51.000000
-0.027309 -0.342436 -0.234762 51.000000
-0.206505 -0.135011 -0.235630 50.000000
-0.067199 -0.276772 -0.239969 51.000000
0.224302 -0.525315 -0.237366 50.000000
-0.003989 -0.267567 -0.240837 51.000000
0.248849 -0.501995 -0.239969 50.000000
0.273397 -0.527769 -0.241705 50.000000
-0.170298 -0.069346 -0.236498 50.000000
0.285057 -0.514882 -0.240837 50.000000
0.198527 -0.401350 -0.239101 50.000000
-0.232894 0.074256 -0.240837 50.000000
-0.217551 0.058914 -0.240837 50.000000
0.083154 -0.231973 -0.241705 50.000000
-0.451979 0.308070 -0.236498 53.000000
-0.091746 -0.047254 -0.236498 50.000000
-0.081313 -0.006137 -0.236498 50.000000
-0.364836 0.297024 -0.236498 50.000000
-0.040196 -0.025161 -0.241705 52.000000
0.464866 -0.504449 -0.236498 50.000000
0.051856 -0.070574 -0.239101 52.000000
0.064744 -0.084689 -0.238234 52.000000
0.243326 -0.146671 -0.242573 52.000000
-0.281375 0.461491 -0.236498 50.000000
0.401657 -0.054618 -0.234762 50.000000
0.864989 -0.265112 -0.237366 50.000000
0.853329 -0.250997 -0.234762 50.000000
-0.030991 0.650506 -0.235630 50.000000
0.373427 0.255907 -0.239969 50.000000
0.830009 -0.201903 -0.241705 50.000000
0.697453 -0.055846 -0.234762 50.000000
-0.032832 0.684259 -0.238234 50.000000
0.782755 -0.121510 -0.234762 50.000000
-0.764959 0.004909 -0.228687 50.000000
-0.513348 0.049095 -0.230423 53.000000
-0.118135 -0.348573 -0.227819 51.000000
-0.011353 -0.455355 -0.232158 51.000000
0.235962 -0.561522 -0.228687 50.000000
-0.376496 0.092666 -0.226951 53.000000
-0.140841 -0.150353 -0.228687 51.000000
-0.005830 -0.289046 -0.226083 51.000000
-0.202209 -0.009205 -0.230423 50.000000
-0.482050 0.284136 -0.228687 53.000000
-0.337834 0.132556 -0.227819 50.000000
0.108315 -0.307456 -0.228687 51.000000
0.082541 -0.255907 -0.230423 51.000000
-0.106474 -0.031298 -0.233026 50.000000
-0.151273 0.015956 -0.226083 50.000000
0.380792 -0.514882 -0.229555 50.000000
-0.211415 0.132556 -0.233894 50.000000
0.307149 -0.389690 -0.232158 50.000000
-0.199141 0.146057 -0.233026 50.000000
0.232893 -0.287205 -0.233026 50.000000
0.116907 -0.163854 -0.226083 50.000000
0.488187 -0.527770 -0.230423 50.000000
0.165388 -0.087143 -0.230423 52.000000
-0.168457 0.278613 -0.231291 50.000000
-0.179503 0.405032 -0.229555 50.000000
0.327401 -0.077324 -0.226083 52.000000
0.696840 -0.135011 -0.231291 50.000000
0.733661 -0.121510 -0.232158 50.000000
-0.019331 0.670758 -0.228687 50.000000
0.891378 -0.236269 -0.226951 50.000000
-0.171525 -0.344277 -0.220876 51.000000
-0.466708 -0.024547 -0.219140 53.000000
0.046333 -0.342436 -0.222612 51.000000
-0.170911 -0.119055 -0.220876 50.000000
0.121816 -0.345505 -0.224347 51.000000
0.015649 -0.209880 -0.218272 51.000000
0.269715 -0.398896 -0.219140 50.000000
0.318196 -0.425284 -0.219140 50.000000
0.206505 -0.258362 -0.223480 50.000000
-0.018104 -0.020252 -0.222612 50.000000
-0.137159 0.189629 -0.220876 50.000000
0.150660 -0.042958 -0.224347 52.000000
0.250690 -0.044799 -0.217404 52.000000
0.289353 -0.087143 -0.218272 52.000000
0.289353 -0.062596 -0.225215 52.000000
0.350107 0.032525 -0.222612 50.000000
0.487573 0.044799 -0.221744 50.000000
0.397361 0.263885 -0.220008 50.000000
0.223688 0.440012 -0.221744 50.000000
0.844738 -0.182265 -0.218272 50.000000
-0.007057 0.687941 -0.225215 50.000000
0.277079 0.406260 -0.220008 50.000000
0.965634 -0.283523 -0.217404 50.000000
-0.305922 -0.362074 -0.213933 50.000000
-0.462412 0.048481 -0.211329 53.000000
-0.102179 -0.214790 -0.209593 51.000000
-0.073335 -0.244860 -0.216536 51.000000
-0.021172 -0.298251 -0.211329 51.000000
0.017490 -0.312366 -0.210461 51.000000
-0.383247 0.127647 -0.213065 53.000000
0.183799 -0.433262 -0.211329 51.000000
0.307149 -0.560295 -0.213933 50.000000
0.343357 -0.597730 -0.215669 50.000000
0.002761 -0.221540 -0.215669 51.000000
-0.096655 -0.066892 -0.209593 50.000000
-0.269715 0.115986 -0.213933 50.000000
0.293648 -0.448604 -0.213933 50.000000
0.403498 -0.562136 -0.214801 50.000000
0.206505 -0.332004 -0.208726 50.000000
0.024854 -0.142989 -0.213933 50.000000
0.180117 -0.279841 -0.210461 50.000000
-0.202823 0.126419 -0.210461 50.000000
-0.172752 0.093894 -0.211329 50.000000
0.268487 -0.347346 -0.213933 50.000000
-0.061675 0.028230 -0.213065 50.000000
0.100337 -0.119055 -0.213065 50.000000
-0.069653 0.172446 -0.213933 50.000000
0.187481 -0.081006 -0.208726 52.000000
-0.018717 0.200061 -0.208726 50.000000
0.299785 -0.016570 -0.211329 52.000000
0.499847 0.005523 -0.214801 50.000000
0.525621 0.061982 -0.212197 50.000000
0.384474 0.222768 -0.213065 50.000000
0.525008 0.088371 -0.216536 50.000000
0.736115 -0.062596 -0.215669 50.000000
0.474685 0.207426 -0.209593 50.000000
-0.150046 -0.341209 -0.202650 51.000000
-0.412090 -0.053391 -0.203518 53.000000
-0.006444 -0.387849 -0.203518 51.000000
0.121203 -0.468856 -0.207858 51.000000
-0.158024 -0.183492 -0.203518 51.000000
-0.024241 -0.244860 -0.206122 51.000000
-0.357472 0.127646 -0.206122 53.000000
0.013808 -0.232587 -0.204386 51.000000
0.256213 -0.459037 -0.206122 50.000000
-0.428045 0.257134 -0.201782 53.000000
-0.140227 -0.020865 -0.206990 50.000000
-0.200982 0.071801 -0.200047 50.000000
0.317582 -0.446763 -0.200915 50.000000
0.426818 -0.559681 -0.200915 50.000000
-0.044492 -0.068733 -0.206122 50.000000
-0.250690 0.177969 -0.200915 50.000000
0.021172 -0.086530 -0.207858 50.000000
-0.053084 0.073642 -0.203518 50.000000
0.002761 0.012887 -0.203518 52.000000
0.017490 -0.003068 -0.206122 52.000000
-0.026082 0.071187 -0.205254 50.000000
0.015035 0.027616 -0.200915 52.000000
0.188708 -0.133784 -0.206990 52.000000
-0.055539 0.130101 -0.206122 50.000000
0.148819 -0.064437 -0.205254 52.000000
-0.030991 0.158331 -0.204386 50.000000
0.224302 -0.040503 -0.206122 52.000000
0.324333 -0.016570 -0.207858 52.000000
0.892605 -0.281682 -0.204386 50.000000
0.550169 0.064437 -0.205254 50.000000
-0.099724 0.745014 -0.205254 50.000000
0.383860 0.254066 -0.207858 50.000000
0.953974 -0.293955 -0.206122 50.000000
0.064744 0.606321 -0.206122 50.000000
0.749003 -0.073029 -0.205254 50.000000
-0.058607 -0.408101 -0.193104 51.000000
0.183185 -0.629027 -0.193104 50.000000
-0.571648 0.187174 -0.191368 53.000000
-0.156183 -0.235655 -0.198311 51.000000
0.092973 -0.389077 -0.193104 51.000000
0.305308 -0.581774 -0.192236 50.000000
-0.196072 -0.039890 -0.192236 50.000000
-0.108929 -0.130715 -0.198311 50.000000
0.065357 -0.311138 -0.193104 51.000000
0.079472 -0.325253 -0.197443 51.000000
-0.330470 0.127646 -0.199179 50.000000
0.341516 -0.545566 -0.193971 50.000000
-0.256827 0.077324 -0.197443 50.000000
0.103406 -0.274317 -0.199179 51.000000
-0.045106 -0.093894 -0.198311 50.000000
0.045106 -0.083461 -0.193971 52.000000
0.414544 -0.446763 -0.193971 50.000000
0.137159 -0.155876 -0.195707 50.000000
-0.169070 0.173673 -0.192236 50.000000
-0.012581 0.031912 -0.192236 50.000000
-0.358699 0.409942 -0.193104 50.000000
0.091132 0.080393 -0.198311 50.000000
-0.036514 0.222768 -0.193104 50.000000
0.272783 -0.037435 -0.192236 52.000000
0.178276 0.150353 -0.193104 50.000000
0.245167 0.103099 -0.194839 50.000000
0.905493 -0.292114 -0.195707 50.000000
0.123658 0.508131 -0.193971 50.000000
0.966247 -0.329549 -0.194839 50.000000
0.396748 0.243633 -0.197443 50.000000
0.448297 0.212949 -0.198311 50.000000
0.711568 -0.057686 -0.198311 50.000000
0.409021 0.260816 -0.191368 50.000000
-0.444615 -0.254066 -0.188764 50.000000
-0.139614 -0.377416 -0.184425 51.000000
-0.021786 -0.421602 -0.185293 51.000000
-0.452593 0.012888 -0.185293 53.000000
-0.260510 -0.130101 -0.182689 50.000000
0.305308 -0.629641 -0.183557 50.000000
-0.191777 -0.122737 -0.188764 50.000000
-0.150046 -0.164468 -0.183557 51.000000
-0.515803 0.212335 -0.187896 53.000000
-0.401043 0.093894 -0.188764 53.000000
0.280147 -0.555385 -0.183557 50.000000
-0.180730 -0.081006 -0.187028 50.000000
-0.328629 0.071801 -0.189632 53.000000
-0.070267 -0.169377 -0.184425 51.000000
-0.286898 0.055845 -0.183557 50.000000
-0.415158 0.217245 -0.183557 53.000000
0.022399 -0.214176 -0.182689 51.000000
-0.045720 -0.117828 -0.188764 50.000000
-0.370359 0.225222 -0.189632 53.000000
0.438478 -0.570114 -0.185293 50.000000
-0.299785 0.204971 -0.182689 50.000000
0.164161 -0.234428 -0.187028 50.000000
-0.123044 0.071187 -0.184425 50.000000
-0.037742 -0.021479 -0.187028 52.000000
-0.153728 0.131329 -0.185293 50.000000
0.147591 -0.139307 -0.182689 52.000000
0.263578 -0.262657 -0.183557 52.000000
0.161092 -0.128260 -0.189632 52.000000
0.302240 -0.277999 -0.187028 52.000000
0.052470 0.015956 -0.185293 52.000000
0.105247 -0.013501 -0.182689 52.000000
0.224302 -0.116600 -0.188764 52.000000
0.078245 0.041731 -0.189632 52.000000
0.156183 0.011660 -0.182689 52.000000
-0.067812 0.258975 -0.184425 50.000000
0.234735 -0.021479 -0.190500 52.000000
0.309604 0.033753 -0.184425 52.000000
0.930654 -0.314821 -0.182689 50.000000
0.408408 0.233200 -0.186161 50.000000
0.034060 0.618595 -0.187896 50.000000
0.315741 0.341823 -0.187896 50.000000
0.798711 -0.146057 -0.182689 50.000000
0.247008 0.425284 -0.183557 50.000000
0.884014 -0.210494 -0.182689 50.000000
0.355017 0.327094 -0.182689 50.000000
0.368518 0.308684 -0.188764 50.000000
0.575330 0.099417 -0.187028 50.000000
0.798711 -0.119055 -0.182689 50.000000
0.046333 -0.710648 -0.180086 50.000000
-0.212642 -0.279840 -0.176614 51.000000
-0.199755 -0.266953 -0.176614 51.000000
-0.075177 -0.391531 -0.176614 51.000000
-0.215710 -0.226450 -0.175746 51.000000
0.093587 -0.513655 -0.181821 51.000000
-0.266033 -0.071801 -0.175746 50.000000
0.254372 -0.578705 -0.176614 50.000000
0.192390 -0.489721 -0.174878 51.000000
-0.096656 -0.193311 -0.178350 51.000000
-0.489414 0.212949 -0.176614 53.000000
0.328015 -0.480516 -0.177482 50.000000
-0.007671 -0.130101 -0.176614 50.000000
0.177048 -0.324640 -0.180086 50.000000
-0.178276 0.049095 -0.175746 50.000000
-0.165388 0.063210 -0.174878 50.000000
0.339675 -0.417306 -0.178350 50.000000
-0.095428 0.041117 -0.180953 50.000000
-0.420681 0.393372 -0.175746 50.000000
-0.305922 0.268794 -0.177482 50.000000
0.388769 -0.418533 -0.180086 50.000000
-0.043265 0.040503 -0.174010 50.000000
-0.028536 0.024547 -0.176614 50.000000
-0.059221 0.110463 -0.181821 50.000000
-0.075790 0.157717 -0.176614 50.000000
0.197300 -0.085916 -0.180953 52.000000
0.071494 0.161399 -0.179217 50.000000
0.323719 -0.089598 -0.180086 52.000000
0.473458 0.076097 -0.174878 50.000000
0.574716 0.016569 -0.181821 50.000000
0.355631 0.268794 -0.176614 50.000000
0.908561 -0.236269 -0.181821 50.000000
-0.375882 -0.116600 -0.167935 53.000000
-0.248849 -0.141761 -0.171407 50.000000
0.412703 -0.787358 -0.167067 50.000000
-0.108929 -0.258361 -0.169671 51.000000
-0.067199 -0.300092 -0.172275 51.000000
-0.053698 -0.313593 -0.172275 51.000000
0.254372 -0.602025 -0.165331 50.000000
-0.123658 -0.216631 -0.169671 51.000000
-0.167843 -0.146671 -0.169671 50.000000
-0.002762 -0.315434 -0.168803 51.000000
0.178889 -0.476220 -0.171407 51.000000
0.140227 -0.411783 -0.172275 51.000000
0.266646 -0.540657 -0.172275 50.000000
-0.227370 -0.031912 -0.173142 50.000000
0.075176 -0.344278 -0.168803 51.000000
0.253145 -0.502608 -0.168803 50.000000
0.352562 -0.603253 -0.165331 50.000000
0.164161 -0.360847 -0.170539 51.000000
-0.280761 0.103713 -0.167935 50.000000
-0.271556 0.176741 -0.171407 50.000000
0.351335 -0.427739 -0.166199 50.000000
0.461798 -0.543112 -0.172275 50.000000
0.388769 -0.441854 -0.172275 50.000000
0.486345 -0.543112 -0.167067 50.000000
-0.015649 -0.015342 -0.165331 50.000000
-0.143296 0.120896 -0.169671 50.000000
0.079472 -0.063823 -0.169671 52.000000
0.449524 -0.428966 -0.165331 50.000000
0.023013 0.024547 -0.165331 52.000000
0.063516 0.006137 -0.172275 52.000000
-0.048174 0.127647 -0.172275 50.000000
0.075790 0.020865 -0.167935 52.000000
0.234735 -0.098803 -0.173142 52.000000
0.220620 -0.055232 -0.167935 52.000000
-0.057380 0.279227 -0.170539 50.000000
-0.089905 0.344891 -0.167935 50.000000
0.164161 0.088371 -0.165331 50.000000
0.169684 0.311138 -0.167935 50.000000
-0.059834 0.707579 -0.168803 50.000000
-0.075790 0.727217 -0.168803 50.000000
0.737343 -0.076097 -0.172275 50.000000
0.073949 0.606935 -0.172275 50.000000
0.259282 0.415465 -0.169671 50.000000
0.872967 -0.195766 -0.173142 50.000000
-0.276465 -0.190242 -0.158388 50.000000
-0.223075 -0.167536 -0.160124 51.000000
0.153114 -0.524087 -0.158388 51.000000
-0.228598 -0.083461 -0.157521 50.000000
0.227984 -0.525315 -0.158388 50.000000
-0.214483 -0.071801 -0.163596 50.000000
0.351948 -0.627186 -0.159256 50.000000
-0.277079 0.020252 -0.157521 50.000000
-0.233507 0.001227 -0.160124 50.000000
-0.119976 -0.090212 -0.156653 50.000000
0.264191 -0.437558 -0.158388 50.000000
-0.180117 0.026388 -0.158388 50.000000
0.225529 -0.373121 -0.159256 50.000000
0.289352 -0.413624 -0.163596 50.000000
0.096042 -0.211721 -0.160992 50.000000
-0.199755 0.128260 -0.163596 50.000000
0.107088 -0.171218 -0.160124 50.000000
0.276465 -0.349187 -0.164464 50.000000
-0.114452 0.063823 -0.160992 50.000000
-0.158024 0.111077 -0.160124 50.000000
-0.003375 -0.001841 -0.164464 52.000000
0.274010 -0.269408 -0.157521 52.000000
0.117521 -0.103099 -0.157521 52.000000
-0.048174 0.074870 -0.157521 50.000000
0.170298 -0.132556 -0.156653 52.000000
0.031605 0.098190 -0.160124 50.000000
0.298558 -0.165081 -0.162728 52.000000
-0.016263 0.234428 -0.159256 50.000000
0.013194 0.202516 -0.159256 50.000000
0.258055 -0.041117 -0.163596 52.000000
0.164161 0.062596 -0.157521 52.000000
-0.032218 0.281068 -0.161860 50.000000
0.010126 0.262044 -0.161860 50.000000
0.282602 0.012887 -0.164464 52.000000
0.384474 -0.015342 -0.156653 50.000000
0.461184 -0.018411 -0.164464 50.000000
0.370359 0.112918 -0.157521 50.000000
0.537281 0.036821 -0.163596 50.000000
0.563056 0.066278 -0.160992 50.000000
0.848420 -0.219086 -0.160992 50.000000
0.420681 0.228291 -0.160992 50.000000
0.446456 0.200061 -0.156653 50.000000
0.934336 -0.284136 -0.164464 50.000000
0.485732 0.184105 -0.157521 50.000000
0.271556 0.404419 -0.156653 50.000000
0.923289 -0.243633 -0.160124 50.000000
-0.066585 -0.425898 -0.153181 51.000000
-0.295490 -0.119669 -0.154917 50.000000
0.036514 -0.430807 -0.155785 51.000000
-0.315128 -0.047254 -0.153181 50.000000
-0.141455 -0.198834 -0.154917 51.000000
-0.074563 -0.241178 -0.149710 51.000000
-0.059834 -0.255907 -0.150577 51.000000
-0.173366 -0.114145 -0.154917 50.000000
-0.059834 -0.230132 -0.155785 51.000000
0.213255 -0.435717 -0.152313 50.000000
-0.022400 -0.191470 -0.155785 51.000000
0.188094 -0.409328 -0.153181 51.000000
-0.080700 -0.104940 -0.149710 50.000000
0.070881 -0.262657 -0.155785 51.000000
-0.208960 0.029457 -0.154049 50.000000
-0.271556 0.122737 -0.154917 50.000000
-0.138386 -0.017797 -0.152313 50.000000
0.014422 -0.152194 -0.154049 50.000000
-0.013808 -0.095735 -0.154917 50.000000
-0.186867 0.088371 -0.148842 50.000000
-0.282602 0.245474 -0.151445 50.000000
-0.118135 0.095735 -0.153181 50.000000
-0.347653 0.344891 -0.155785 50.000000
0.034059 0.013501 -0.152313 52.000000
0.088678 -0.043572 -0.148842 52.000000
0.101565 -0.031912 -0.154049 52.000000
-0.220620 0.349187 -0.149710 50.000000
-0.223075 0.382326 -0.148842 50.000000
-0.215097 0.461491 -0.150577 50.000000
0.202823 0.048481 -0.151445 52.000000
-0.223075 0.559067 -0.155785 50.000000
0.511507 0.041731 -0.148842 50.000000
0.341516 0.263271 -0.154049 50.000000
0.074563 0.549862 -0.151445 50.000000
0.787665 -0.125192 -0.155785 50.000000
0.115680 0.561522 -0.154917 50.000000
-0.016263 -0.451672 -0.139295 51.000000
-0.265419 -0.201289 -0.144502 51.000000
-0.373428 -0.067505 -0.142767 53.000000
-0.469776 0.057073 -0.143634 53.000000
-0.306536 -0.001841 -0.143634 50.000000
-0.218165 -0.092666 -0.140163 50.000000
0.213869 -0.485425 -0.146238 51.000000
0.250690 -0.523474 -0.141031 50.000000
-0.008285 -0.257134 -0.147106 51.000000
-0.267260 0.037435 -0.145370 50.000000
0.262350 -0.484811 -0.139295 50.000000
-0.316968 0.116600 -0.141031 50.000000
-0.302240 0.128874 -0.146238 50.000000
0.362995 -0.537588 -0.144502 50.000000
-0.214483 0.063210 -0.142767 50.000000
-0.070267 -0.088371 -0.139295 50.000000
-0.248849 0.155262 -0.141031 50.000000
0.399816 -0.424670 -0.147106 50.000000
0.033446 -0.011660 -0.143634 52.000000
0.194231 -0.130715 -0.147106 52.000000
-0.070881 0.185947 -0.139295 50.000000
0.084995 0.041117 -0.147106 52.000000
0.164774 -0.016570 -0.140163 52.000000
-0.293035 0.491562 -0.140163 50.000000
0.135318 0.069346 -0.141899 52.000000
-0.231053 0.450445 -0.141031 50.000000
0.107088 0.128260 -0.145370 50.000000
0.105861 0.158944 -0.142767 50.000000
0.021786 0.251611 -0.147106 50.000000
0.332311 0.018410 -0.145370 52.000000
0.317582 0.092053 -0.141031 50.000000
0.447070 0.059527 -0.142767 50.000000
0.485732 0.017183 -0.139295 50.000000
-0.123658 0.727217 -0.145370 50.000000
0.874808 -0.214790 -0.146238 50.000000
0.339061 0.330776 -0.141031 50.000000
-0.059221 -0.384167 -0.134088 51.000000
-0.198527 -0.243633 -0.131484 51.000000
-0.364222 -0.023934 -0.136691 53.000000
-0.200982 -0.189629 -0.134088 51.000000
-0.158024 -0.232587 -0.134088 51.000000
0.056766 -0.349187 -0.134088 51.000000
-0.040196 -0.198220 -0.132352 51.000000
-0.494937 0.276158 -0.133220 53.000000
-0.271556 0.069960 -0.137559 50.000000
-0.256827 0.054004 -0.135823 50.000000
-0.168457 -0.038049 -0.134088 50.000000
0.312673 -0.510586 -0.136691 50.000000
0.362381 -0.561522 -0.134088 50.000000
-0.397361 0.201902 -0.135823 53.000000
0.132249 -0.298251 -0.130616 51.000000
0.412089 -0.562136 -0.135823 50.000000
0.261737 -0.408101 -0.137559 50.000000
0.286284 -0.382326 -0.137559 50.000000
-0.089905 0.014728 -0.130616 50.000000
0.247622 -0.315434 -0.133220 50.000000
0.116293 -0.177969 -0.133220 50.000000
-0.092360 0.069960 -0.138427 50.000000
-0.202209 0.246088 -0.131484 50.000000
-0.169684 0.209880 -0.137559 50.000000
-0.027923 0.111077 -0.133220 50.000000
0.084382 -0.009819 -0.131484 52.000000
0.307763 -0.117828 -0.137559 52.000000
0.077017 0.191470 -0.137559 50.000000
0.212642 0.097576 -0.135823 50.000000
-0.247622 0.622891 -0.136691 50.000000
0.329856 0.081006 -0.130616 50.000000
0.382633 0.022093 -0.130616 50.000000
0.381405 0.108009 -0.130616 50.000000
0.498006 0.120282 -0.132352 50.000000
0.825714 -0.212335 -0.132352 50.000000
0.256214 0.401350 -0.131484 50.000000
0.912857 -0.251611 -0.135823 50.000000
0.852102 -0.184719 -0.132352 50.000000
1.000000 -0.315434 -0.135823 50.000000
-0.035901 -0.357165 -0.123673 51.000000
-0.251304 -0.058300 -0.126277 50.000000
-0.150046 -0.162013 -0.123673 51.000000
0.030377 -0.347346 -0.128880 51.000000
0.248849 -0.544953 -0.121937 50.000000
0.324333 -0.622891 -0.128880 50.000000
-0.094815 -0.192697 -0.123673 51.000000
-0.081313 -0.207426 -0.122805 51.000000
-0.153115 -0.106168 -0.123673 50.000000
0.029150 -0.294569 -0.129748 51.000000
0.106474 -0.348573 -0.121937 51.000000
-0.140227 -0.093280 -0.123673 50.000000
0.299785 -0.522246 -0.129748 50.000000
0.053084 -0.266953 -0.121937 51.000000
0.039583 -0.227677 -0.128880 51.000000
0.023627 -0.184719 -0.121937 50.000000
0.075176 -0.133170 -0.125409 50.000000
0.373427 -0.420374 -0.126277 50.000000
0.423136 -0.472538 -0.127145 50.000000
-0.095428 0.102485 -0.128880 50.000000
0.086223 -0.065664 -0.129748 52.000000
-0.040810 0.071187 -0.124541 50.000000
0.281375 -0.112304 -0.121937 52.000000
0.291194 0.041117 -0.123673 52.000000
0.407180 0.079779 -0.127145 50.000000
0.510893 0.139306 -0.121937 50.000000
0.827554 -0.155263 -0.123673 50.000000
0.950905 -0.288432 -0.129748 50.000000
-0.127340 -0.390918 -0.119334 51.000000
-0.301013 -0.191470 -0.115862 50.000000
-0.116907 -0.351028 -0.113258 51.000000
-0.258668 -0.208039 -0.114126 51.000000
-0.116907 -0.326481 -0.121069 51.000000
-0.118748 -0.273090 -0.121069 51.000000
-0.342130 -0.019024 -0.113258 53.000000
-0.280147 -0.082234 -0.117598 50.000000
-0.235348 -0.128260 -0.118466 50.000000
0.311445 -0.608776 -0.118466 50.000000
-0.139000 -0.147284 -0.115862 50.000000
-0.124885 -0.161399 -0.114994 51.000000
-0.331083 0.050936 -0.121069 53.000000
-0.126112 -0.134397 -0.117598 50.000000
0.079472 -0.346119 -0.114994 51.000000
-0.015649 -0.221540 -0.114994 51.000000
0.145136 -0.388463 -0.120202 51.000000
-0.230439 0.000614 -0.114994 50.000000
0.011353 -0.223995 -0.118466 51.000000
-0.072108 -0.136852 -0.115862 50.000000
0.024240 -0.211108 -0.118466 51.000000
0.272783 -0.468242 -0.114994 50.000000
-0.391224 0.225223 -0.114126 53.000000
0.247622 -0.417306 -0.121069 50.000000
-0.103406 -0.051550 -0.116730 50.000000
-0.104020 -0.023934 -0.119334 50.000000
-0.331083 0.216631 -0.120202 50.000000
0.435410 -0.483584 -0.118466 50.000000
0.086223 -0.117214 -0.114994 50.000000
0.153728 -0.189629 -0.119334 50.000000
-0.053084 0.030684 -0.119334 50.000000
-0.392452 0.398282 -0.117598 50.000000
-0.131635 0.200061 -0.116730 50.000000
-0.192390 0.265726 -0.118466 50.000000
0.136545 -0.063210 -0.114126 52.000000
-0.387542 0.481743 -0.113258 50.000000
0.092360 0.066892 -0.114126 52.000000
0.292421 -0.069346 -0.115862 52.000000
0.354403 0.085916 -0.114126 50.000000
0.394906 0.039276 -0.121069 50.000000
0.378951 0.230746 -0.121069 50.000000
-0.102792 0.775084 -0.120202 50.000000
0.323719 0.357165 -0.118466 50.000000
-0.376496 -0.142989 -0.110655 53.000000
-0.145750 -0.347960 -0.105447 51.000000
-0.146978 -0.295183 -0.109787 51.000000
-0.163547 -0.252838 -0.106316 51.000000
-0.179503 -0.184106 -0.108919 51.000000
-0.268487 -0.066892 -0.111523 50.000000
0.092360 -0.410556 -0.105447 51.000000
-0.333538 0.026389 -0.106316 53.000000
-0.310218 0.112304 -0.108919 50.000000
-0.132249 -0.047254 -0.109787 50.000000
-0.133477 -0.019024 -0.110655 50.000000
0.296717 -0.440626 -0.104580 50.000000
0.397361 -0.520405 -0.111523 50.000000
-0.432955 0.327094 -0.105447 53.000000
0.296717 -0.390304 -0.108919 50.000000
0.017490 -0.070574 -0.109787 52.000000
0.166002 -0.227677 -0.107183 50.000000
-0.216938 0.181037 -0.104580 50.000000
-0.188095 0.177969 -0.107183 50.000000
0.138386 -0.144830 -0.108919 52.000000
0.447683 -0.444308 -0.109787 50.000000
0.282602 -0.270635 -0.107183 52.000000
-0.087450 0.123964 -0.107183 50.000000
0.109543 -0.060755 -0.108919 52.000000
-0.215710 0.350414 -0.108051 50.000000
-0.140227 0.297024 -0.106316 50.000000
0.200368 -0.022706 -0.109787 52.000000
0.088064 0.157103 -0.109787 50.000000
-0.072722 0.337527 -0.108919 50.000000
0.224916 0.033753 -0.110655 52.000000
0.458730 0.028229 -0.108051 50.000000
0.393065 0.102485 -0.104580 50.000000
0.497392 0.070574 -0.108919 50.000000
0.523780 0.071187 -0.107183 50.000000
0.926971 -0.311139 -0.108919 50.000000
0.484504 0.173059 -0.110655 50.000000
0.458116 0.204357 -0.107183 50.000000
0.601105 0.071187 -0.107183 50.000000
0.626879 0.040503 -0.112391 50.000000
0.335992 -0.830930 -0.100240 50.000000
-0.164161 -0.277999 -0.095901 51.000000
0.093587 -0.513655 -0.101108 51.000000
-0.107702 -0.309911 -0.102844 51.000000
-0.053698 -0.363915 -0.096769 51.000000
-0.053698 -0.338141 -0.101976 51.000000
0.157410 -0.501381 -0.099372 51.000000
-0.569807 0.299478 -0.096769 53.000000
-0.277693 0.023320 -0.100240 50.000000
-0.032832 -0.203130 -0.096769 51.000000
-0.358699 0.136238 -0.097637 53.000000
-0.296103 0.069960 -0.097637 50.000000
-0.118748 -0.087757 -0.098505 50.000000
0.270328 -0.387235 -0.099372 50.000000
-0.401043 0.292728 -0.102844 53.000000
-0.307150 0.220927 -0.100240 50.000000
-0.126726 0.056459 -0.097637 50.000000
-0.013808 -0.008592 -0.098505 52.000000
-0.073335 0.082847 -0.096769 50.000000
0.039583 -0.010433 -0.095901 52.000000
-0.194231 0.241792 -0.100240 50.000000
-0.226143 0.277386 -0.096769 50.000000
0.304081 -0.077324 -0.096769 52.000000
0.140841 0.130101 -0.095901 50.000000
0.027309 0.257134 -0.095901 50.000000
0.168457 0.127033 -0.101108 50.000000
0.328628 0.061369 -0.102844 50.000000
0.233507 0.169991 -0.096769 50.000000
0.445842 0.102485 -0.103712 50.000000
0.391224 0.224609 -0.098505 50.000000
0.510279 0.117827 -0.098505 50.000000
0.841056 -0.190856 -0.102844 50.000000
0.523780 0.160785 -0.102844 50.000000
0.536668 0.145443 -0.101976 50.000000
0.588831 0.087143 -0.101976 50.000000
0.779073 -0.095735 -0.101976 50.000000
-0.189322 -0.330163 -0.094165 51.000000
0.233507 -0.654802 -0.088090 50.000000
-0.536668 0.125192 -0.094165 53.000000
-0.362995 -0.023934 -0.088958 53.000000
-0.445229 0.087757 -0.087222 53.000000
-0.043265 -0.322798 -0.090694 51.000000
-0.016263 -0.349801 -0.087222 51.000000
-0.259282 -0.076097 -0.091562 50.000000
0.035900 -0.300092 -0.092429 51.000000
-0.189322 -0.067505 -0.095033 50.000000
0.270942 -0.515496 -0.093297 50.000000
-0.191163 -0.038662 -0.095033 50.000000
-0.049402 -0.159558 -0.091562 50.000000
-0.036514 -0.145443 -0.088958 50.000000
0.346425 -0.490335 -0.091562 50.000000
0.044492 -0.177355 -0.088958 50.000000
-0.259896 0.144216 -0.091562 50.000000
0.178889 -0.290887 -0.091562 50.000000
0.071494 -0.178582 -0.090694 50.000000
-0.246395 0.156490 -0.095033 50.000000
0.057380 -0.137466 -0.094165 50.000000
-0.100338 0.057073 -0.092429 50.000000
0.054311 -0.053391 -0.095033 52.000000
-0.133477 0.149126 -0.091562 50.000000
0.052470 -0.024547 -0.091562 52.000000
-0.370973 0.407487 -0.089826 50.000000
0.037742 0.018411 -0.095033 52.000000
-0.183185 0.258975 -0.092429 50.000000
0.064130 0.017797 -0.092429 52.000000
-0.037742 0.157717 -0.088958 50.000000
0.252531 -0.130101 -0.089826 52.000000
0.131022 0.029457 -0.091562 52.000000
-0.260509 0.493403 -0.091562 50.000000
0.127340 0.117828 -0.089826 50.000000
0.180117 0.144830 -0.089826 50.000000
0.123658 0.208653 -0.088090 50.000000
0.354403 -0.019638 -0.087222 52.000000
0.023013 0.320344 -0.095033 50.000000
0.484504 0.004909 -0.091562 50.000000
0.677815 -0.064437 -0.087222 50.000000
-0.139613 0.797177 -0.087222 50.000000
0.180730 0.505063 -0.092429 50.000000
0.868058 -0.187174 -0.090694 50.000000
-0.180730 -0.287205 -0.081147 51.000000
-0.301626 -0.113532 -0.082015 50.000000
-0.225529 -0.189629 -0.086354 51.000000
-0.115066 -0.249770 -0.079411 51.000000
0.035287 -0.376803 -0.078543 51.000000
0.283216 -0.603866 -0.085486 50.000000
0.218165 -0.435717 -0.083751 50.000000
-0.194845 -0.006751 -0.084618 50.000000
-0.165388 -0.037435 -0.085486 50.000000
-0.093587 -0.111691 -0.080279 50.000000
-0.095428 -0.057073 -0.086354 50.000000
-0.353790 0.216017 -0.086354 50.000000
0.229825 -0.344278 -0.084618 50.000000
0.332310 -0.423443 -0.080279 50.000000
-0.445842 0.371893 -0.078543 53.000000
-0.042651 -0.031298 -0.084618 52.000000
0.396134 -0.463946 -0.083751 50.000000
0.026082 -0.076711 -0.082015 52.000000
0.509052 -0.478675 -0.085486 50.000000
0.132863 -0.081620 -0.082883 52.000000
0.534213 -0.478061 -0.083751 50.000000
-0.036514 0.101258 -0.079411 50.000000
0.045106 0.125192 -0.082015 50.000000
0.167229 0.103713 -0.082883 50.000000
-0.269101 0.567045 -0.081147 50.000000
0.179503 0.118441 -0.081147 50.000000
0.177048 0.208039 -0.082015 50.000000
0.483891 0.065664 -0.084618 50.000000
0.536054 0.036821 -0.080279 50.000000
0.403498 0.244247 -0.086354 50.000000
0.830623 -0.170605 -0.079411 50.000000
0.691316 -0.019024 -0.078543 50.000000
0.767413 -0.102486 -0.078543 50.000000
0.575944 0.108622 -0.083751 50.000000
-0.001534 -0.466401 -0.074204 51.000000
-0.329856 -0.136852 -0.074204 50.000000
-0.113225 -0.330163 -0.074204 51.000000
-0.424977 -0.014728 -0.075940 53.000000
-0.410249 -0.030684 -0.074204 53.000000
-0.347653 -0.093280 -0.074204 53.000000
-0.301013 -0.139920 -0.077675 50.000000
-0.228598 -0.213563 -0.071600 51.000000
-0.143296 -0.247315 -0.075940 51.000000
0.009512 -0.402578 -0.076807 51.000000
-0.323105 -0.036821 -0.073336 50.000000
-0.033446 -0.332617 -0.070732 51.000000
-0.516416 0.160172 -0.073336 53.000000
-0.308991 -0.023934 -0.074204 50.000000
0.007057 -0.347346 -0.070732 51.000000
-0.405339 0.101872 -0.076807 53.000000
-0.392452 0.115987 -0.075940 53.000000
0.332924 -0.603253 -0.075072 50.000000
-0.437865 0.276772 -0.071600 53.000000
0.242712 -0.381712 -0.074204 50.000000
-0.042651 -0.084075 -0.072468 50.000000
-0.361154 0.254066 -0.070732 50.000000
-0.328015 0.218472 -0.073336 50.000000
0.026695 -0.130101 -0.073336 50.000000
-0.221847 0.133170 -0.069864 50.000000
-0.429273 0.354097 -0.077675 53.000000
-0.045106 0.000614 -0.075940 50.000000
-0.150046 0.139920 -0.077675 50.000000
0.210801 -0.109236 -0.071600 52.000000
0.083768 0.112304 -0.070732 50.000000
-0.016263 0.223381 -0.072468 50.000000
0.301626 -0.041731 -0.070732 52.000000
-0.065358 0.336300 -0.071600 50.000000
0.261123 0.029457 -0.076807 52.000000
-0.051243 0.350414 -0.075072 50.000000
0.298558 0.102485 -0.072468 50.000000
-0.161092 0.665235 -0.069864 50.000000
0.510279 0.098189 -0.072468 50.000000
0.562443 0.066891 -0.077675 50.000000
0.092360 0.551703 -0.077675 50.000000
0.456889 0.187174 -0.075072 50.000000
0.717091 -0.073029 -0.069864 50.000000
-0.092973 0.745627 -0.073336 50.000000
0.362381 0.297637 -0.071600 50.000000
-0.016263 0.684873 -0.072468 50.000000
0.806076 -0.142375 -0.074204 50.000000
-0.239644 -0.306843 -0.062053 51.000000
-0.245167 -0.169991 -0.068997 51.000000
-0.188708 -0.227677 -0.061186 51.000000
0.230439 -0.625959 -0.061186 50.000000
-0.232280 -0.155876 -0.066393 50.000000
0.191776 -0.535747 -0.065525 51.000000
-0.373428 0.041731 -0.068129 53.000000
-0.283830 -0.022093 -0.062053 50.000000
-0.080086 -0.179196 -0.067261 51.000000
-0.065971 -0.193311 -0.065525 51.000000
0.003375 -0.265112 -0.065525 51.000000
0.216938 -0.484811 -0.068997 51.000000
-0.156183 -0.018411 -0.067261 50.000000
0.215710 -0.379258 -0.065525 50.000000
0.318809 -0.486039 -0.063789 50.000000
-0.161092 0.041731 -0.062921 50.000000
-0.396748 0.292114 -0.062921 53.000000
0.432955 -0.526542 -0.068129 50.000000
0.010126 -0.084075 -0.062053 52.000000
0.078858 -0.129488 -0.063789 50.000000
0.251304 -0.204971 -0.063789 52.000000
0.143909 -0.063210 -0.067261 52.000000
0.099724 0.041117 -0.061186 52.000000
0.248236 -0.037435 -0.062921 52.000000
-0.018717 0.255293 -0.068997 50.000000
0.274010 0.017797 -0.066393 52.000000
0.139613 0.406260 -0.062921 50.000000
-0.030377 0.670758 -0.068129 50.000000
0.278306 0.398895 -0.064657 50.000000
0.971157 -0.286591 -0.065525 50.000000
0.116293 -0.864069 -0.054243 50.000000
-0.171525 -0.296410 -0.060318 51.000000
-0.061675 -0.381712 -0.054243 51.000000
-0.277693 -0.137466 -0.059450 50.000000
-0.007057 -0.384781 -0.060318 51.000000
-0.311445 -0.048481 -0.060318 50.000000
0.018717 -0.384781 -0.055110 51.000000
-0.335993 0.086530 -0.059450 53.000000
-0.519485 0.278613 -0.052507 53.000000
-0.126112 -0.103713 -0.056846 50.000000
0.054925 -0.265112 -0.055978 51.000000
0.081927 -0.292114 -0.053375 51.000000
0.227984 -0.443081 -0.054243 50.000000
-0.375882 0.213562 -0.056846 53.000000
-0.281375 0.114146 -0.052507 50.000000
-0.250690 0.109236 -0.060318 50.000000
0.159865 -0.268181 -0.053375 50.000000
0.343357 -0.433262 -0.058582 50.000000
0.356244 -0.419147 -0.052507 50.000000
-0.278306 0.281682 -0.058582 50.000000
0.154342 -0.018411 -0.056846 52.000000
-0.138386 0.332004 -0.059450 50.000000
-0.201596 0.402578 -0.057714 50.000000
0.270328 0.138079 -0.058582 50.000000
0.430500 0.104326 -0.058582 50.000000
0.363609 0.179810 -0.060318 50.000000
0.196072 0.371893 -0.060318 50.000000
0.456275 0.163240 -0.059450 50.000000
0.944768 -0.312980 -0.060318 50.000000
0.970543 -0.338754 -0.059450 50.000000
0.781528 -0.137466 -0.054243 50.000000
0.844738 -0.205585 -0.056846 50.000000
0.264192 0.387235 -0.056846 50.000000
0.192390 0.471310 -0.057714 50.000000
0.756367 -0.082848 -0.057714 50.000000
0.050015 -0.748696 -0.047299 50.000000
-0.428046 -0.065664 -0.051639 53.000000
-0.293035 -0.147898 -0.051639 50.000000
0.254986 -0.624732 -0.051639 50.000000
-0.239644 -0.121510 -0.044696 50.000000
-0.493710 0.165695 -0.049903 53.000000
0.305308 -0.624732 -0.043828 50.000000
-0.027309 -0.258975 -0.043828 51.000000
0.149432 -0.440626 -0.048167 51.000000
-0.439092 0.222768 -0.049035 53.000000
0.278920 -0.495244 -0.045564 50.000000
-0.441547 0.253452 -0.050771 53.000000
0.188094 -0.374962 -0.047299 51.000000
-0.175207 0.001841 -0.051639 50.000000
0.024240 -0.179196 -0.048167 50.000000
0.038355 -0.194538 -0.050771 50.000000
-0.349494 0.214176 -0.047299 50.000000
0.092973 -0.224609 -0.051639 50.000000
-0.104633 -0.015956 -0.048167 50.000000
-0.096042 0.057686 -0.045564 50.000000
0.470390 -0.509973 -0.044696 50.000000
0.104020 -0.127647 -0.051639 50.000000
-0.189322 0.214790 -0.048167 50.000000
0.275851 -0.228291 -0.043828 52.000000
0.457502 -0.418533 -0.044696 50.000000
0.262964 -0.214176 -0.046432 52.000000
-0.355017 0.455355 -0.051639 50.000000
0.167229 -0.058300 -0.046432 52.000000
-0.187481 0.388463 -0.050771 50.000000
0.232893 -0.018411 -0.049035 52.000000
0.135931 0.089598 -0.044696 50.000000
-0.129181 0.382940 -0.050771 50.000000
0.131635 0.209267 -0.046432 50.000000
0.324333 0.023934 -0.043828 52.000000
0.028536 0.355324 -0.048167 50.000000
0.417613 0.005523 -0.051639 50.000000
0.336606 0.124578 -0.049903 50.000000
0.509666 0.049708 -0.044696 50.000000
0.334152 0.276772 -0.048167 50.000000
0.482663 0.138079 -0.044696 50.000000
0.148205 0.493403 -0.051639 50.000000
0.705431 -0.051550 -0.046432 50.000000
0.820804 -0.148512 -0.048167 50.000000
0.146364 0.530838 -0.043828 50.000000
0.469162 0.212949 -0.047299 50.000000
0.705431 -0.024548 -0.050771 50.000000
-0.525622 -0.213562 -0.039488 50.000000
-0.399816 -0.093894 -0.040356 53.000000
0.151887 -0.621050 -0.042092 50.000000
-0.323719 -0.142989 -0.042960 50.000000
-0.359313 -0.054618 -0.042092 53.000000
-0.208960 -0.206198 -0.036885 51.000000
-0.409021 0.023320 -0.042092 53.000000
-0.027309 -0.311752 -0.036017 51.000000
0.227984 -0.546180 -0.042092 51.000000
-0.214483 -0.092666 -0.038621 50.000000
-0.540964 0.301319 -0.041224 53.000000
-0.348266 0.184719 -0.042960 50.000000
-0.385088 0.252225 -0.039488 53.000000
0.063516 -0.191470 -0.037753 50.000000
0.172139 -0.306229 -0.041224 50.000000
0.406566 -0.496472 -0.042960 50.000000
0.062289 -0.137466 -0.042092 50.000000
0.303467 -0.335686 -0.039488 50.000000
-0.380178 0.363915 -0.038621 50.000000
0.431727 -0.416079 -0.036017 50.000000
0.012580 0.082847 -0.039488 50.000000
0.051856 0.125805 -0.036885 50.000000
-0.317582 0.505063 -0.042092 50.000000
0.162933 0.060141 -0.038621 52.000000
-0.103406 0.387849 -0.035149 50.000000
0.882786 -0.269408 -0.042960 50.000000
0.601718 0.066891 -0.036017 50.000000
0.972998 -0.308070 -0.042960 50.000000
0.115066 0.570727 -0.036017 50.000000
-0.420068 -0.289659 -0.029074 50.000000
-0.355631 -0.138079 -0.031678 53.000000
-0.265419 -0.228291 -0.028206 51.000000
-0.207119 -0.286591 -0.026470 51.000000
-0.330470 -0.110463 -0.026470 50.000000
-0.026695 -0.363915 -0.027338 51.000000
-0.055539 -0.282295 -0.032545 51.000000
-0.294262 0.016569 -0.033413 50.000000
-0.513348 0.301933 -0.030810 53.000000
-0.308377 0.200062 -0.032545 50.000000
-0.496778 0.432648 -0.027338 53.000000
-0.205891 0.177355 -0.028206 50.000000
0.056766 -0.047254 -0.026470 52.000000
-0.374041 0.448604 -0.033413 50.000000
-0.336606 0.527769 -0.034281 50.000000
-0.160479 0.362688 -0.029942 50.000000
-0.039583 0.256520 -0.031678 50.000000
-0.359313 0.586069 -0.027338 50.000000
-0.285670 0.626573 -0.033413 50.000000
-0.270328 0.610003 -0.028206 50.000000
0.239030 0.211108 -0.028206 50.000000
0.196686 0.259589 -0.027338 50.000000
0.221847 0.321571 -0.027338 50.000000
0.441547 0.219699 -0.031678 50.000000
0.288739 0.397054 -0.031678 50.000000
0.174593 -0.620436 -0.025603 50.000000
-0.480823 0.097576 -0.021263 53.000000
0.039583 -0.405646 -0.020395 51.000000
-0.216938 -0.117214 -0.022999 50.000000
0.011353 -0.350414 -0.017792 51.000000
0.159251 -0.474992 -0.018659 51.000000
-0.328015 0.052777 -0.022999 53.000000
-0.561215 0.294569 -0.022131 53.000000
0.008285 -0.240565 -0.020395 51.000000
-0.552010 0.343050 -0.020395 53.000000
0.379564 -0.544339 -0.019527 50.000000
-0.228598 0.088371 -0.025603 50.000000
0.354403 -0.466401 -0.024735 50.000000
0.169070 -0.246701 -0.019527 50.000000
0.222461 -0.302547 -0.019527 50.000000
0.221847 -0.274931 -0.019527 50.000000
-0.224916 0.227064 -0.022999 50.000000
-0.350721 0.484198 -0.022999 50.000000
0.231052 -0.038662 -0.022131 52.000000
0.298558 -0.111077 -0.020395 52.000000
-0.259282 0.474992 -0.021263 50.000000
0.495551 0.042958 -0.020395 50.000000
0.428659 0.146671 -0.024735 50.000000
0.359313 0.288432 -0.018659 50.000000
0.275238 0.384781 -0.024735 50.000000
0.289353 0.369439 -0.020395 50.000000
0.345198 0.305001 -0.017792 50.000000
0.615219 0.058300 -0.017792 50.000000
-0.237190 -0.310525 -0.014320 51.000000
-0.240872 -0.254066 -0.010848 50.000000
0.146364 -0.539429 -0.013452 51.000000
-0.188708 -0.172446 -0.009981 51.000000
-0.572875 0.219086 -0.012584 53.000000
-0.189322 -0.144830 -0.013452 50.000000
0.251304 -0.594047 -0.015188 50.000000
0.118748 -0.407487 -0.016056 51.000000
-0.378337 0.104326 -0.016056 53.000000
-0.266646 0.158331 -0.009981 50.000000
0.288739 -0.397054 -0.016056 50.000000
0.314514 -0.398282 -0.015188 50.000000
0.112611 -0.186560 -0.009113 50.000000
0.443387 -0.479288 -0.016924 50.000000
0.508438 -0.413010 -0.013452 50.000000
0.019945 0.136852 -0.011716 50.000000
0.189935 -0.020865 -0.015188 52.000000
-0.193004 0.370666 -0.016924 50.000000
0.187481 0.067505 -0.016056 52.000000
0.130408 0.130715 -0.012584 50.000000
-0.253145 0.562136 -0.015188 50.000000
0.199755 0.111691 -0.015188 50.000000
0.184412 0.158944 -0.011716 50.000000
0.348880 0.034980 -0.009981 50.000000
0.415158 0.135624 -0.014320 50.000000
0.667383 -0.025775 -0.009981 50.000000
0.007057 0.643142 -0.012584 50.000000
0.899969 -0.247315 -0.009981 50.000000
0.244554 0.425284 -0.009113 50.000000
-0.123044 0.800246 -0.012584 50.000000
-0.010739 0.696533 -0.016056 50.000000
-0.380178 -0.113532 -0.001302 53.000000
-0.399816 -0.041117 -0.006509 53.000000
-0.087450 -0.301933 -0.004773 51.000000
-0.281375 -0.078552 -0.003038 50.000000
0.145750 -0.513041 -0.008245 51.000000
-0.075790 -0.260816 -0.001302 51.000000
-0.596809 0.273704 -0.003038 53.000000
0.170911 -0.485425 -0.000434 51.000000
0.340288 -0.554158 -0.000434 50.000000
-0.192390 0.108622 -0.001302 50.000000
0.378951 -0.436944 -0.006509 50.000000
-0.490641 0.458423 -0.004773 53.000000
-0.411476 0.433262 -0.001302 50.000000
0.520712 -0.478061 -0.006509 50.000000
0.189322 -0.074256 -0.001302 52.000000
0.270328 -0.106168 -0.004773 52.000000
0.100951 0.163854 -0.008245 50.000000
-0.206505 0.510586 -0.003905 50.000000
-0.208346 0.543112 -0.008245 50.000000
0.415158 0.049709 -0.004773 50.000000
0.442160 0.048481 -0.006509 50.000000
0.427432 0.183492 -0.006509 50.000000
-0.170298 0.792268 -0.003038 50.000000
0.372814 0.246701 -0.005641 50.000000
-0.105861 0.748696 -0.002170 50.000000
0.548328 0.108008 -0.003038 50.000000
0.588831 0.061368 -0.008245 50.000000
0.733047 -0.066892 -0.003905 50.000000
-0.186254 -0.308684 0.006509 51.000000
-0.433569 -0.033139 0.008245 53.000000
-0.132249 -0.257134 0.001302 51.000000
-0.297331 -0.061369 0.000434 50.000000
-0.347653 0.017183 0.004773 53.000000
-0.077631 -0.231973 0.001302 51.000000
-0.480823 0.183492 0.003906 53.000000
-0.467935 0.198834 0.006509 53.000000
-0.109543 -0.144830 0.004773 50.000000
-0.081313 -0.146057 0.004773 50.000000
-0.579626 0.373121 0.006509 53.000000
0.126726 -0.307456 0.008245 51.000000
-0.513348 0.363302 0.001302 53.000000
-0.092360 0.088371 0.003906 50.000000
-0.004603 -0.005523 0.005641 52.000000
-0.361768 0.378644 0.003038 50.000000
0.390611 -0.367598 0.007377 50.000000
0.533599 -0.435717 0.005641 50.000000
-0.307763 0.441240 0.005641 50.000000
-0.087450 0.256520 0.001302 50.000000
-0.091746 0.320957 0.002170 50.000000
0.027923 0.217245 0.001302 50.000000
0.169684 0.120896 0.007377 50.000000
0.069040 0.231359 0.003906 50.000000
-0.083154 0.403191 0.006509 50.000000
0.181344 0.193924 0.000434 50.000000
0.347039 0.099417 0.005641 50.000000
0.467935 0.172446 0.005641 50.000000
0.901810 -0.216017 0.005641 50.000000
-0.307150 -0.187788 0.012584 50.000000
-0.232280 -0.235655 0.009113 51.000000
-0.218165 -0.249770 0.012584 51.000000
-0.468549 0.001841 0.016924 53.000000
-0.360540 -0.025161 0.009113 53.000000
-0.178889 -0.209267 0.015188 51.000000
0.364836 -0.708807 0.014320 50.000000
-0.503529 0.235655 0.009981 53.000000
-0.201596 -0.049095 0.016056 50.000000
-0.329856 0.141761 0.015188 50.000000
-0.515803 0.336300 0.016056 53.000000
0.084382 -0.235655 0.013452 50.000000
-0.311445 0.295183 0.009981 50.000000
0.272169 -0.297024 0.011717 50.000000
0.493710 -0.500154 0.016924 50.000000
-0.449524 0.476220 0.009113 50.000000
0.285057 -0.255907 0.009981 52.000000
0.031605 0.099417 0.012584 50.000000
-0.088064 0.230132 0.013452 50.000000
-0.328628 0.495244 0.009113 50.000000
-0.198527 0.567659 0.009113 50.000000
0.374655 0.011660 0.010849 52.000000
0.372814 0.190242 0.009113 50.000000
0.231052 0.354096 0.012584 50.000000
0.939245 -0.338141 0.009113 50.000000
0.914698 -0.282909 0.016056 50.000000
0.952746 -0.324640 0.009113 50.000000
0.889537 -0.228291 0.015188 50.000000
0.915925 -0.254680 0.016056 50.000000
-0.061675 0.733968 0.012584 50.000000
0.199141 0.486652 0.010849 50.000000
-0.283216 -0.157717 0.025603 50.000000
-0.594968 0.184719 0.018660 53.000000
-0.621356 0.270022 0.023867 53.000000
-0.127953 -0.123964 0.024735 50.000000
-0.467935 0.466401 0.022131 53.000000
-0.142682 0.144830 0.025603 50.000000
-0.267874 0.279840 0.021263 50.000000
0.091746 -0.077324 0.022999 52.000000
-0.238417 0.277386 0.021263 50.000000
-0.274010 0.346119 0.023867 50.000000
-0.072108 0.184719 0.019527 50.000000
-0.315127 0.482970 0.022131 50.000000
0.083154 0.160785 0.023867 50.000000
0.110157 0.189015 0.019527 50.000000
-0.245167 0.560295 0.019527 50.000000
-0.056766 0.407487 0.021263 50.000000
0.237189 0.106167 0.017792 50.000000
0.467321 0.116600 0.019527 50.000000
0.096042 0.514882 0.022131 50.000000
0.521326 0.085916 0.017792 50.000000
0.063516 0.586683 0.024735 50.000000
0.812826 -0.144216 0.019527 50.000000
0.642222 0.041117 0.019527 50.000000
-0.123658 -0.292728 0.032546 51.000000
-0.400430 0.044185 0.027338 53.000000
-0.455048 0.157717 0.028206 53.000000
-0.525621 0.230746 0.034281 53.000000
0.165388 -0.425898 0.034281 51.000000
0.096042 -0.274317 0.029942 51.000000
-0.212028 0.075483 0.029942 50.000000
0.190549 -0.291501 0.027338 50.000000
0.324333 -0.428966 0.032546 50.000000
0.442160 -0.497699 0.031678 50.000000
0.467935 -0.523474 0.033414 50.000000
0.506597 -0.511814 0.028206 50.000000
-0.145750 0.178582 0.030810 50.000000
-0.292421 0.368211 0.033414 50.000000
-0.311445 0.417920 0.029942 50.000000
0.280147 -0.080393 0.034281 52.000000
-0.006444 0.261430 0.026471 50.000000
-0.083768 0.348573 0.030810 50.000000
0.005216 0.279227 0.034281 50.000000
-0.331083 0.629027 0.032546 50.000000
0.191163 0.220927 0.033414 50.000000
0.731206 -0.254066 0.029942 50.000000
0.772323 -0.184719 0.028206 50.000000
0.439705 0.181037 0.027338 50.000000
0.786438 -0.141148 0.030810 50.000000
0.837987 -0.197607 0.028206 50.000000
0.425591 0.229518 0.033414 50.000000
-0.220620 -0.328322 0.037753 51.000000
-0.207119 -0.341823 0.042960 51.000000
-0.227370 -0.214790 0.041225 51.000000
-0.449525 0.066278 0.035149 53.000000
-0.248236 -0.083461 0.041225 50.000000
-0.494937 0.228291 0.038621 53.000000
0.108315 -0.285364 0.041225 51.000000
-0.151273 -0.015956 0.039489 50.000000
-0.426204 0.303161 0.042960 53.000000
-0.036514 -0.052163 0.041225 52.000000
0.120589 -0.216631 0.040357 50.000000
-0.379564 0.312979 0.036885 50.000000
0.227984 -0.191470 0.040357 52.000000
-0.463639 0.525928 0.041225 50.000000
0.084995 0.046026 0.041225 50.000000
0.280761 -0.137466 0.036017 52.000000
0.183799 -0.033139 0.039489 52.000000
0.232280 0.206812 0.041225 50.000000
-0.184412 0.687328 0.038621 50.000000
0.343971 0.169991 0.035149 50.000000
0.426818 0.079779 0.040357 50.000000
0.439705 0.095121 0.042092 50.000000
-0.221847 0.765266 0.039489 50.000000
0.242099 0.349187 0.040357 50.000000
0.241485 0.380485 0.037753 50.000000
0.682111 -0.054004 0.040357 50.000000
0.682111 0.003682 0.037753 50.000000
-0.253759 -0.268180 0.045564 50.000000
-0.509052 0.014115 0.046432 53.000000
-0.123658 -0.371280 0.051639 51.000000
-0.214483 -0.227677 0.051639 51.000000
-0.609083 0.228291 0.049036 53.000000
-0.611537 0.260203 0.046432 53.000000
-0.270942 0.025161 0.049036 50.000000
-0.064744 -0.077938 0.047300 50.000000
-0.345812 0.247315 0.043828 50.000000
-0.038355 -0.020865 0.044696 50.000000
-0.154342 0.249770 0.050771 50.000000
-0.079472 0.225222 0.043828 50.000000
-0.373428 0.552317 0.045564 50.000000
0.305922 -0.076711 0.049903 52.000000
-0.167843 0.446149 0.049903 50.000000
0.043878 0.331390 0.049903 50.000000
-0.033446 0.418533 0.050771 50.000000
-0.180117 0.619208 0.046432 50.000000
-0.220620 0.733354 0.049903 50.000000
0.229825 0.303774 0.045564 50.000000
0.866217 -0.220927 0.046432 50.000000
-0.496778 0.001841 0.060318 53.000000
-0.289966 -0.177969 0.058582 50.000000
-0.293035 -0.120896 0.055111 50.000000
-0.042651 -0.373734 0.060318 51.000000
0.041424 -0.459037 0.060318 51.000000
0.011353 -0.320957 0.057714 51.000000
-0.414544 0.117214 0.059450 53.000000
-0.033446 -0.192697 0.053375 51.000000
-0.482050 0.363915 0.054243 53.000000
0.018104 -0.108009 0.057714 50.000000
-0.372200 0.336300 0.057714 50.000000
0.070881 0.006137 0.055111 52.000000
0.140227 -0.039890 0.058582 52.000000
0.278920 -0.158945 0.060318 52.000000
-0.115066 0.297637 0.060318 50.000000
0.151273 0.063209 0.056846 52.000000
-0.094814 0.459036 0.054243 50.000000
0.131635 0.263271 0.052507 50.000000
0.328015 0.194538 0.057714 50.000000
-0.180730 0.789199 0.058582 50.000000
0.383246 0.225222 0.060318 50.000000
0.283829 0.338140 0.055111 50.000000
0.852716 -0.233201 0.052507 50.000000
0.410862 0.224609 0.058582 50.000000
0.748389 -0.121510 0.054243 50.000000
-0.019945 0.664007 0.058582 50.000000
0.396134 0.271249 0.056846 50.000000
0.118134 0.565204 0.058582 50.000000
-0.041424 -0.427739 0.063789 51.000000
-0.466708 0.000000 0.063789 53.000000
0.053697 -0.498313 0.068997 51.000000
-0.439092 0.027616 0.062921 53.000000
-0.479595 0.125806 0.068129 53.000000
-0.269715 -0.060755 0.063789 50.000000
-0.571034 0.278613 0.063789 53.000000
-0.375269 0.163854 0.068129 53.000000
-0.418227 0.325867 0.061186 53.000000
-0.458116 0.400123 0.068129 53.000000
-0.243940 0.228905 0.062054 50.000000
0.519484 -0.519792 0.063789 50.000000
-0.335379 0.418533 0.064657 50.000000
-0.406566 0.527769 0.061186 50.000000
-0.342130 0.489107 0.068997 50.000000
-0.194231 0.355938 0.066393 50.000000
-0.415158 0.601412 0.065525 50.000000
-0.012581 0.245474 0.068997 50.000000
0.091132 0.160172 0.065525 50.000000
0.301626 0.136238 0.063789 50.000000
-0.221233 0.704511 0.065525 50.000000
0.396134 0.244247 0.068997 50.000000
0.945996 -0.299479 0.062921 50.000000
0.775391 -0.117828 0.065525 50.000000
0.881559 -0.201903 0.065525 50.000000
0.934336 -0.255907 0.068129 50.000000
0.083768 -0.765266 0.072468 50.000000
-0.559374 0.120896 0.077676 53.000000
-0.650200 0.241179 0.072468 53.000000
0.229211 -0.622277 0.072468 50.000000
-0.606014 0.285364 0.072468 53.000000
-0.399202 0.072415 0.070732 53.000000
-0.181344 -0.122123 0.073336 50.000000
0.321264 -0.476220 0.071600 50.000000
0.440319 -0.517950 0.071600 50.000000
0.453206 -0.367598 0.076808 50.000000
-0.305308 0.417920 0.070732 50.000000
-0.361154 0.511814 0.075940 50.000000
0.151273 0.037435 0.069865 52.000000
0.164774 0.022706 0.074204 52.000000
0.012581 0.309911 0.072468 50.000000
0.315741 0.004296 0.076808 52.000000
0.011353 0.341823 0.071600 50.000000
0.129794 0.238110 0.069865 50.000000
0.121817 0.435103 0.073336 50.000000
0.254373 0.313593 0.072468 50.000000
0.520712 0.075483 0.074204 50.000000
0.252531 0.379257 0.074204 50.000000
0.642222 -0.000614 0.071600 50.000000
0.296103 0.361461 0.074204 50.000000
0.547714 0.104940 0.073336 50.000000
0.656336 0.014728 0.073336 50.000000
0.749617 -0.085916 0.076808 50.000000
-0.341516 -0.153421 0.082015 50.000000
-0.408408 -0.031298 0.078543 53.000000
0.267873 -0.608162 0.086354 50.000000
-0.434796 0.109236 0.078543 53.000000
0.091746 -0.401350 0.081147 51.000000
-0.523780 0.230132 0.081147 53.000000
-0.459957 0.222768 0.078543 53.000000
-0.326174 0.259589 0.083751 50.000000
-0.428659 0.369439 0.084619 50.000000
-0.390611 0.482357 0.079411 50.000000
-0.397361 0.551703 0.078543 50.000000
-0.339061 0.583001 0.084619 50.000000
0.113225 0.290273 0.079411 50.000000
0.242712 0.207426 0.084619 50.000000
0.198527 0.256520 0.084619 50.000000
0.395520 0.217858 0.082883 50.000000
0.868671 -0.239337 0.084619 50.000000
0.040810 0.597116 0.078543 50.000000
0.309604 0.349187 0.085486 50.000000
-0.073949 0.736422 0.085486 50.000000
-0.250691 -0.245474 0.087222 51.000000
-0.649586 0.182878 0.090694 53.000000
-0.483277 0.101258 0.088090 53.000000
0.254372 -0.593434 0.091562 50.000000
-0.224302 0.064437 0.088090 50.000000
0.180116 -0.162013 0.094165 50.000000
0.193004 -0.090212 0.093297 52.000000
-0.183185 0.347346 0.088090 50.000000
0.132863 0.088984 0.087222 50.000000
0.160479 0.089598 0.092430 50.000000
0.145137 0.135624 0.090694 50.000000
0.188708 0.089598 0.095033 50.000000
0.315741 -0.020252 0.092430 52.000000
-0.239030 0.664621 0.091562 50.000000
-0.011967 0.436330 0.095033 50.000000
0.153728 0.308684 0.088958 50.000000
0.168457 0.292728 0.092430 50.000000
0.062289 0.414851 0.095033 50.000000
0.410249 0.144216 0.094165 50.000000
0.909175 -0.279841 0.088958 50.000000
0.669837 -0.023320 0.094165 50.000000
-0.108929 0.781221 0.093297 50.000000
0.804235 -0.139307 0.090694 50.000000
0.171525 -0.455355 0.096769 51.000000
-0.099110 -0.177355 0.103712 50.000000
0.452593 -0.472538 0.099373 50.000000
0.178275 -0.073029 0.100241 52.000000
-0.382633 0.507518 0.100241 50.000000
-0.299172 0.446149 0.098505 50.000000
-0.059221 0.213562 0.101976 50.000000
-0.077018 0.262044 0.100241 50.000000
-0.274624 0.513655 0.101108 50.000000
0.195459 0.325867 0.097637 50.000000
-0.251918 0.783062 0.102844 50.000000
0.089291 0.447990 0.097637 50.000000
0.382019 0.146671 0.099373 50.000000
0.339061 0.226450 0.101976 50.000000
0.162933 0.427125 0.098505 50.000000
0.830009 -0.221541 0.101108 50.000000
0.294262 0.339982 0.101976 50.000000
-0.043265 0.704511 0.099373 50.000000
0.005216 0.647438 0.101976 50.000000
0.937404 -0.276159 0.102844 50.000000
0.264192 0.406873 0.101976 50.000000
-0.560602 0.036207 0.105448 53.000000
-0.284443 -0.238724 0.106316 50.000000
-0.038969 -0.322185 0.108919 51.000000
-0.600491 0.279841 0.105448 53.000000
-0.000307 -0.223382 0.112391 51.000000
0.057379 -0.283523 0.108919 51.000000
0.035901 0.320957 0.104580 50.000000
0.382019 0.087757 0.105448 50.000000
-0.214483 0.707579 0.108051 50.000000
0.238417 0.279227 0.106316 50.000000
-0.218779 0.746241 0.112391 50.000000
0.207733 0.346732 0.110655 50.000000
0.855784 -0.303774 0.111523 50.000000
-0.206505 0.800245 0.108919 50.000000
-0.712795 0.070574 0.118466 50.000000
-0.290580 -0.177355 0.118466 50.000000
-0.359927 -0.023320 0.118466 53.000000
0.115680 -0.506290 0.114995 51.000000
-0.529917 0.178583 0.115862 53.000000
0.142682 -0.479288 0.116730 51.000000
-0.450138 0.155262 0.120202 53.000000
0.053084 -0.166309 0.118466 50.000000
-0.372814 0.344277 0.121070 50.000000
-0.412703 0.447990 0.116730 50.000000
0.478981 -0.442467 0.120202 50.000000
-0.311445 0.368825 0.113259 50.000000
0.169684 0.173673 0.113259 50.000000
0.240871 0.156490 0.116730 50.000000
0.207732 0.317275 0.116730 50.000000
0.750230 -0.189629 0.121070 50.000000
0.670451 -0.074256 0.121070 50.000000
0.910402 -0.301933 0.114995 50.000000
0.750844 -0.132556 0.118466 50.000000
0.159251 0.470083 0.119334 50.000000
0.629948 0.030070 0.121070 50.000000
0.111998 0.557840 0.114995 50.000000
0.885241 -0.217858 0.113259 50.000000
0.232280 0.449831 0.119334 50.000000
-0.679656 0.212949 0.121937 53.000000
-0.068426 -0.374962 0.121937 51.000000
-0.266033 -0.147898 0.128881 50.000000
0.156183 -0.546794 0.124541 51.000000
-0.560601 0.300092 0.128013 53.000000
-0.005830 -0.103713 0.122805 50.000000
-0.564897 0.488494 0.128013 53.000000
-0.128567 0.053391 0.123673 50.000000
0.019945 -0.044799 0.124541 50.000000
-0.443388 0.578092 0.124541 50.000000
-0.447683 0.615526 0.127145 50.000000
-0.306536 0.651120 0.121937 50.000000
-0.096042 0.509359 0.129748 50.000000
0.296717 0.126419 0.125409 50.000000
0.193004 0.306229 0.128013 50.000000
-0.275238 0.817429 0.127145 50.000000
0.683338 -0.116600 0.127145 50.000000
-0.078858 0.719239 0.121937 50.000000
0.778460 -0.130715 0.123673 50.000000
0.738570 -0.087144 0.122805 50.000000
0.725683 -0.042344 0.126277 50.000000
-0.616447 0.177969 0.136691 53.000000
0.111997 -0.420374 0.134088 51.000000
-0.578398 0.288432 0.135824 53.000000
-0.198527 -0.046026 0.133220 50.000000
-0.036514 -0.100031 0.130616 50.000000
-0.532986 0.486039 0.131484 53.000000
-0.449524 0.459037 0.132352 53.000000
-0.458116 0.532679 0.137559 50.000000
-0.048788 0.177355 0.135824 50.000000
-0.007671 0.252838 0.130616 50.000000
-0.124885 0.478061 0.132352 50.000000
0.046333 0.317889 0.138427 50.000000
-0.020558 0.487880 0.133220 50.000000
-0.195459 0.794109 0.136691 50.000000
0.233507 0.357779 0.138427 50.000000
0.463639 0.126419 0.134088 50.000000
0.364222 0.270021 0.133220 50.000000
0.684566 -0.056459 0.130616 50.000000
0.141454 0.496471 0.138427 50.000000
0.766186 -0.113532 0.133220 50.000000
-0.575944 0.079779 0.141899 53.000000
-0.409021 -0.058914 0.141899 53.000000
-0.661860 0.283523 0.141899 53.000000
-0.422522 0.127647 0.140163 53.000000
0.007057 -0.173059 0.140163 50.000000
-0.218779 0.272476 0.142767 50.000000
0.015035 0.352869 0.140163 50.000000
-0.216938 0.651120 0.142767 50.000000
0.053697 0.468856 0.141899 50.000000
0.926972 -0.309911 0.144502 50.000000
0.739184 -0.112305 0.139295 50.000000
0.305922 0.340595 0.143635 50.000000
0.139613 0.532679 0.141031 50.000000
-0.445229 -0.022706 0.152313 53.000000
-0.419454 0.037435 0.154049 53.000000
0.078245 -0.273704 0.154049 51.000000
0.301626 -0.476220 0.151445 50.000000
-0.069040 -0.093280 0.150578 50.000000
0.247008 -0.392145 0.151445 50.000000
-0.190549 0.272476 0.148842 50.000000
-0.342743 0.439399 0.155785 50.000000
-0.436023 0.606321 0.148842 50.000000
0.120589 0.237496 0.152313 50.000000
0.192390 0.219699 0.154917 50.000000
-0.311445 0.798405 0.155785 50.000000
0.232894 0.331390 0.154917 50.000000
0.738570 -0.166923 0.154049 50.000000
0.818963 -0.253452 0.149710 50.000000
-0.034059 0.673213 0.147974 50.000000
0.834919 -0.179810 0.154917 50.000000
-0.020558 0.692851 0.152313 50.000000
-0.175207 -0.349187 0.156653 51.000000
-0.401043 -0.038662 0.163596 53.000000
-0.455048 0.436330 0.160992 53.000000
-0.001534 0.011046 0.157521 50.000000
-0.410862 0.482970 0.159256 50.000000
-0.424363 0.626573 0.157521 50.000000
0.064130 0.149126 0.162728 50.000000
-0.314514 0.634551 0.162728 50.000000
0.161706 0.287205 0.159256 50.000000
0.435410 0.074869 0.163596 50.000000
0.216324 0.384781 0.161860 50.000000
0.699908 -0.032526 0.160992 50.000000
0.917153 -0.235042 0.160992 50.000000
-0.399202 -0.096962 0.173143 53.000000
-0.119362 -0.378030 0.168803 51.000000
-0.625652 0.338141 0.166200 53.000000
-0.484505 0.222768 0.166200 53.000000
-0.423750 0.250384 0.167935 53.000000
0.283829 -0.146671 0.165332 52.000000
-0.248849 0.400737 0.167067 50.000000
-0.289966 0.510586 0.171407 50.000000
-0.160479 0.430193 0.173143 50.000000
-0.271556 0.686100 0.165332 50.000000
0.039583 0.365143 0.173143 50.000000
-0.070881 0.489107 0.167067 50.000000
0.249463 0.190856 0.169671 50.000000
-0.041424 0.489107 0.170539 50.000000
-0.264805 0.781221 0.170539 50.000000
0.766186 -0.192084 0.169671 50.000000
0.377110 0.233814 0.166200 50.000000
0.849033 -0.219700 0.170539 50.000000
0.347039 0.333845 0.169671 50.000000
0.985272 -0.303161 0.170539 50.000000
-0.563056 0.154035 0.180954 53.000000
0.134704 -0.497085 0.175746 51.000000
0.341516 -0.706352 0.178350 50.000000
0.148205 -0.483584 0.180086 51.000000
-0.493710 0.293342 0.175746 53.000000
0.061062 0.185333 0.176614 50.000000
-0.048788 0.307456 0.181821 50.000000
-0.085609 0.442467 0.176614 50.000000
0.175207 0.245474 0.180086 50.000000
0.202209 0.308070 0.176614 50.000000
0.874808 -0.332618 0.175746 50.000000
0.062289 0.501995 0.178350 50.000000
0.726296 -0.116600 0.179218 50.000000
0.890150 -0.259589 0.179218 50.000000
0.040196 0.628414 0.179218 50.000000
-0.559374 0.091439 0.187029 53.000000
-0.472845 0.004910 0.187897 53.000000
-0.539123 0.403805 0.185293 53.000000
0.154955 -0.122123 0.189632 52.000000
-0.401657 0.476220 0.187029 50.000000
-0.405339 0.513041 0.189632 50.000000
0.204050 0.215404 0.188765 50.000000
0.349494 0.085916 0.190500 50.000000
-0.013194 0.491562 0.182689 50.000000
0.768641 -0.157717 0.188765 50.000000
0.288125 0.341209 0.183557 50.000000
0.768641 -0.128260 0.187029 50.000000
0.075176 -0.464560 0.198311 51.000000
-0.535441 0.338754 0.193972 53.000000
-0.506597 0.370052 0.196575 53.000000
-0.404112 0.293342 0.198311 53.000000
-0.389383 0.497085 0.197443 50.000000
-0.194231 0.408714 0.197443 50.000000
-0.094201 0.522246 0.198311 50.000000
0.217551 0.232587 0.193972 50.000000
-0.268487 0.757901 0.198311 50.000000
0.167229 0.451059 0.193104 50.000000
0.345812 0.310525 0.194840 50.000000
0.644676 0.007978 0.196575 50.000000
0.987726 -0.326481 0.194840 50.000000
0.659405 0.023934 0.197443 50.000000
0.728751 -0.052777 0.194840 50.000000
0.049401 -0.713716 0.207858 50.000000
-0.540964 0.014115 0.200047 53.000000
-0.041424 -0.317275 0.203518 51.000000
-0.471003 0.120896 0.205254 53.000000
0.001534 -0.305002 0.200047 51.000000
-0.110157 -0.046026 0.206990 50.000000
0.281988 -0.252838 0.207858 52.000000
-0.402271 0.447377 0.200915 50.000000
-0.331697 0.370666 0.200047 50.000000
-0.530531 0.587911 0.203518 50.000000
-0.156183 0.273704 0.203518 50.000000
-0.175207 0.325867 0.206990 50.000000
0.072108 0.179196 0.205254 50.000000
0.204050 0.155262 0.200047 50.000000
0.051243 0.327708 0.207858 50.000000
-0.278306 0.669531 0.205254 50.000000
0.203437 0.187788 0.200047 50.000000
0.186253 0.271249 0.206122 50.000000
0.630562 -0.066278 0.200915 50.000000
-0.008898 0.625959 0.205254 50.000000
0.038969 0.603866 0.203518 50.000000
0.797484 -0.152194 0.207858 50.000000
-0.656950 0.190243 0.210461 53.000000
-0.502301 0.092053 0.208726 53.000000
-0.467935 0.057686 0.209594 53.000000
0.043265 -0.318503 0.209594 51.000000
-0.328015 0.062596 0.210461 53.000000
-0.557533 0.331390 0.215669 53.000000
0.007057 -0.079779 0.213065 52.000000
-0.331697 0.532679 0.212197 50.000000
0.151887 0.376803 0.216537 50.000000
0.242099 0.338141 0.214801 50.000000
-0.246395 0.840135 0.213065 50.000000
0.687021 -0.062596 0.213933 50.000000
0.701135 -0.076711 0.216537 50.000000
0.256214 0.386622 0.210461 50.000000
0.907334 -0.265726 0.215669 50.000000
-0.219393 -0.306229 0.219140 51.000000
-0.539123 0.100644 0.225215 53.000000
-0.472231 0.274317 0.220876 53.000000
-0.563670 0.369439 0.224348 53.000000
0.206505 -0.025161 0.219140 52.000000
-0.059221 0.390304 0.220008 50.000000
0.003375 0.351028 0.217405 50.000000
0.227370 0.292728 0.224348 50.000000
0.727524 -0.164468 0.220876 50.000000
0.359926 0.206812 0.221744 50.000000
0.116293 0.517950 0.221744 50.000000
0.546487 0.092666 0.220876 50.000000
0.631789 0.029457 0.217405 50.000000
0.701749 -0.044185 0.225215 50.000000
-0.254986 0.924824 0.221744 50.000000
0.115066 0.552317 0.218272 50.000000
0.799325 -0.118441 0.224348 50.000000
-0.354403 -0.086530 0.230423 53.000000
-0.138386 -0.189629 0.230423 50.000000
-0.556919 0.457196 0.227819 53.000000
-0.182571 0.370052 0.231291 50.000000
-0.354403 0.560295 0.229555 50.000000
-0.005830 0.206812 0.226951 50.000000
-0.223688 0.511814 0.230423 50.000000
0.086223 0.489107 0.231291 50.000000
0.934949 -0.348573 0.233026 50.000000
0.561215 0.049708 0.233026 50.000000
-0.199755 0.824179 0.230423 50.000000
0.050015 0.598957 0.233026 50.000000
0.880945 -0.234428 0.227819 50.000000
0.977294 -0.334459 0.226951 50.000000
-0.185640 0.843204 0.232159 50.000000
0.328628 0.341209 0.228687 50.000000
0.446456 0.239337 0.227819 50.000000
-0.720773 0.223382 0.241705 53.000000
-0.537281 0.039890 0.235630 53.000000
-0.723842 0.410556 0.237366 53.000000
-0.632403 0.506904 0.238234 53.000000
-0.342743 0.581774 0.239102 50.000000
-0.082541 0.484811 0.236498 50.000000
-0.007671 0.531451 0.234762 50.000000
0.241485 0.279840 0.235630 50.000000
0.402884 0.165081 0.242573 50.000000
-0.288125 0.895367 0.234762 50.000000
0.065971 0.583001 0.240837 50.000000
0.674133 -0.009205 0.241705 50.000000
0.096042 0.582387 0.242573 50.000000
0.910402 -0.230746 0.241705 50.000000
-0.644676 0.267567 0.248648 53.000000
-0.335993 0.478061 0.249516 50.000000
0.016876 0.310525 0.244309 50.000000
-0.282602 0.614913 0.246045 50.000000
-0.262964 0.763425 0.248648 50.000000
0.631789 -0.023320 0.244309 50.000000
0.895674 -0.274931 0.243441 50.000000
0.950905 -0.331390 0.246913 50.000000
-0.083154 0.724762 0.245177 50.000000
0.328015 0.313593 0.243441 50.000000
-0.002148 0.665849 0.251252 50.000000
0.897515 -0.215404 0.246045 50.000000
-0.586376 0.147898 0.259063 53.000000
-0.776619 0.371280 0.253856 50.000000
-0.089905 -0.033139 0.255591 50.000000
-0.459343 0.715557 0.259931 50.000000
-0.350107 0.625959 0.256459 50.000000
-0.300399 0.603253 0.257327 50.000000
-0.275851 0.711261 0.254724 50.000000
-0.245781 0.743787 0.252120 50.000000
0.645904 -0.036208 0.254724 50.000000
0.561215 0.119669 0.253856 50.000000
0.321878 -0.794723 0.261667 50.000000
-0.636698 0.322185 0.260799 53.000000
-0.510279 0.192084 0.265138 53.000000
0.147591 -0.192084 0.266006 50.000000
-0.405339 0.490948 0.263402 50.000000
0.018104 0.217245 0.260799 50.000000
-0.074563 0.548021 0.260799 50.000000
0.162933 0.344891 0.265138 50.000000
-0.197913 0.725376 0.262534 50.000000
-0.030377 0.566432 0.268610 50.000000
0.112611 0.467628 0.266006 50.000000
0.079472 0.541270 0.267742 50.000000
0.589445 0.030070 0.267742 50.000000
0.800552 -0.167536 0.264270 50.000000
0.841669 -0.212335 0.261667 50.000000
0.856398 -0.225836 0.266874 50.000000
0.646517 -0.002455 0.262534 50.000000
0.660632 -0.016570 0.267742 50.000000
0.954587 -0.268794 0.264270 50.000000
0.054925 -0.806382 0.269478 50.000000
-0.369132 0.616754 0.272081 50.000000
-0.308991 0.858546 0.272949 50.000000
-0.191163 0.825407 0.272949 50.000000
0.503529 0.125805 0.271213 50.000000
0.815894 -0.150967 0.272081 50.000000
-0.039583 0.716784 0.274685 50.000000
-0.544032 0.135011 0.284231 53.000000
-0.099724 -0.314207 0.281628 51.000000
-0.675974 0.458423 0.284231 53.000000
-0.081313 0.331390 0.281628 50.000000
-0.375882 0.659098 0.281628 50.000000
-0.187481 0.754219 0.284231 50.000000
0.159251 0.418533 0.278156 50.000000
-0.107702 0.765266 0.283364 50.000000
0.661246 0.018410 0.279892 50.000000
-0.677202 0.301319 0.287703 53.000000
-0.458116 0.263885 0.293778 53.000000
0.294876 0.367597 0.292910 50.000000
-0.216938 0.899049 0.293778 50.000000
-0.451366 -0.076711 0.299853 53.000000
0.333538 -0.806383 0.301589 50.000000
-0.251918 -0.011046 0.303325 50.000000
-0.493710 0.625959 0.301589 50.000000
0.104020 0.193925 0.298985 50.000000
0.701749 -0.206198 0.297250 50.000000
0.251304 0.255293 0.303325 50.000000
0.078245 0.482357 0.296382 50.000000
0.139000 0.480516 0.299853 50.000000
0.703590 -0.085302 0.295514 50.000000
-0.269715 0.926051 0.296382 50.000000
0.604173 0.055845 0.300721 50.000000
0.831850 -0.158331 0.303325 50.000000
0.957656 -0.291501 0.298985 50.000000
-0.159251 -0.512427 0.310268 50.000000
-0.541577 0.579319 0.309400 53.000000
-0.371586 0.557840 0.304193 50.000000
0.132863 0.195766 0.308532 50.000000
0.128567 0.328935 0.308532 50.000000
-0.274010 0.756060 0.308532 50.000000
0.110770 0.414237 0.305061 50.000000
-0.227984 0.806996 0.304193 50.000000
0.203437 0.375575 0.305061 50.000000
0.122430 0.501994 0.305928 50.000000
0.532372 0.104326 0.304193 50.000000
0.248236 0.390917 0.305061 50.000000
-0.077631 0.736422 0.307664 50.000000
0.718932 -0.066278 0.309400 50.000000
0.531758 0.136852 0.306796 50.000000
-0.027923 0.712489 0.305928 50.000000
-0.524394 0.365756 0.320683 53.000000
-0.525008 0.561522 0.316343 53.000000
0.544032 -0.422829 0.313740 50.000000
0.283829 0.033753 0.319815 52.000000
0.078245 0.420988 0.318079 50.000000
-0.003375 0.514882 0.318947 50.000000
0.458730 0.125192 0.318079 50.000000
0.747162 -0.095735 0.313740 50.000000
-0.293035 0.960418 0.318079 50.000000
0.230439 0.450445 0.320683 50.000000
-0.914084 0.255907 0.327626 50.000000
-0.198527 -0.301319 0.325022 51.000000
-0.701749 0.264498 0.323286 53.000000
-0.196686 0.023320 0.323286 50.000000
-0.511507 0.384781 0.327626 53.000000
-0.132863 0.562136 0.321550 50.000000
0.045106 0.460264 0.321550 50.000000
-0.021786 0.538202 0.328493 50.000000
0.010126 0.534520 0.325890 50.000000
0.168457 0.454741 0.325890 50.000000
0.618902 0.015342 0.324154 50.000000
0.561215 0.109850 0.322418 50.000000
-0.150660 0.826634 0.321550 50.000000
-0.377723 -0.120896 0.331097 53.000000
-0.062903 -0.380485 0.331097 51.000000
0.045720 0.428966 0.331965 50.000000
-0.317582 0.813133 0.337172 50.000000
-0.059221 0.617367 0.336305 50.000000
0.760663 -0.197607 0.331097 50.000000
0.675974 -0.076097 0.331097 50.000000
0.546487 0.097576 0.333701 50.000000
0.604173 0.033753 0.331965 50.000000
0.947223 -0.298251 0.338040 50.000000
-0.170911 0.854250 0.331965 50.000000
-0.379564 -0.149739 0.343248 53.000000
-0.720160 0.221540 0.340644 53.000000
-0.499847 0.001227 0.340644 53.000000
-0.222461 0.398895 0.342380 50.000000
-0.085609 0.512427 0.342380 50.000000
-0.053084 0.476220 0.346719 50.000000
-0.323105 0.855477 0.341512 50.000000
0.918380 -0.327094 0.344115 50.000000
0.719546 -0.118441 0.344983 50.000000
-0.152501 0.799018 0.344115 50.000000
0.820190 -0.163854 0.342380 50.000000
0.633630 0.036207 0.340644 50.000000
0.200982 -0.617367 0.347587 51.000000
-0.018717 0.052777 0.347587 50.000000
-0.401043 0.770175 0.350190 50.000000
-0.102792 0.501381 0.354530 50.000000
0.108315 0.329549 0.351926 50.000000
-0.253759 0.811906 0.348455 50.000000
-0.029150 0.620436 0.349323 50.000000
0.115066 0.558454 0.351926 50.000000
-0.537895 0.008592 0.358001 53.000000
-0.687021 0.344277 0.358870 53.000000
-0.254373 0.085916 0.360605 50.000000
0.089905 -0.151580 0.364076 50.000000
0.860694 -0.355324 0.358870 50.000000
0.790733 -0.221541 0.358870 50.000000
0.560601 0.056459 0.356266 50.000000
0.486959 0.139920 0.362341 50.000000
0.258055 0.395827 0.360605 50.000000
0.163547 0.505063 0.359737 50.000000
-0.453820 -0.075483 0.368416 53.000000
-0.607242 0.555385 0.366680 53.000000
0.558147 -0.398896 0.369284 50.000000
-0.459957 0.804542 0.366680 50.000000
-0.413317 0.858546 0.365812 50.000000
-0.240258 0.802087 0.371888 50.000000
-0.013194 0.572568 0.366680 50.000000
0.691316 -0.081620 0.366680 50.000000
0.777232 -0.173673 0.364945 50.000000
0.677202 -0.033139 0.372755 50.000000
0.922676 -0.261430 0.372755 50.000000
-0.018717 0.684873 0.367548 50.000000
0.619515 0.060141 0.367548 50.000000
-0.713409 0.213563 0.374491 53.000000
-0.783369 0.379258 0.373623 53.000000
0.268487 -0.365757 0.373623 50.000000
0.718932 -0.202516 0.374491 50.000000
0.288739 0.333231 0.379698 50.000000
0.936791 -0.275545 0.377095 50.000000
0.880331 -0.214176 0.381434 50.000000
-0.073335 0.752992 0.380566 50.000000
0.590058 0.095735 0.379698 50.000000
-0.597423 0.221541 0.384038 53.000000
-0.078859 0.549862 0.388377 50.000000
0.381405 0.133783 0.390113 50.000000
0.749617 -0.138693 0.385774 50.000000
0.864989 -0.258975 0.387510 50.000000
0.574716 0.050936 0.390113 50.000000
0.036514 -0.769561 0.393585 50.000000
-0.568579 0.038049 0.396188 53.000000
-0.342743 0.117828 0.390981 53.000000
-0.347653 0.412397 0.396188 50.000000
0.212642 0.289046 0.391849 50.000000
0.258055 0.303774 0.391849 50.000000
0.288125 0.305615 0.397924 50.000000
0.128567 0.487266 0.398792 50.000000
-0.232893 0.870819 0.391849 50.000000
0.302854 0.355937 0.395320 50.000000
-0.377723 -0.183492 0.405735 53.000000
-0.059221 -0.412397 0.403999 51.000000
0.383246 -0.772630 0.402263 50.000000
0.256214 0.342436 0.402263 50.000000
-0.128567 0.787358 0.403131 50.000000
-0.707272 0.207426 0.412678 53.000000
-0.232280 -0.267567 0.408339 51.000000
0.455048 0.122737 0.410075 50.000000
0.223075 0.384167 0.416150 50.000000
0.575330 0.025775 0.414414 50.000000
0.881559 -0.269408 0.410942 50.000000
0.722001 -0.069347 0.413546 50.000000
-0.185640 0.857932 0.415281 50.000000
0.090518 -0.592820 0.417885 51.000000
0.149432 -0.651734 0.424828 51.000000
0.080086 0.446149 0.423093 50.000000
0.529917 0.012274 0.421357 50.000000
-0.213869 0.783062 0.418753 50.000000
-0.024241 0.635164 0.422225 50.000000
-0.007057 0.614299 0.422225 50.000000
0.545259 0.091439 0.417018 50.000000
-0.220620 0.864683 0.420489 50.000000
-0.008898 0.651734 0.419621 50.000000
-0.096042 0.753605 0.419621 50.000000
0.737343 -0.083461 0.417018 50.000000
-0.150660 0.819270 0.423093 50.000000
0.515189 0.158331 0.419621 50.000000
0.104020 -0.606321 0.430903 51.000000
-0.782142 0.344891 0.433507 53.000000
-0.231666 0.524701 0.432639 50.000000
-0.356858 0.843817 0.430903 50.000000
0.559988 0.015342 0.431771 50.000000
0.092973 0.501995 0.429168 50.000000
-0.149432 0.783676 0.431771 50.000000
0.268487 0.403805 0.425696 50.000000
0.283829 0.388463 0.432639 50.000000
-0.205891 0.885548 0.425696 50.000000
0.796870 -0.111077 0.430903 50.000000
-0.627493 0.189015 0.436111 53.000000
-0.243940 0.680577 0.442186 50.000000
-0.283829 0.760970 0.440450 50.000000
-0.366063 0.927892 0.436111 50.000000
0.796257 -0.171832 0.438715 50.000000
0.767413 -0.140534 0.442186 50.000000
0.252532 0.392758 0.441318 50.000000
0.003989 0.678122 0.437846 50.000000
0.070880 -0.543725 0.449129 51.000000
-0.561829 0.582387 0.445658 50.000000
0.011967 0.460264 0.449997 50.000000
0.301626 0.170604 0.448261 50.000000
0.604787 -0.028230 0.450865 50.000000
0.619515 -0.012274 0.449129 50.000000
-0.188095 0.832157 0.443054 50.000000
0.004603 0.641915 0.443054 50.000000
0.138386 0.524087 0.443922 50.000000
0.207732 0.243633 0.455204 50.000000
-0.183185 0.720466 0.456940 50.000000
0.590058 0.055232 0.457808 50.000000
0.234735 0.415465 0.453468 50.000000
-0.121203 0.793495 0.457808 50.000000
-0.067198 0.730899 0.456940 50.000000
-0.741025 0.208039 0.461280 53.000000
-0.855784 0.419761 0.465619 50.000000
0.142682 -0.528383 0.468223 51.000000
0.050629 -0.344277 0.463883 51.000000
0.008285 0.503222 0.466487 50.000000
0.826941 -0.228291 0.462147 50.000000
0.105247 0.497085 0.462147 50.000000
0.605401 0.041117 0.464751 50.000000
0.944768 -0.288432 0.463015 50.000000
-0.905493 0.176128 0.474298 50.000000
-0.624425 0.219086 0.476901 53.000000
0.467935 -0.590979 0.471694 50.000000
0.855784 -0.287819 0.472562 50.000000
0.499233 0.125192 0.472562 50.000000
-0.614606 0.081620 0.481241 53.000000
-0.540350 0.007364 0.479505 53.000000
-0.687021 0.314821 0.480373 53.000000
0.156797 0.305615 0.481241 50.000000
-0.151887 0.690396 0.481241 50.000000
-0.012581 0.565818 0.480373 50.000000
0.559988 0.061982 0.482109 50.000000
0.604787 0.013501 0.483844 50.000000
0.100951 0.541884 0.482976 50.000000
-0.732433 0.199448 0.492523 53.000000
-0.672906 0.139920 0.487316 53.000000
-0.843510 0.407487 0.488184 50.000000
0.057993 0.384781 0.491655 50.000000
-0.280147 0.805155 0.492523 50.000000
0.841669 -0.300706 0.488184 50.000000
0.917153 -0.313593 0.494259 50.000000
-0.070881 0.707579 0.489920 50.000000
-0.088064 0.725990 0.487316 50.000000
0.665542 -0.017797 0.487316 50.000000
0.918380 -0.252225 0.489920 50.000000
-0.091132 0.768334 0.491655 50.000000
-0.574716 -0.052777 0.495995 53.000000
-0.631789 0.424057 0.500334 53.000000
-0.105861 0.713102 0.497731 50.000000
0.858853 -0.251611 0.497731 50.000000
0.231666 0.398895 0.501202 50.000000
0.948450 -0.311752 0.500334 50.000000
-0.181958 0.839521 0.499466 50.000000
-0.218165 0.881866 0.495995 50.000000
-0.446456 -0.302547 0.504673 50.000000
0.139613 -0.672599 0.508145 51.000000
0.318809 -0.495858 0.504673 50.000000
0.362995 -0.510586 0.508145 50.000000
0.483277 -0.076097 0.507277 52.000000
-0.191777 0.706966 0.510749 50.000000
-0.050629 0.581774 0.511616 50.000000
0.421909 0.153421 0.504673 50.000000
0.784597 -0.172446 0.504673 50.000000
0.815894 -0.171832 0.506409 50.000000
0.918994 -0.281068 0.503806 50.000000
-0.040810 0.714330 0.511616 50.000000
0.934336 -0.264499 0.504673 50.000000
-0.057380 0.732127 0.504673 50.000000
0.965020 -0.324640 0.515088 50.000000
0.906720 -0.230746 0.519428 50.000000
0.421295 -0.749310 0.527238 50.000000
-0.718319 0.481129 0.528106 53.000000
-0.166616 0.539429 0.524635 50.000000
-0.440933 0.961031 0.524635 50.000000
-0.001534 0.563363 0.521163 50.000000
0.905493 -0.322799 0.528106 50.000000
0.030377 0.564591 0.528106 50.000000
0.229825 0.373734 0.528974 50.000000
-0.166002 0.791654 0.528106 50.000000
0.262350 0.370666 0.523767 50.000000
0.861307 -0.214790 0.524635 50.000000
0.498006 0.176741 0.528106 50.000000
0.212028 -0.746241 0.535049 50.000000
0.347039 -0.703283 0.529842 50.000000
-0.469776 0.667076 0.536785 50.000000
0.741025 -0.149739 0.534181 50.000000
0.590672 0.044799 0.536785 50.000000
0.373428 0.282909 0.532446 50.000000
0.862535 -0.181651 0.529842 50.000000
-1.000000 0.296410 0.541124 50.000000
-0.092360 0.324026 0.546332 50.000000
0.725683 -0.196993 0.540257 50.000000
-0.129794 0.716171 0.543728 50.000000
0.436023 0.149125 0.546332 50.000000
0.466708 0.146671 0.539389 50.000000
0.259896 0.412397 0.541124 50.000000
0.651427 0.012274 0.538521 50.000000
0.650199 -0.114146 0.551539 50.000000
-0.278306 0.853636 0.552407 50.000000
0.907947 -0.287205 0.550671 50.000000
0.544032 0.098803 0.548936 50.000000
0.057380 0.612458 0.555011 50.000000
0.621356 0.048481 0.548068 50.000000
-0.803621 0.136852 0.558482 50.000000
-0.107702 0.586069 0.557614 50.000000
0.620129 -0.079166 0.561954 50.000000
0.008285 0.596502 0.555879 50.000000
0.042651 0.559681 0.561086 50.000000
0.574716 0.036207 0.562822 50.000000
0.666769 -0.031298 0.558482 50.000000
-0.156183 0.826020 0.560218 50.000000
0.985272 -0.299479 0.561954 50.000000
