-0.036135 -0.014558 -0.035315 50.000000
-0.664856 0.514333 0.041151 50.000000
-0.606091 0.325999 0.003626 50.000000
-0.168535 0.509376 -0.068592 50.000000
0.105468 -0.159701 -0.050183 52.000000
-0.800088 0.533449 0.099916 50.000000
0.230079 0.490260 -0.002746 50.000000
-0.098442 -0.038630 -0.085584 50.000000
0.453813 0.047748 0.010706 52.000000
0.021922 -0.251036 -0.065760 50.000000
0.757554 -0.091024 0.142398 50.000000
-0.530333 0.067573 -0.032483 50.000000
-0.268366 -0.137753 -0.087708 50.000000
0.067235 -0.140585 -0.125233 52.000000
-0.481479 -0.085360 -0.100453 50.000000
-0.518297 0.497341 -0.012658 50.000000
-0.774599 0.497341 -0.047352 50.000000
-0.284650 0.500172 0.034071 50.000000
-0.232257 -0.253159 -0.181167 50.000000
0.248488 -0.287853 -0.020446 51.000000
-0.060917 -0.139877 -0.152139 50.000000
-0.498472 -0.083943 -0.072840 50.000000
-0.109770 -0.304845 -0.135146 50.000000
0.048119 -0.239000 -0.113197 50.000000
0.472222 0.050580 0.032655 52.000000
-0.160747 0.058368 0.051771 50.000000
-0.042508 -0.092440 -0.174086 50.000000
0.455938 -0.051375 0.029823 52.000000
0.672591 -0.140585 0.143106 50.000000
-0.465196 -0.033674 -0.079920 50.000000
0.664803 -0.271568 0.121157 50.000000
-0.436875 -0.311217 -0.072132 53.000000
-0.568566 0.187228 0.018494 50.000000
0.203883 -0.042171 0.029115 52.000000
-0.054544 0.498756 -0.186831 50.000000
0.648519 0.499464 0.000794 50.000000
0.624446 -0.127840 0.158682 50.000000
0.350442 0.483887 -0.182583 50.000000
0.494878 -0.061995 0.038319 52.000000
0.138037 -0.336706 -0.043103 51.000000
-0.156499 0.511500 -0.095496 50.000000
0.332742 0.526369 -0.024695 50.000000
0.075731 0.435034 0.202579 50.000000
-0.434042 0.375561 0.142398 50.000000
0.289553 0.497341 -0.165591 50.000000
-0.469443 0.486720 -0.201699 50.000000
-0.524669 0.120674 0.038319 50.000000
-0.127470 -0.149081 -0.132313 50.000000
0.470098 0.503712 0.195499 50.000000
0.227956 -0.087484 -0.019031 52.000000
-0.543077 -0.074739 -0.110365 50.000000
-0.294562 -0.226255 -0.130190 50.000000
-0.608923 0.455567 0.031238 50.000000
-0.483604 -0.125716 -0.091248 50.000000
-0.706630 0.531325 -0.036731 50.000000
-0.128178 0.044916 0.026991 50.000000
-0.186944 0.499464 -0.128773 50.000000
0.774546 -0.104476 0.116909 50.000000
0.346195 0.488844 -0.200283 50.000000
-0.506968 0.104390 0.185587 50.000000
-0.051004 -0.091731 -0.149306 50.000000
-0.518297 -0.042878 -0.081337 50.000000
0.176270 0.025800 0.057435 52.000000
0.235744 -0.151205 -0.031067 52.000000
-0.309431 -0.377771 -0.107533 53.000000
0.360355 -0.277232 -0.059388 51.000000
0.237868 -0.108724 -0.021155 52.000000
0.149365 -0.306261 -0.036023 51.000000
-0.287483 -0.167490 -0.096205 50.000000
0.303713 -0.292809 0.032655 51.000000
0.689583 -0.261656 0.150186 50.000000
-0.032595 -0.207139 -0.147182 50.000000
-0.236505 -0.197227 -0.116029 50.000000
0.119629 0.233957 0.208951 50.000000
-0.449618 -0.063411 -0.048059 50.000000
0.070067 -0.260240 -0.089832 51.000000
-0.187651 -0.343786 -0.140102 50.000000
0.014842 -0.411756 -0.020446 51.000000
0.443193 0.511500 0.138858 50.000000
-0.090653 -0.346618 -0.119569 50.000000
0.313626 -0.257408 -0.021863 51.000000
-0.257037 -0.197227 -0.105409 50.000000
0.024046 -0.236167 -0.162758 50.000000
0.145825 -0.109432 -0.064344 52.000000
-0.385897 -0.335290 -0.130897 53.000000
-0.516173 -0.074031 -0.089125 50.000000
-0.451743 -0.095979 -0.092665 50.000000
0.166358 -0.001813 -0.006994 52.000000
0.009178 -0.080403 -0.113905 50.000000
-0.405014 0.501588 0.361884 50.000000
-0.214557 -0.302013 -0.164882 50.000000
-0.087113 0.031464 0.002918 50.000000
-0.206060 -0.196518 -0.135146 50.000000
-0.492808 -0.308385 -0.108949 53.000000
0.104052 0.481763 0.223820 50.000000
-0.318635 -0.187314 -0.090541 50.000000
-0.227301 0.490968 -0.152846 50.000000
0.107592 -0.098104 -0.036023 52.000000
-0.628040 -0.134213 0.000086 50.000000
0.039622 -0.080403 -0.105409 52.000000
-0.203229 -0.387683 -0.031067 53.000000
0.405668 -0.151913 -0.018323 52.000000
0.080687 -0.090315 -0.094081 52.000000
0.358230 0.095186 0.147354 52.000000
-0.625207 -0.066951 0.031238 50.000000
-0.030471 -0.278649 -0.102577 50.000000
-0.645740 0.272190 0.073012 50.000000
-0.238630 0.520705 0.217448 50.000000
0.828356 -0.237583 0.079384 50.000000
0.885705 -0.065535 0.133194 50.000000
0.409209 -0.339539 0.032655 51.000000
0.135205 0.039252 0.082216 52.000000
-0.463779 -0.054206 -0.084168 50.000000
0.385843 -0.086776 -0.008410 52.000000
0.814903 -0.189438 0.143813 50.000000
-0.470151 -0.290685 -0.065052 53.000000
-0.021976 0.506545 -0.136561 50.000000
0.538068 0.506545 -0.061512 50.000000
-0.488560 0.056952 -0.021863 50.000000
0.620906 0.459107 0.048939 50.000000
0.403544 0.514333 0.246476 50.000000
0.113256 -0.396180 0.009998 51.000000
0.755430 -0.141293 0.075844 50.000000
0.688876 0.479640 0.196915 50.000000
-0.218097 -0.335998 -0.119569 50.000000
0.070775 0.505129 -0.145058 50.000000
0.330618 0.058368 0.135317 52.000000
0.901989 -0.239707 0.108413 50.000000
0.098388 0.520705 0.025574 50.000000
0.095556 -0.357239 -0.045935 51.000000
-0.409970 0.005975 0.035487 50.000000
0.582672 -0.253159 0.009290 51.000000
0.381596 -0.280065 -0.021863 51.000000
0.067235 -0.486098 0.094960 51.000000
0.138745 0.516457 0.083632 50.000000
0.404960 0.035004 0.008582 52.000000
-0.557945 0.444947 -0.031067 50.000000
-0.318635 -0.083943 0.002210 50.000000
0.012009 0.522121 0.109828 50.000000
-0.272614 0.546194 0.169302 50.000000
0.787998 -0.141293 0.085756 50.000000
0.461602 0.510793 0.267009 50.000000
-0.259162 -0.348034 -0.098329 53.000000
-0.041799 -0.217051 -0.135854 50.000000
0.383719 -0.215635 -0.013367 50.000000
0.277516 -0.308385 -0.040271 51.000000
0.339114 -0.464149 0.127529 51.000000
-0.579894 -0.381311 -0.028235 53.000000
0.015549 -0.178110 -0.158510 50.000000
-0.597594 -0.197227 -0.070008 53.000000
0.311501 -0.118637 0.013538 52.000000
-0.540245 -0.175986 -0.123109 53.000000
-0.761855 0.507252 0.112661 50.000000
-0.475815 -0.125716 -0.079920 50.000000
-0.511216 -0.267320 -0.116738 53.000000
0.065819 -0.159701 -0.138686 52.000000
0.441777 0.006683 0.058144 52.000000
-0.773183 0.530617 0.017786 50.000000
-0.201104 0.499464 0.196207 50.000000
0.504082 0.042084 0.058851 52.000000
0.506206 -0.195811 0.002918 50.000000
-0.806460 0.517873 -0.033899 50.000000
-0.461655 -0.226963 -0.100453 53.000000
-0.443247 0.539113 0.248600 50.000000
0.107592 0.222629 0.215324 50.000000
0.541607 -0.264488 0.035487 51.000000
-0.115434 0.523537 0.077260 50.000000
-0.561486 0.127046 -0.002746 50.000000
-0.649280 0.167403 0.014246 50.000000
0.489923 -0.274401 0.026283 51.000000
-0.397934 -0.166781 -0.106117 50.000000
0.289553 -0.151205 -0.034607 52.000000
-0.518297 0.462647 -0.004163 50.000000
-0.601843 0.512209 -0.196744 50.000000
-0.043216 -0.187314 -0.176919 50.000000
0.167774 0.498048 -0.043811 50.000000
-0.294562 -0.226255 -0.130190 50.000000
-0.831241 0.493092 0.043983 50.000000
-0.461655 0.369189 0.164346 50.000000
-0.437583 0.454151 0.148770 50.000000
0.055907 0.377685 0.285417 50.000000
0.030418 -0.069783 -0.099745 52.000000
0.494170 0.190768 0.043275 50.000000
0.377348 -0.407508 0.042567 51.000000
-0.552281 0.209884 0.152310 50.000000
0.017673 -0.188730 -0.129482 50.000000
0.320705 -0.192978 -0.038855 50.000000
-0.157207 -0.275108 -0.143642 50.000000
-0.027640 -0.409632 -0.031775 50.000000
0.550812 -0.094564 0.059559 52.000000
0.549396 -0.070491 0.090712 52.000000
0.783042 0.490260 -0.033191 50.000000
0.002805 0.522121 -0.067176 50.000000
0.336990 -0.364319 0.072303 51.000000
0.328494 -0.266613 -0.055140 51.000000
-0.560778 0.478223 -0.079213 50.000000
0.659139 -0.091731 0.140982 50.000000
0.024046 -0.236167 -0.162758 50.000000
-0.172783 -0.442201 -0.019031 53.000000
-0.138798 -0.285729 -0.133730 50.000000
0.440361 0.483887 0.137441 50.000000
0.256984 0.526369 0.309490 50.000000
-0.421298 -0.318297 -0.101160 53.000000
-0.327132 0.475392 -0.175503 50.000000
0.295217 -0.370691 0.040443 51.000000
-0.322175 -0.400428 -0.092665 53.000000
-0.000734 -0.051375 -0.120278 50.000000
-0.104814 0.513624 0.162222 50.000000
-0.314387 -0.333875 -0.143642 53.000000
-0.038260 -0.432289 -0.022570 50.000000
0.288137 -0.399720 0.005750 51.000000
0.455229 -0.217759 0.031947 50.000000
-0.258453 -0.376355 -0.116738 53.000000
0.136621 -0.398304 0.024867 51.000000
0.117505 0.077485 0.223112 50.000000
-0.540953 0.035004 -0.034607 50.000000
-0.440414 0.509376 0.001501 50.000000
0.868005 -0.272984 0.041151 50.000000
-0.185528 0.509376 0.107705 50.000000
-0.255622 -0.275108 -0.133730 50.000000
0.622322 0.445655 0.094960 50.000000
-0.345540 0.510085 0.174259 50.000000
-0.526085 -0.268028 -0.100453 53.000000
-0.283943 -0.245371 -0.143642 50.000000
-0.601843 0.243162 0.001501 50.000000
-0.248542 -0.066951 -0.079213 50.000000
-0.299519 0.488844 0.075844 50.000000
-0.236505 -0.217051 -0.116738 50.000000
0.776670 -0.225547 0.123989 50.000000
-0.108354 -0.009601 0.028407 50.000000
-0.761855 0.507252 0.112661 50.000000
0.497711 -0.323962 0.087172 51.000000
-0.505552 0.488136 -0.072132 50.000000
-0.318635 -0.147665 -0.089832 50.000000
-0.168535 -0.355115 -0.127357 53.000000
-0.214557 -0.007477 0.039735 50.000000
-0.208893 -0.046418 -0.064344 50.000000
0.399296 0.500172 -0.079920 50.000000
-0.766811 0.512209 0.220279 50.000000
-0.029056 -0.049250 -0.091957 50.000000
0.339823 -0.247495 -0.006286 51.000000
-0.440414 -0.156162 -0.099745 50.000000
0.899157 -0.165366 0.133194 50.000000
0.346195 -0.098104 -0.030359 52.000000
0.911901 -0.128549 0.127529 50.000000
-0.358992 -0.197227 -0.094789 50.000000
-0.552281 -0.124301 -0.029651 50.000000
0.048119 -0.120761 -0.119569 52.000000
-0.688929 -0.222007 0.043275 53.000000
0.141577 -0.458485 0.056020 51.000000
-0.278986 -0.097396 -0.075672 50.000000
-0.547326 0.092353 -0.012658 50.000000
0.109717 -0.120761 -0.101160 52.000000
0.419121 0.036420 0.017079 52.000000
0.206714 -0.045002 -0.020446 52.000000
-0.201104 -0.022346 -0.012658 50.000000
-0.565026 0.134127 -0.035315 50.000000
-0.438999 -0.166074 -0.106825 50.000000
0.428325 -0.343078 0.058851 51.000000
-0.593346 -0.350158 -0.016906 53.000000
0.205299 -0.245371 -0.017615 50.000000
0.037498 -0.140585 -0.127357 52.000000
-0.070829 -0.379895 -0.096205 50.000000
0.121752 0.004559 0.067348 52.000000
-0.148711 -0.305553 -0.126649 50.000000
-0.002859 -0.178818 -0.135146 50.000000
0.479302 0.499464 0.180631 50.000000
0.780210 -0.272277 0.067348 50.000000
-0.541662 -0.020929 -0.075672 50.000000
0.164942 -0.160410 -0.073548 52.000000
-0.426254 0.529201 0.220279 50.000000
0.821983 0.522121 0.012830 50.000000
0.572760 0.506545 0.046815 50.000000
0.436113 0.510793 0.274089 50.000000
0.088475 0.364941 0.233024 50.000000
0.101928 -0.089608 -0.086292 52.000000
-0.419174 0.476099 0.182047 50.000000
0.118920 -0.253868 -0.026111 51.000000
-0.205352 -0.177402 -0.143642 50.000000
-0.508385 -0.399011 -0.049476 53.000000
-0.010647 -0.070491 -0.117445 50.000000
-0.489976 -0.226255 -0.115321 53.000000
-0.285359 0.485304 -0.077089 50.000000
0.183350 0.527785 0.151602 50.000000
-0.511925 0.090229 -0.018323 50.000000
0.506915 -0.229088 0.004334 51.000000
-0.372445 -0.238292 -0.077796 50.000000
0.390800 -0.161826 -0.029651 50.000000
-0.586266 -0.197227 -0.070716 53.000000
-0.471567 0.511500 0.116909 50.000000
0.460893 0.508669 -0.032483 50.000000
0.255568 0.500172 -0.119569 50.000000
0.836851 -0.226255 0.097793 50.000000
0.109717 0.202096 0.240812 50.000000
0.068651 -0.249620 -0.103285 51.000000
0.518243 -0.311926 0.075136 51.000000
0.345487 -0.332458 -0.033191 51.000000
0.635775 -0.257408 0.082216 50.000000
-0.351204 -0.013141 0.092128 50.000000
-0.099857 -0.187314 -0.162758 50.000000
-0.247833 -0.267320 -0.102577 50.000000
-0.515465 -0.288561 -0.099745 53.000000
0.050950 0.481056 0.364716 50.000000
0.375931 -0.040754 0.038319 52.000000
0.557892 -0.186606 0.121157 50.000000
-0.734242 0.160324 0.177799 50.000000
0.457353 -0.226963 -0.037439 51.000000
-0.002151 -0.443617 0.050355 51.000000
-0.004275 -0.197227 -0.159926 50.000000
0.304422 -0.289269 -0.015491 51.000000
-0.586266 -0.283605 -0.034607 53.000000
-0.409262 -0.416004 -0.065760 53.000000
-0.559362 -0.134921 -0.045935 50.000000
-0.426254 0.491676 -0.147890 50.000000
0.465850 0.190059 0.115493 52.000000
0.299465 -0.064827 0.006458 52.000000
-0.114725 0.495216 -0.072840 50.000000
0.266188 -0.471937 0.119742 51.000000
0.091308 0.396802 0.254265 50.000000
0.179810 -0.316882 -0.045935 51.000000
-0.147295 -0.049959 -0.113197 50.000000
-0.024099 -0.197227 -0.171963 50.000000
-0.357576 -0.176694 -0.105409 50.000000
0.715780 -0.272277 0.111952 50.000000
0.136621 -0.037214 -0.063635 52.000000
-0.257037 -0.236876 -0.106117 50.000000
-0.238630 0.520705 0.217448 50.000000
0.167065 -0.011725 -0.002746 52.000000
0.087768 0.513624 -0.186123 50.000000
-0.345540 -0.325378 -0.132313 53.000000
-0.359700 -0.407508 -0.118861 53.000000
-0.178447 -0.267320 -0.106825 50.000000
-0.546617 -0.354407 -0.070008 53.000000
0.399296 0.000311 -0.008410 52.000000
0.242824 -0.129256 0.007166 52.000000
0.680380 -0.065535 0.194791 50.000000
0.598957 0.510085 -0.067884 50.000000
-0.287483 -0.167490 -0.096205 50.000000
-0.225885 -0.187314 -0.125942 50.000000
-0.257037 -0.355115 -0.125942 53.000000
0.142285 -0.076863 -0.017615 52.000000
0.374515 -0.372815 0.034071 51.000000
0.202466 0.541946 0.192667 50.000000
0.118920 -0.008893 0.043983 52.000000
0.684628 -0.323962 0.170719 50.000000
0.473638 0.013763 0.002918 52.000000
0.137329 0.518581 0.296746 50.000000
-0.012063 -0.130673 -0.142226 50.000000
0.274685 -0.108016 -0.002038 52.000000
-0.041092 -0.338830 -0.104701 50.000000
-0.363240 -0.314050 -0.146474 53.000000
-0.419174 -0.166781 -0.103285 50.000000
-0.559362 0.510793 -0.188955 50.000000
0.136621 -0.430872 0.021326 51.000000
0.155030 -0.120052 -0.069299 52.000000
0.582672 -0.140585 0.078676 50.000000
-0.129594 -0.355115 -0.133022 53.000000
0.385136 -0.140585 -0.008410 52.000000
-0.040384 -0.350158 -0.090541 50.000000
-0.511925 0.090229 -0.018323 50.000000
-0.768228 0.537697 0.081508 50.000000
0.407792 -0.226963 -0.009118 50.000000
-0.745571 0.502296 -0.022570 50.000000
-0.540245 -0.341663 -0.094081 53.000000
-0.773892 0.497341 -0.121693 50.000000
-0.059501 -0.090315 -0.114614 50.000000
0.472222 0.068280 -0.008410 52.000000
-0.427671 0.505836 -0.006286 50.000000
-0.440414 -0.357946 -0.116738 53.000000
0.437529 -0.044295 -0.032483 52.000000
0.141577 -0.292101 -0.088417 51.000000
0.286013 -0.140585 0.002210 52.000000
0.075023 0.528493 0.014246 50.000000
0.565680 -0.266613 0.068056 51.000000
0.415580 -0.432997 0.142398 51.000000
-0.031180 -0.129965 -0.123818 50.000000
0.640730 0.525661 0.046107 50.000000
0.048826 0.512917 -0.026111 50.000000
0.312210 0.089522 0.102749 52.000000
0.277516 0.066156 0.109828 52.000000
0.364603 -0.172445 0.002210 50.000000
-0.419882 -0.076155 -0.094789 50.000000
-0.283943 -0.245371 -0.143642 50.000000
-0.282526 0.500172 0.151602 50.000000
-0.451035 -0.075447 -0.095496 50.000000
0.322830 -0.042878 0.008582 52.000000
0.062987 -0.119344 -0.070716 52.000000
0.542316 0.510085 -0.160634 50.000000
0.521075 0.515040 0.089296 50.000000
0.577008 -0.174569 0.028407 50.000000
-0.651404 -0.326085 -0.051600 53.000000
0.489923 0.007391 0.056020 52.000000
0.468681 -0.310509 0.074427 51.000000
-0.574938 0.183688 -0.003454 50.000000
0.313626 -0.402552 0.019203 51.000000
-0.383065 -0.304138 -0.147890 53.000000
0.103344 -0.455654 0.119033 51.000000
-0.465196 0.512917 0.007874 50.000000
-0.099149 -0.139877 -0.147890 50.000000
-0.490684 -0.186606 -0.109657 53.000000
-0.297395 -0.236876 -0.103285 50.000000
-0.552281 -0.280065 -0.080628 53.000000
-0.100566 -0.252452 -0.202408 50.000000
-0.109061 -0.110140 -0.117445 50.000000
0.273976 -0.182358 -0.001330 50.000000
0.542316 0.283518 0.136734 50.000000
-0.117558 0.006683 -0.036023 50.000000
-0.622376 -0.219883 -0.024695 53.000000
-0.078617 -0.467690 0.067348 50.000000
0.586921 0.422998 0.116201 50.000000
-0.567150 -0.291393 -0.068592 53.000000
0.177686 -0.335998 -0.058680 51.000000
0.227956 0.030048 0.097793 52.000000
-0.496348 -0.436536 -0.009827 53.000000
0.089184 0.475392 0.203996 50.000000
0.461602 -0.195102 0.013538 50.000000
0.345487 -0.332458 -0.033191 51.000000
0.028294 -0.081111 -0.125233 52.000000
-0.481479 -0.333166 -0.064344 53.000000
0.442485 0.108638 0.047523 52.000000
-0.048880 -0.049959 -0.105409 50.000000
0.723569 -0.272277 0.097793 50.000000
-0.091361 -0.374939 -0.130897 50.000000
0.657722 -0.316173 0.067348 50.000000
0.329910 -0.290685 -0.003454 51.000000
0.741977 0.507960 -0.163467 50.000000
0.140161 -0.130673 -0.104701 52.000000
0.463017 -0.251036 0.017786 51.000000
0.286721 -0.161117 0.007166 52.000000
-0.109061 -0.216343 -0.150722 50.000000
-0.205352 -0.129256 -0.135146 50.000000
0.310086 0.042792 0.098500 52.000000
-0.225176 -0.313342 -0.151430 50.000000
0.552936 -0.032966 0.138149 52.000000
-0.152959 -0.455654 -0.004163 53.000000
0.709408 -0.188023 0.131070 50.000000
-0.415634 -0.206430 -0.122402 50.000000
-0.596887 0.030048 0.009998 50.000000
0.463017 0.501588 0.333563 50.000000
0.366727 -0.300597 -0.035315 51.000000
0.185474 -0.309093 -0.006994 51.000000
0.169189 0.503005 -0.192495 50.000000
-0.623083 -0.166074 -0.017615 53.000000
-0.527501 0.232541 0.150894 50.000000
0.506206 0.487428 0.048231 50.000000
-0.004275 -0.158993 -0.165591 50.000000
0.324954 -0.332458 -0.024695 51.000000
0.701620 0.500880 -0.133022 50.000000
-0.498472 -0.416712 0.004334 53.000000
-0.021267 -0.071907 -0.140810 50.000000
0.506206 -0.184482 0.003626 50.000000
-0.563610 0.243869 0.203287 50.000000
-0.517589 -0.246080 -0.134437 53.000000
-0.258453 0.015179 0.046107 50.000000
-0.424838 -0.064118 -0.068592 50.000000
-0.549450 -0.052790 -0.086292 50.000000
-0.559362 0.510793 -0.188955 50.000000
-0.729994 0.507960 -0.112489 50.000000
0.870836 -0.213511 0.077968 50.000000
-0.661317 0.482472 -0.094789 50.000000
0.223707 -0.212803 -0.033899 50.000000
-0.642908 -0.316173 -0.040979 53.000000
0.507623 0.508669 -0.119569 50.000000
-0.450327 -0.105892 -0.099036 50.000000
-0.319344 -0.227671 -0.087708 50.000000
0.490630 -0.238292 -0.043811 51.000000
0.445317 -0.273692 0.038319 51.000000
-0.345540 -0.364319 -0.139394 53.000000
-0.267658 -0.087484 -0.093372 50.000000
0.129541 0.054121 0.228068 52.000000
0.210255 -0.397596 0.003626 51.000000
0.608869 -0.186606 0.081508 50.000000
-0.571398 0.447779 -0.024695 50.000000
-0.656360 -0.187314 -0.024695 53.000000
0.625862 0.436450 0.107705 50.000000
-0.050296 -0.370691 -0.089125 50.000000
-0.098442 -0.049250 -0.092665 50.000000
0.136621 -0.398304 0.024867 51.000000
-0.009231 -0.019514 -0.100453 50.000000
-0.640076 0.513624 -0.138686 50.000000
0.301589 -0.461318 0.119742 51.000000
0.100512 0.243869 0.262053 50.000000
-0.536705 0.508669 0.017786 50.000000
-0.616712 -0.270153 -0.087001 53.000000
-0.450327 -0.086067 -0.101869 50.000000
-0.505552 -0.002521 -0.089832 50.000000
-0.247833 0.493800 -0.147182 50.000000
0.259108 -0.401844 0.028407 51.000000
-0.272614 0.509376 0.180631 50.000000
0.041746 -0.059163 -0.084168 52.000000
-0.116142 0.524952 0.195499 50.000000
-0.460947 -0.236876 -0.106117 53.000000
-0.143046 0.495924 0.368964 50.000000
-0.601843 -0.113680 -0.054431 50.000000
0.189722 -0.117928 0.014246 52.000000
-0.031180 -0.091731 -0.140810 50.000000
-0.565733 -0.061995 -0.062928 50.000000
-0.246418 0.523537 0.145938 50.000000
0.635775 -0.163241 0.048939 50.000000
-0.607507 0.349365 0.002210 50.000000
0.066527 -0.268028 -0.123818 51.000000
-0.218097 -0.335998 -0.119569 50.000000
-0.144462 0.494508 -0.169131 50.000000
-0.117558 -0.026594 -0.057971 50.000000
-0.061624 0.493800 -0.042395 50.000000
-0.595470 0.073237 0.000794 50.000000
-0.081449 0.493800 0.103457 50.000000
0.479302 -0.250328 -0.004870 51.000000
0.169189 -0.243248 -0.040979 50.000000
0.775962 0.494508 -0.142934 50.000000
0.156446 0.241745 0.317987 50.000000
-0.014188 -0.188023 -0.162050 50.000000
0.111132 0.428662 0.322235 50.000000
-0.252789 0.522121 0.063808 50.000000
0.058738 0.519288 -0.043103 50.000000
-0.099857 -0.149789 -0.174086 50.000000
0.526031 0.509376 0.201163 50.000000
0.069359 -0.309802 -0.101160 51.000000
0.608162 -0.340954 0.110537 51.000000
-0.295978 -0.052790 -0.009827 50.000000
-0.051004 -0.110848 -0.140102 50.000000
-0.332796 -0.095979 -0.053016 50.000000
-0.109770 -0.401844 -0.079920 50.000000
0.078563 0.432203 0.239397 50.000000
0.487799 -0.096688 0.018494 52.000000
-0.713710 0.514333 -0.089125 50.000000
0.566389 0.511500 -0.014782 50.000000
0.407084 -0.151913 -0.053016 52.000000
0.118212 0.475392 0.246476 50.000000
0.750473 -0.077572 0.192667 50.000000
0.329910 -0.290685 -0.003454 51.000000
-0.531041 0.247409 0.162930 50.000000
0.244240 -0.276525 -0.039563 51.000000
-0.071536 -0.265196 -0.147890 50.000000
0.364603 -0.193687 -0.042395 50.000000
-0.127470 0.528493 0.167178 50.000000
0.298049 -0.245371 -0.043103 51.000000
0.272561 -0.095979 0.041859 52.000000
0.138037 -0.336706 -0.043103 51.000000
0.215211 -0.350867 -0.025403 51.000000
-0.325715 -0.354407 -0.136561 53.000000
-0.109061 -0.120052 -0.123818 50.000000
-0.060208 -0.110848 -0.136561 50.000000
0.397880 -0.097396 -0.006994 52.000000
0.818443 -0.164657 0.121157 50.000000
-0.093485 0.506545 -0.006994 50.000000
0.338406 -0.130673 -0.061512 52.000000
0.263357 0.008099 0.102040 52.000000
0.368851 0.001018 0.005042 52.000000
-0.454575 -0.448573 0.003626 53.000000
0.107592 -0.358655 -0.031067 51.000000
-0.148003 -0.283605 -0.152846 50.000000
-0.441123 -0.207139 -0.097621 50.000000
-0.431210 -0.257408 -0.098329 50.000000
-0.268366 -0.117928 -0.087001 50.000000
-0.582018 -0.350158 -0.014075 53.000000
-0.166411 0.507960 0.267717 50.000000
-0.043216 0.003851 0.056728 50.000000
0.850304 -0.164657 0.065932 50.000000
-0.732827 0.082441 0.138149 50.000000
0.329910 0.014472 0.032655 52.000000
-0.473691 -0.282189 -0.044519 53.000000
0.345487 -0.332458 -0.033191 51.000000
0.019090 -0.168905 -0.103285 50.000000
0.445317 0.120674 0.055311 52.000000
-0.070829 -0.366443 -0.118861 50.000000
-0.489976 0.047040 -0.013367 50.000000
0.267604 0.500172 0.223112 50.000000
-0.602551 0.502296 -0.191787 50.000000
0.206007 -0.242540 -0.074256 50.000000
0.031834 -0.384143 -0.070716 51.000000
-0.383773 -0.085360 -0.062928 50.000000
0.890661 -0.153329 0.116201 50.000000
0.244948 -0.075447 0.013538 52.000000
0.058738 -0.299889 -0.103285 51.000000
0.070775 -0.342370 -0.082753 51.000000
-0.434042 0.423706 0.133901 50.000000
0.780210 -0.212803 0.099916 50.000000
0.460893 0.508669 -0.032483 50.000000
0.098388 0.511500 0.150894 50.000000
-0.595470 -0.338830 -0.130897 53.000000
-0.327839 -0.207139 -0.098329 50.000000
0.511871 0.493800 0.109828 50.000000
0.438237 -0.239000 0.014246 51.000000
0.361063 -0.426624 0.021326 51.000000
-0.426254 -0.175986 -0.118153 50.000000
-0.608215 0.118550 0.000794 50.000000
-0.517589 0.484596 -0.012658 50.000000
-0.147295 -0.089608 -0.118153 50.000000
0.376639 0.491676 -0.026819 50.000000
-0.179156 -0.025178 -0.046643 50.000000
0.058738 -0.299889 -0.103285 51.000000
0.322830 -0.020929 0.007874 52.000000
0.645686 -0.186606 0.074427 50.000000
-0.300935 -0.156869 -0.065052 50.000000
-0.425546 -0.372107 -0.084877 53.000000
0.411332 -0.215635 -0.037439 50.000000
-0.160039 0.032172 0.005750 50.000000
0.724277 0.496632 -0.075672 50.000000
0.670467 0.493800 0.063099 50.000000
-0.404305 -0.095272 -0.064344 50.000000
-0.127470 -0.081111 -0.141518 50.000000
0.476470 -0.195102 -0.014075 50.000000
-0.675477 -0.394056 0.062392 53.000000
0.269728 -0.020222 0.023450 52.000000
0.346902 0.066865 0.102749 52.000000
-0.175616 -0.309093 -0.193204 50.000000
-0.549450 0.511500 -0.086292 50.000000
0.361063 -0.426624 0.021326 51.000000
0.598250 -0.151913 0.086464 50.000000
0.158570 0.130587 0.256389 50.000000
-0.443954 0.527077 0.255680 50.000000
0.310086 0.042792 0.098500 52.000000
-0.650696 0.221213 0.054604 50.000000
0.589045 -0.222715 0.135317 50.000000
0.106884 0.102974 0.234440 50.000000
-0.052420 -0.187314 -0.174086 50.000000
-0.201104 -0.012434 -0.021863 50.000000
-0.067996 -0.472646 0.029115 50.000000
-0.151543 -0.416004 -0.051600 53.000000
-0.481479 0.304759 0.152310 50.000000
-0.431918 0.034296 0.101333 50.000000
0.832604 0.513624 0.071596 50.000000
0.277516 -0.297765 -0.040271 51.000000
-0.225176 -0.293517 -0.147890 50.000000
0.022630 -0.225547 -0.183291 50.000000
-0.440414 -0.156162 -0.099745 50.000000
-0.349788 -0.308385 -0.098329 50.000000
0.367435 0.022967 -0.001330 52.000000
0.026170 0.524245 0.366840 50.000000
0.538776 -0.141293 0.026991 52.000000
-0.080741 -0.328210 -0.106825 50.000000
-0.080741 -0.139877 -0.167007 50.000000
-0.080033 -0.394056 -0.063635 50.000000
0.385843 -0.054206 -0.010534 52.000000
0.386552 -0.095979 0.039027 52.000000
-0.320051 -0.137753 -0.077089 50.000000
0.242824 -0.129256 0.007166 52.000000
0.119629 0.516457 0.123281 50.000000
0.307253 0.501588 0.095669 50.000000
-0.450327 0.528493 0.215324 50.000000
-0.366780 -0.027302 0.039735 50.000000
-0.021976 0.495216 -0.136561 50.000000
-0.305891 -0.206430 -0.119569 50.000000
-0.080033 -0.394056 -0.063635 50.000000
0.792246 0.505836 0.153726 50.000000
0.269728 -0.085360 0.029115 52.000000
-0.357576 -0.336706 -0.118153 53.000000
-0.242169 -0.043586 -0.022570 50.000000
-0.061624 -0.324670 -0.145058 50.000000
-0.167119 -0.069075 -0.100453 50.000000
0.130249 0.516457 -0.090541 50.000000
0.363895 -0.076155 -0.006994 52.000000
-0.018435 -0.029426 -0.091957 50.000000
0.390091 0.076777 -0.011242 52.000000
-0.060917 -0.256700 -0.130897 50.000000
-0.556529 0.454859 0.127529 50.000000
-0.214557 0.488136 -0.191079 50.000000
0.111841 0.504420 0.168595 50.000000
-0.547326 0.287767 0.237272 50.000000
0.619490 -0.317590 0.105581 51.000000
0.368143 0.498048 -0.112489 50.000000
0.256984 -0.107308 0.021326 52.000000
0.223707 -0.377771 0.018494 51.000000
0.337698 -0.063411 0.025574 52.000000
0.484258 -0.050666 0.041859 52.000000
0.249196 0.101557 0.210368 52.000000
-0.269074 0.506545 0.131070 50.000000
0.203175 0.520705 0.209660 50.000000
-0.431210 -0.277941 -0.101869 53.000000
0.419828 -0.029426 0.026283 52.000000
-0.545910 -0.207846 -0.056556 53.000000
0.031834 -0.384143 -0.070716 51.000000
-0.409262 0.500880 -0.051600 50.000000
0.680380 -0.091024 0.160807 50.000000
-0.206060 -0.157577 -0.123818 50.000000
0.092724 -0.039338 -0.087001 52.000000
-0.616712 -0.066951 0.044691 50.000000
-0.550865 -0.156162 -0.079213 50.000000
0.637898 0.424414 0.107705 50.000000
0.598957 -0.268737 0.087881 51.000000
-0.156499 -0.149081 -0.149306 50.000000
0.551520 0.496632 0.199747 50.000000
0.435405 0.156075 0.058144 52.000000
0.346195 -0.225547 -0.026111 50.000000
0.162110 -0.446449 0.046107 51.000000
-0.493516 -0.175986 -0.097621 53.000000
0.118212 0.126338 0.224528 50.000000
0.078563 -0.024470 -0.026111 52.000000
-0.572814 -0.208555 -0.038855 53.000000
-0.164287 0.486012 -0.191787 50.000000
0.038915 -0.309802 -0.101160 51.000000
0.098388 0.179440 0.252140 50.000000
0.344778 -0.192978 -0.032483 50.000000
-0.571398 -0.135629 -0.083460 50.000000
-0.546617 0.113594 -0.016199 50.000000
-0.600427 0.275730 -0.008410 50.000000
0.661263 -0.090315 0.181339 50.000000
-0.422714 -0.116512 -0.082044 50.000000
0.055198 -0.378479 -0.033899 51.000000
0.239991 -0.233336 -0.063635 50.000000
0.271852 0.092353 0.135317 52.000000
0.641439 -0.303429 0.060975 50.000000
0.433989 -0.006770 0.031947 52.000000
-0.550157 0.159615 -0.007702 50.000000
-0.104814 0.510085 0.039027 50.000000
0.058738 -0.360071 -0.103993 51.000000
0.430449 -0.030134 0.020619 52.000000
-0.413510 -0.019514 -0.011951 50.000000
-0.247125 -0.326085 -0.120278 50.000000
0.248488 -0.287853 -0.020446 51.000000
-0.344832 0.503712 -0.033899 50.000000
0.247779 -0.020222 0.022034 52.000000
-0.538122 0.526369 -0.142934 50.000000
0.088475 0.364941 0.233024 50.000000
-0.256330 0.510793 -0.038147 50.000000
-0.696717 0.507252 -0.102577 50.000000
0.604621 0.513624 0.061684 50.000000
0.249196 0.514333 0.103457 50.000000
-0.292438 -0.095979 -0.046643 50.000000
0.261940 0.506545 0.040443 50.000000
-0.340584 -0.127132 -0.077089 50.000000
0.029002 -0.100228 -0.113197 52.000000
-0.528917 -0.320421 -0.091248 53.000000
-0.012063 -0.326794 -0.124526 50.000000
0.020506 0.517873 0.257804 50.000000
-0.029056 -0.049250 -0.091957 50.000000
0.373099 0.042084 -0.025403 52.000000
-0.052420 -0.274401 -0.158510 50.000000
0.147949 0.040668 0.092128 52.000000
0.274685 0.083149 0.154434 52.000000
-0.637952 0.128462 -0.019739 50.000000
0.042455 0.517873 0.214615 50.000000
0.528864 0.507252 -0.164174 50.000000
0.107592 -0.305553 -0.033191 51.000000
0.619490 0.500880 0.194083 50.000000
0.616657 0.500172 0.101333 50.000000
0.758261 0.515749 -0.067176 50.000000
0.410624 -0.374231 0.036195 51.000000
0.292385 0.507960 -0.103285 50.000000
0.757554 -0.238292 0.145938 50.000000
-0.334212 -0.392640 -0.073548 53.000000
-0.034011 0.490968 -0.176919 50.000000
-0.531749 0.495216 -0.057971 50.000000
-0.226593 0.005267 0.063808 50.000000
-0.138798 0.054828 0.022034 50.000000
-0.555821 0.053412 -0.067176 50.000000
-0.223052 -0.406092 -0.048059 53.000000
0.079980 0.512917 0.078676 50.000000
0.394340 0.498048 0.334271 50.000000
-0.167828 -0.294933 -0.132313 50.000000
-0.119682 -0.358655 -0.101160 50.000000
0.526031 -0.141293 0.024159 52.000000
-0.258453 0.506545 -0.146474 50.000000
-0.328548 0.507960 0.254973 50.000000
-0.594763 0.359277 -0.001330 50.000000
-0.448911 -0.021638 -0.053724 50.000000
0.385843 -0.054206 -0.010534 52.000000
0.350442 0.109345 0.163638 52.000000
0.291677 -0.009601 0.017079 52.000000
0.061571 -0.079696 -0.087708 52.000000
-0.115434 0.511500 0.117617 50.000000
0.269728 -0.256700 -0.023279 51.000000
-0.371028 0.507960 0.084341 50.000000
0.541607 0.259446 0.140274 50.000000
-0.356160 -0.048542 0.045399 50.000000
0.177686 -0.326085 -0.055847 51.000000
-0.501304 0.507252 -0.153554 50.000000
0.786582 0.513624 0.136734 50.000000
-0.472984 -0.227671 -0.096205 53.000000
-0.287483 -0.256700 -0.106825 50.000000
-0.424838 0.510793 -0.095496 50.000000
-0.247833 -0.374939 -0.128773 53.000000
0.170606 0.094477 0.260637 52.000000
0.414873 -0.386976 0.051063 51.000000
0.261233 0.511500 0.260637 50.000000
0.011302 -0.069783 -0.091957 50.000000
-0.627331 0.499464 -0.139394 50.000000
0.087768 0.350780 0.228068 50.000000
0.762509 -0.089608 0.188419 50.000000
0.068651 0.474684 0.247185 50.000000
-0.036844 -0.424501 -0.003454 50.000000
-0.434042 0.532741 0.189835 50.000000
0.443901 0.524245 -0.055847 50.000000
-0.477939 0.045624 -0.019739 50.000000
-0.140215 -0.389807 -0.095496 53.000000
0.070067 -0.437953 0.006458 51.000000
0.729233 -0.297057 0.111245 50.000000
-0.366073 0.527785 0.360467 50.000000
-0.137382 -0.149081 -0.149306 50.000000
0.456645 0.180148 0.130361 52.000000
0.067943 0.520705 0.220988 50.000000
0.314334 -0.203599 -0.020446 50.000000
0.640730 -0.066951 0.162930 50.000000
0.026878 -0.120761 -0.140102 50.000000
0.819151 -0.316882 0.182755 50.000000
-0.134550 0.510085 -0.159926 50.000000
-0.244294 -0.283605 -0.150015 50.000000
0.701620 -0.103768 0.143813 50.000000
0.482842 0.515749 -0.125233 50.000000
-0.546617 -0.093148 -0.050892 50.000000
-0.540245 0.209177 0.153726 50.000000
-0.418466 0.536989 0.164346 50.000000
0.663387 -0.328918 0.080092 50.000000
0.084935 0.518581 0.132485 50.000000
0.130957 -0.140585 -0.094789 52.000000
0.838268 0.524952 0.014955 50.000000
0.232911 0.487428 -0.181167 50.000000
-0.573523 0.208468 0.139565 50.000000
0.424077 -0.282896 0.005042 51.000000
0.149365 -0.327502 -0.034607 51.000000
0.383012 -0.327502 0.024159 51.000000
-0.245001 -0.167490 -0.128773 50.000000
0.377348 -0.108016 0.002918 52.000000
-0.157915 -0.246080 -0.133730 50.000000
-0.464487 0.519997 0.144522 50.000000
-0.446787 -0.185898 -0.120278 53.000000
0.286013 -0.140585 0.002210 52.000000
0.646394 -0.257408 0.075136 50.000000
-0.070121 -0.319714 -0.085584 50.000000
0.292385 0.507960 -0.103285 50.000000
-0.468736 0.089522 0.174966 50.000000
-0.141631 0.525661 0.281169 50.000000
-0.017019 -0.411048 -0.023279 50.000000
-0.007815 -0.386976 -0.043103 50.000000
0.035374 0.532741 0.100624 50.000000
0.030418 -0.310509 -0.087001 51.000000
0.077856 -0.179526 -0.113905 50.000000
0.377348 0.513624 0.249309 50.000000
0.080687 -0.090315 -0.094081 52.000000
0.673299 0.494508 0.108413 50.000000
0.070775 -0.100228 -0.094081 52.000000
-0.359700 -0.407508 -0.118861 53.000000
-0.487143 -0.105184 -0.076380 50.000000
-0.400765 0.532033 0.321526 50.000000
0.537359 0.483180 -0.165591 50.000000
-0.603967 0.391845 0.026991 50.000000
-0.410678 0.517164 0.029823 50.000000
0.021214 0.512209 0.284001 50.000000
0.591877 -0.042171 0.175674 52.000000
-0.246418 -0.343786 -0.140102 53.000000
0.113964 -0.089608 -0.073548 52.000000
-0.586266 -0.311926 -0.082044 53.000000
0.336283 -0.381311 0.019203 51.000000
0.332742 -0.447865 0.099916 51.000000
-0.293147 0.507252 -0.116738 50.000000
-0.012063 -0.130673 -0.142226 50.000000
-0.589806 -0.080403 -0.014075 50.000000
0.364603 0.486012 -0.076380 50.000000
-0.622376 0.114302 -0.032483 50.000000
0.326370 0.493800 -0.148598 50.000000
-0.383065 -0.304138 -0.147890 53.000000
-0.516173 -0.344494 -0.057971 53.000000
-0.303767 -0.095979 -0.038855 50.000000
-0.532457 -0.267320 -0.117445 53.000000
0.060155 0.020136 0.119742 52.000000
0.038206 -0.198642 -0.113905 50.000000
-0.206768 -0.265904 -0.126649 50.000000
0.169189 0.503005 -0.192495 50.000000
0.369559 0.521413 0.275505 50.000000
0.476470 -0.195811 0.024159 50.000000
0.305837 -0.225547 -0.009827 50.000000
-0.031180 -0.338122 -0.110365 50.000000
-0.050296 -0.403968 -0.072840 50.000000
0.663387 -0.328918 0.080092 50.000000
-0.783804 0.503712 0.185587 50.000000
0.439653 -0.098104 -0.022570 52.000000
0.038206 0.455567 0.374628 50.000000
0.491338 0.184395 0.075136 52.000000
-0.177739 -0.068367 -0.086292 50.000000
0.381596 0.505836 0.093545 50.000000
0.191138 0.028631 0.082924 52.000000
-0.148711 0.030755 -0.004870 50.000000
-0.585558 0.515749 -0.082753 50.000000
-0.700966 0.544777 -0.139394 50.000000
0.398588 -0.340246 0.036902 51.000000
0.117505 0.065449 0.225236 52.000000
-0.633704 -0.263072 -0.026111 53.000000
0.040330 -0.040754 -0.106825 52.000000
0.407792 -0.377064 0.069472 51.000000
-0.257746 -0.006770 0.041859 50.000000
0.333450 -0.086067 0.010706 52.000000
-0.587682 0.196432 0.000794 50.000000
0.521783 -0.045711 0.121865 52.000000
-0.480772 0.498048 0.035487 50.000000
0.069359 0.293431 0.319402 50.000000
-0.343416 -0.401844 -0.084168 53.000000
0.213087 0.515040 0.191959 50.000000
0.018382 -0.071199 -0.129482 52.000000
0.261940 -0.140585 -0.006994 52.000000
0.889245 -0.091731 0.111245 50.000000
0.438945 0.134835 0.073720 52.000000
-0.358285 0.494508 0.298162 50.000000
0.275392 0.505129 -0.074256 50.000000
-0.315095 -0.236167 -0.125942 50.000000
-0.358992 -0.197227 -0.094789 50.000000
0.241408 -0.086776 -0.004870 52.000000
0.441777 0.000311 -0.023279 52.000000
-0.577770 0.308299 -0.012658 50.000000
-0.567150 -0.082527 -0.057971 50.000000
-0.164287 0.512917 0.198331 50.000000
-0.021976 0.515040 0.127529 50.000000
0.732773 0.531325 0.033362 50.000000
0.157861 0.105805 0.253556 50.000000
0.421952 0.517164 0.002210 50.000000
-0.081449 -0.215635 -0.176919 50.000000
-0.371028 -0.095979 -0.076380 50.000000
-0.493516 0.076777 0.058144 50.000000
-0.400765 0.532033 0.321526 50.000000
0.130957 0.291307 0.304534 50.000000
-0.472275 -0.352991 -0.164174 53.000000
-0.208893 -0.357239 -0.106825 53.000000
-0.254206 -0.264488 -0.147182 50.000000
-0.516880 -0.227671 -0.090541 53.000000
-0.017019 -0.411048 -0.023279 50.000000
-0.257746 -0.217759 -0.097621 50.000000
0.477178 0.512917 0.273382 50.000000
0.138745 0.512917 0.193375 50.000000
-0.070829 -0.276525 -0.124526 50.000000
-0.223761 -0.417420 -0.042395 53.000000
0.494170 0.522829 0.038319 50.000000
-0.065165 0.032172 0.016370 50.000000
-0.595470 -0.338830 -0.130897 53.000000
-0.640784 0.151827 -0.011951 50.000000
0.309377 0.485304 -0.067176 50.000000
-0.070829 -0.348034 -0.104701 50.000000
0.238575 0.018719 0.092128 52.000000
0.079271 -0.080403 -0.108949 52.000000
-0.299519 0.488844 0.075844 50.000000
0.157861 0.117842 0.250725 50.000000
-0.540953 -0.060579 -0.031067 50.000000
-0.456699 -0.246080 -0.127357 53.000000
-0.019852 -0.020929 -0.116029 50.000000
-0.594763 0.182980 -0.014075 50.000000
-0.169243 -0.055623 -0.033899 50.000000
-0.224469 -0.205723 -0.151430 50.000000
-0.501304 0.484596 -0.149306 50.000000
0.877917 -0.153329 0.150894 50.000000
0.322830 -0.140585 -0.033191 52.000000
-0.004983 0.495924 -0.196035 50.000000
0.036082 -0.025178 -0.037439 52.000000
0.686752 -0.258116 0.076552 50.000000
-0.826993 0.527785 -0.087708 50.000000
-0.240753 -0.054915 -0.042395 50.000000
0.390800 0.506545 0.135317 50.000000
0.039622 -0.451405 0.026283 51.000000
0.304422 -0.161117 -0.014782 52.000000
-0.307307 -0.197227 -0.106117 50.000000
0.375223 -0.377771 0.084341 51.000000
-0.008523 -0.438661 -0.052307 50.000000
0.030418 -0.069783 -0.099745 52.000000
-0.462363 0.330247 0.105581 50.000000
0.565680 -0.266613 0.068056 51.000000
-0.351204 0.518581 0.118325 50.000000
-0.583435 -0.156162 -0.040271 50.000000
0.198926 -0.054206 -0.000622 52.000000
0.470806 0.515040 -0.125233 50.000000
0.295217 -0.370691 0.040443 51.000000
-0.316511 -0.197227 -0.110365 50.000000
0.489214 0.224753 0.101333 50.000000
-0.000734 -0.080403 -0.116029 50.000000
-0.563610 -0.259532 -0.077796 53.000000
-0.356869 -0.256700 -0.113905 50.000000
-0.117558 -0.071199 -0.142226 50.000000
0.009178 -0.120052 -0.113905 50.000000
-0.185528 -0.205723 -0.159926 50.000000
0.094139 -0.345203 -0.057264 51.000000
-0.034720 0.019427 -0.004870 50.000000
0.513995 0.207052 0.061684 50.000000
-0.116850 0.530617 0.388080 50.000000
0.592585 0.438574 0.172843 50.000000
-0.805044 0.515040 0.038319 50.000000
0.542316 -0.118637 0.036195 52.000000
0.261940 -0.370691 0.046815 51.000000
-0.340584 -0.378479 -0.103993 53.000000
-0.354036 0.513624 0.142398 50.000000
0.700912 0.509376 -0.105409 50.000000
0.107592 -0.098104 -0.036023 52.000000
0.089892 0.185812 0.295329 50.000000
0.321414 0.512209 0.165054 50.000000
0.264064 -0.416712 0.053187 51.000000
0.147242 -0.263780 -0.050183 51.000000
0.228663 -0.065535 -0.013367 52.000000
-0.004983 0.495924 -0.196035 50.000000
-0.138091 0.018719 -0.021155 50.000000
0.809238 -0.115804 0.130361 50.000000
0.163525 0.185104 0.287541 50.000000
-0.033304 -0.168198 -0.171255 50.000000
0.812779 -0.301305 0.137441 50.000000
-0.217388 0.505129 0.056020 50.000000
-0.053836 0.025091 0.051771 50.000000
0.198219 -0.076155 -0.001330 52.000000
0.494878 0.168112 0.049647 52.000000
0.442485 -0.284313 0.027698 51.000000
-0.349080 -0.227671 -0.096205 50.000000
-0.294562 0.501588 0.154434 50.000000
0.693832 -0.318297 0.089296 50.000000
0.079271 -0.159701 -0.106117 52.000000
-0.436875 0.030755 0.062392 50.000000
0.640730 0.525661 0.046107 50.000000
0.746225 -0.163950 0.119742 50.000000
0.892785 -0.128549 0.119742 50.000000
-0.622376 0.114302 -0.032483 50.000000
0.087059 -0.459193 0.068056 51.000000
0.086351 -0.326085 -0.036023 51.000000
0.367435 0.022967 -0.001330 52.000000
-0.432626 -0.085360 -0.081337 50.000000
-0.394393 0.487428 0.180631 50.000000
0.632942 -0.248204 0.145938 50.000000
-0.150127 -0.350867 -0.079920 50.000000
0.635066 -0.175278 0.080800 50.000000
-0.136674 -0.158286 -0.172671 50.000000
0.207423 0.501588 0.070180 50.000000
0.075731 0.301927 0.238688 50.000000
0.385136 -0.140585 -0.008410 52.000000
0.057323 -0.228379 -0.122402 50.000000
0.388676 -0.358655 0.000086 51.000000
-0.400765 0.503712 -0.110365 50.000000
0.213087 -0.286437 -0.037439 51.000000
-0.029056 -0.069783 -0.096205 50.000000
0.336283 -0.098104 -0.024695 52.000000
-0.410678 -0.447865 0.004334 53.000000
0.095556 0.481763 0.269133 50.000000
-0.029056 -0.049250 -0.091957 50.000000
0.494878 0.168112 0.049647 52.000000
0.712241 -0.306261 0.070180 50.000000
0.135913 -0.304845 -0.055140 51.000000
0.273976 -0.182358 -0.001330 50.000000
-0.196148 -0.459901 0.023450 53.000000
-0.382357 -0.051375 -0.002038 50.000000
-0.110478 -0.427333 -0.050183 50.000000
-0.460947 -0.146957 -0.099745 50.000000
-0.446078 0.376269 0.144522 50.000000
0.580548 -0.221299 0.073720 50.000000
-0.362533 -0.360071 -0.088417 53.000000
-0.232257 -0.032966 -0.021863 50.000000
-0.494224 0.486720 -0.072840 50.000000
0.641439 0.505129 -0.019031 50.000000
0.465142 -0.184482 0.024867 50.000000
0.592585 -0.382728 0.175674 51.000000
-0.036844 -0.424501 -0.003454 50.000000
0.249196 -0.384852 -0.021155 51.000000
0.293801 -0.019514 0.027698 52.000000
0.050243 -0.179526 -0.091248 50.000000
0.353275 -0.256700 -0.043103 51.000000
-0.315095 -0.246080 -0.128773 50.000000
-0.206768 -0.265904 -0.126649 50.000000
-0.489976 -0.394056 -0.083460 53.000000
0.286013 0.493092 0.337103 50.000000
0.305837 0.506545 0.150186 50.000000
-0.613171 0.487428 0.093545 50.000000
0.346195 0.518581 0.225236 50.000000
-0.613171 0.378393 0.020619 50.000000
-0.526085 -0.268028 -0.100453 53.000000
-0.107646 0.050580 0.085756 50.000000
0.613118 -0.222007 0.091420 50.000000
0.435405 0.156075 0.058144 52.000000
0.048826 0.488844 -0.156386 50.000000
0.230787 -0.257408 0.004334 51.000000
0.098388 0.179440 0.252140 50.000000
0.681795 -0.117220 0.095669 50.000000
0.059447 0.475392 0.296038 50.000000
0.126000 -0.345910 -0.054431 51.000000
0.600373 0.421582 0.158682 50.000000
-0.228717 -0.066951 -0.067176 50.000000
-0.598303 -0.260240 -0.071424 53.000000
0.121045 -0.169614 -0.093372 50.000000
-0.174199 0.066156 0.117617 50.000000
0.584089 -0.223423 0.159390 50.000000
0.389384 0.493092 -0.023987 50.000000
-0.327839 -0.316882 -0.115321 50.000000
0.312210 -0.182358 -0.029651 50.000000
0.129541 -0.230503 -0.099745 50.000000
-0.180572 -0.382019 -0.074964 53.000000
0.235744 -0.151205 -0.031067 52.000000
-0.489976 0.010223 -0.062928 50.000000
0.339823 -0.301305 -0.009827 51.000000
-0.158623 -0.024470 -0.037439 50.000000
-0.373152 -0.126425 -0.066468 50.000000
0.256984 0.526369 0.309490 50.000000
-0.201104 0.499464 0.196207 50.000000
0.552228 -0.353698 0.136734 51.000000
-0.058084 -0.435121 -0.001330 50.000000
0.181226 0.011639 0.019910 52.000000
-0.089945 -0.187314 -0.162050 50.000000
-0.414926 -0.064827 -0.066468 50.000000
-0.476524 -0.115804 -0.075672 50.000000
-0.322884 -0.456361 -0.002746 53.000000
-0.451035 -0.257408 -0.103285 53.000000
0.140161 0.528493 0.199039 50.000000
0.073607 -0.355115 -0.061512 51.000000
-0.598303 -0.260240 -0.071424 53.000000
-0.206768 -0.265904 -0.126649 50.000000
0.119629 0.515749 0.245768 50.000000
0.445317 0.154659 0.048231 52.000000
0.520367 0.272898 0.153018 50.000000
0.078563 -0.239707 -0.104701 50.000000
-0.450327 0.328832 0.102749 50.000000
-0.581311 0.300510 0.002918 50.000000
-0.246418 -0.128549 -0.111073 50.000000
-0.088529 -0.048542 -0.078504 50.000000
0.350442 -0.382728 0.028407 51.000000
-0.286774 -0.147665 -0.103993 50.000000
-0.142338 -0.440785 0.039027 53.000000
-0.848233 0.525661 -0.064344 50.000000
0.442485 -0.355115 0.067348 51.000000
-0.123930 0.502296 -0.207364 50.000000
-0.120390 -0.409632 -0.025403 50.000000
-0.272614 0.508669 0.025574 50.000000
-0.315803 -0.305553 -0.128773 50.000000
-0.246418 -0.128549 -0.111073 50.000000
0.646394 -0.257408 0.075136 50.000000
-0.409970 0.500172 -0.183999 50.000000
0.729233 -0.152622 0.112661 50.000000
0.398588 -0.054206 -0.006994 52.000000
-0.532457 -0.217759 -0.070008 53.000000
-0.196148 -0.275108 -0.140102 50.000000
0.586921 -0.128549 0.091420 50.000000
-0.565733 0.026508 -0.023279 50.000000
0.404960 -0.248204 -0.020446 51.000000
0.050243 -0.059871 -0.102577 52.000000
-0.266242 -0.019514 0.013538 50.000000
-0.223761 -0.167490 -0.153554 50.000000
-0.030471 0.039252 0.086464 50.000000
0.242824 -0.333166 0.004334 51.000000
0.239991 -0.044295 -0.015491 52.000000
0.067235 0.445655 0.240812 50.000000
-0.440414 -0.357946 -0.116738 53.000000
-0.494932 -0.425208 -0.012658 53.000000
-0.463779 -0.349451 -0.101869 53.000000
0.665511 -0.234752 0.090005 50.000000
-0.493516 -0.175986 -0.097621 53.000000
-0.337044 -0.437245 -0.059388 53.000000
-0.630871 0.444947 0.073720 50.000000
0.759678 -0.164657 0.086464 50.000000
0.368851 0.038544 0.048231 52.000000
0.270436 0.006683 0.080800 52.000000
0.189722 -0.117928 0.014246 52.000000
0.392216 -0.431581 0.050355 51.000000
-0.002151 -0.297057 -0.121693 50.000000
-0.325715 -0.246080 -0.120278 50.000000
-0.031180 -0.081819 -0.137270 50.000000
0.329202 0.518581 0.272673 50.000000
-0.072953 0.498048 -0.063635 50.000000
0.069359 -0.309802 -0.101160 51.000000
-0.227301 -0.088191 -0.096912 50.000000
0.424785 0.515040 -0.078504 50.000000
-0.042508 -0.102352 -0.176211 50.000000
0.861632 -0.249620 0.058144 50.000000
0.483550 0.517164 0.192667 50.000000
0.302298 0.489552 0.139565 50.000000
0.622322 -0.323254 0.187711 51.000000
0.307253 -0.074031 0.044691 52.000000
0.266897 -0.213511 -0.033899 50.000000
-0.342708 -0.116512 -0.060804 50.000000
-0.128178 -0.273692 -0.164882 50.000000
0.135205 -0.386976 -0.067176 51.000000
-0.177739 -0.295641 -0.122402 50.000000
0.822692 -0.049959 0.222404 50.000000
-0.561486 0.003143 -0.038147 50.000000
0.526031 0.509376 0.201163 50.000000
-0.081449 -0.351575 -0.160634 50.000000
-0.608923 -0.207846 -0.070716 53.000000
-0.449618 -0.236876 -0.108241 53.000000
-0.042508 -0.102352 -0.176211 50.000000
-0.140215 0.510793 0.193375 50.000000
0.279640 0.497341 -0.162758 50.000000
-0.393685 -0.085360 -0.065052 50.000000
-0.349080 -0.227671 -0.096205 50.000000
0.557892 0.301927 0.099916 50.000000
0.074316 -0.366443 -0.048767 51.000000
-0.591930 0.076777 0.030531 50.000000
0.465850 0.190059 0.115493 52.000000
0.784458 -0.052790 0.170010 50.000000
-0.565733 0.513624 -0.117445 50.000000
0.257692 -0.139877 0.025574 52.000000
0.349027 -0.183066 -0.015491 50.000000
-0.118266 -0.168198 -0.156386 50.000000
0.649934 -0.357946 0.149478 50.000000
0.465850 -0.285021 0.026991 51.000000
0.526739 -0.062703 0.024159 52.000000
0.358230 -0.381311 0.014246 51.000000
0.209547 0.522829 0.349139 50.000000
-0.533873 -0.009601 -0.061512 50.000000
-0.052420 0.039960 0.091420 50.000000
-0.446787 -0.185898 -0.120278 53.000000
0.543024 0.304759 0.177799 50.000000
0.399296 -0.006770 0.036195 52.000000
-0.419174 0.476099 0.182047 50.000000
0.323538 -0.096688 0.014955 52.000000
0.273976 -0.437953 0.041151 51.000000
-0.079324 0.531325 0.257097 50.000000
-0.286774 -0.335290 -0.125942 53.000000
-0.330672 -0.379188 -0.102577 53.000000
-0.357576 -0.084651 -0.026819 50.000000
0.060155 -0.129965 -0.098329 52.000000
-0.171368 0.034296 0.029823 50.000000
0.843932 -0.050666 0.201871 50.000000
-0.526085 -0.268028 -0.100453 53.000000
-0.436166 0.524245 0.292498 50.000000
0.062279 0.416626 0.184878 50.000000
0.620197 -0.042171 0.179923 52.000000
-0.475108 0.500172 0.005042 50.000000
-0.295271 -0.265904 -0.127357 50.000000
0.911901 -0.128549 0.127529 50.000000
-0.515465 0.512917 -0.140810 50.000000
-0.322175 0.500172 -0.040271 50.000000
-0.289607 0.494508 0.092836 50.000000
0.596125 -0.197934 0.080800 50.000000
0.087768 -0.229088 -0.112489 50.000000
-0.276862 -0.108016 -0.101160 50.000000
0.112548 -0.110140 -0.083460 52.000000
-0.274030 0.504420 0.048231 50.000000
0.000681 -0.351575 -0.079920 51.000000
0.002805 -0.028010 -0.074964 52.000000
0.775962 0.505836 -0.146474 50.000000
-0.522544 0.052704 -0.067176 50.000000
0.645686 -0.105184 0.106288 50.000000
0.101928 0.306883 0.259221 50.000000
-0.307307 -0.266613 -0.107533 50.000000
-0.319344 0.503005 -0.162758 50.000000
-0.495640 -0.146249 -0.084877 50.000000
0.119629 -0.110848 -0.104701 52.000000
0.269728 -0.020222 0.023450 52.000000
-0.352620 -0.391223 -0.090541 53.000000
0.860217 -0.091024 0.143106 50.000000
0.195386 -0.391932 0.050355 51.000000
-0.061624 0.493800 -0.042395 50.000000
0.441069 0.514333 0.237272 50.000000
-0.089945 -0.149789 -0.153554 50.000000
-0.089945 -0.139877 -0.133730 50.000000
-0.161455 0.512917 0.081508 50.000000
0.508331 -0.378479 0.160807 51.000000
-0.713710 0.514333 -0.089125 50.000000
-0.384481 -0.248912 -0.064344 50.000000
0.347611 0.012347 0.012122 52.000000
0.083520 0.222629 0.215324 50.000000
0.409916 0.115010 0.104164 52.000000
-0.574938 -0.135629 -0.111781 50.000000
0.591877 -0.151913 0.106288 50.000000
0.252736 -0.354407 -0.002746 51.000000
-0.040384 -0.071199 -0.133022 50.000000
0.227247 0.530617 0.195499 50.000000
-0.438999 -0.415296 -0.076380 53.000000
-0.574230 0.205637 -0.007702 50.000000
-0.434750 -0.185898 -0.130190 50.000000
-0.531041 0.212008 0.171426 50.000000
-0.127470 -0.186606 -0.171255 50.000000
-0.118266 -0.235459 -0.152846 50.000000
0.326370 0.039960 0.068056 52.000000
0.079271 -0.249620 -0.098329 51.000000
-0.543786 -0.028010 -0.019031 50.000000
-0.633704 -0.123592 -0.021863 50.000000
0.336283 0.503712 0.315862 50.000000
0.172022 -0.389807 0.041151 51.000000
-0.585558 0.406713 -0.003454 50.000000
0.435405 -0.172445 -0.033899 50.000000
-0.159331 -0.327502 -0.102577 50.000000
0.181934 0.536281 0.136734 50.000000
0.232911 -0.032258 0.005750 52.000000
-0.514756 0.219089 0.213200 50.000000
0.253444 -0.203599 0.005042 50.000000
0.117505 -0.067659 -0.046643 52.000000
-0.041799 -0.326085 -0.127357 50.000000
-0.156499 -0.129965 -0.151430 50.000000
0.208839 -0.342370 0.000086 51.000000
-0.250665 -0.390516 -0.087708 53.000000
-0.487143 -0.105184 -0.076380 50.000000
-0.469443 0.376269 0.138858 50.000000
-0.405722 -0.028718 0.009290 50.000000
-0.177739 0.510793 -0.097621 50.000000
0.445317 -0.273692 0.038319 51.000000
-0.257037 -0.236876 -0.106117 50.000000
0.552228 -0.185190 0.029115 50.000000
-0.530333 0.465480 -0.109657 50.000000
0.060155 0.489552 0.298162 50.000000
0.145825 0.497341 -0.044519 50.000000
-0.642200 0.505129 -0.128773 50.000000
-0.315095 -0.236167 -0.125942 50.000000
-0.100566 -0.252452 -0.202408 50.000000
0.445317 -0.273692 0.038319 51.000000
0.140869 0.076777 0.216739 52.000000
0.595417 -0.093148 0.113369 50.000000
-0.254206 -0.264488 -0.147182 50.000000
-0.448911 0.392554 0.157974 50.000000
0.251320 -0.182358 -0.005578 50.000000
-0.494932 -0.376355 -0.057971 53.000000
-0.295978 -0.083943 -0.008410 50.000000
0.516119 -0.352991 0.145230 51.000000
-0.544493 0.068989 -0.021863 50.000000
0.117505 0.077485 0.223112 50.000000
-0.147295 -0.263780 -0.161343 50.000000
0.632942 -0.248204 0.145938 50.000000
-0.036844 -0.424501 -0.003454 50.000000
-0.337044 -0.437245 -0.059388 53.000000
-0.615295 0.236789 -0.035315 50.000000
0.581257 0.403882 0.145230 50.000000
-0.284650 0.500172 0.034071 50.000000
-0.434042 0.399633 0.138149 50.000000
-0.166411 0.507960 0.267717 50.000000
-0.392977 0.516457 0.367548 50.000000
0.409209 -0.140585 -0.004870 52.000000
0.270436 0.017303 0.079384 52.000000
-0.424130 -0.340246 -0.089125 53.000000
0.680380 -0.065535 0.194791 50.000000
0.621614 0.476099 0.253556 50.000000
-0.213848 -0.398304 -0.031067 53.000000
0.151489 0.209884 0.281877 50.000000
-0.179156 0.491676 -0.052307 50.000000
0.244240 0.497341 -0.057264 50.000000
0.026878 -0.150498 -0.135854 50.000000
0.568513 -0.163241 0.076552 50.000000
-0.555114 -0.302013 -0.072132 53.000000
0.204590 -0.181650 -0.021863 50.000000
0.597541 0.430079 0.190542 50.000000
-0.574230 -0.038630 -0.031067 50.000000
0.072899 -0.292101 -0.066468 51.000000
0.538068 0.292722 0.121865 50.000000
-0.663441 0.210592 0.058144 50.000000
0.077147 0.391845 0.235148 50.000000
-0.383773 0.506545 0.004334 50.000000
-0.320051 -0.368567 -0.102577 53.000000
-0.670520 0.117134 0.053187 50.000000
0.233620 0.529909 0.001501 50.000000
0.271145 0.500172 0.097084 50.000000
-0.326423 -0.416004 -0.059388 53.000000
-0.134550 0.510085 -0.159926 50.000000
-0.210308 -0.054915 -0.039563 50.000000
-0.012063 -0.130673 -0.142226 50.000000
0.059447 -0.417420 0.012830 51.000000
-0.129594 0.524245 0.322942 50.000000
-0.446078 0.531325 0.183463 50.000000
0.037498 -0.100936 -0.133022 52.000000
0.144409 -0.363611 0.005042 51.000000
0.201759 -0.202182 -0.038147 50.000000
0.021922 -0.028718 -0.082044 52.000000
-0.565026 0.144039 -0.038147 50.000000
0.105468 -0.140585 -0.137270 52.000000
0.640730 0.411670 0.158682 50.000000
-0.448911 -0.137044 -0.108241 50.000000
-0.453867 -0.197227 -0.085584 50.000000
-0.535289 -0.258116 -0.103285 53.000000
-0.156499 -0.129965 -0.151430 50.000000
-0.445371 -0.146957 -0.072132 50.000000
-0.400765 0.503712 -0.110365 50.000000
0.105468 0.486012 -0.104701 50.000000
0.121752 0.004559 0.067348 52.000000
0.671176 0.517164 0.094960 50.000000
-0.104814 0.499464 -0.026111 50.000000
-0.357576 -0.336706 -0.118153 53.000000
-0.374569 -0.402552 -0.081337 53.000000
0.303005 -0.347327 0.024867 51.000000
-0.100566 -0.417420 -0.045935 50.000000
0.266188 -0.459901 0.119742 51.000000
0.087768 0.350780 0.228068 50.000000
-0.494224 -0.403260 -0.011951 53.000000
0.450981 -0.297765 0.058144 51.000000
0.048826 0.488844 -0.156386 50.000000
0.211671 0.088105 0.206120 52.000000
0.235744 -0.265904 -0.028943 51.000000
-0.282526 -0.300597 -0.063635 50.000000
0.815611 -0.235459 0.024867 50.000000
-0.081449 -0.304138 -0.146474 50.000000
0.780210 -0.104476 0.098500 50.000000
0.124585 -0.241831 -0.060804 50.000000
-0.254206 -0.245371 -0.145058 50.000000
0.694540 0.476808 0.134610 50.000000
-0.143046 -0.474770 0.045399 53.000000
-0.198980 -0.397596 -0.113197 53.000000
-0.574938 0.396094 0.005042 50.000000
-0.185528 -0.110140 -0.141518 50.000000
-0.118266 -0.178110 -0.112489 50.000000
0.096263 0.092353 0.249309 50.000000
-0.176323 -0.157577 -0.127357 50.000000
0.842516 -0.066243 0.136025 50.000000
-0.621667 0.295555 0.023450 50.000000
-0.051004 -0.091731 -0.149306 50.000000
-0.108354 -0.071907 -0.146474 50.000000
-0.412093 -0.349451 -0.099036 53.000000
0.050243 -0.179526 -0.091248 50.000000
-0.502012 0.510793 0.150186 50.000000
0.837560 -0.262364 0.097793 50.000000
-0.613879 0.192184 -0.031067 50.000000
-0.127470 -0.037922 -0.077089 50.000000
0.077856 -0.179526 -0.113905 50.000000
0.209547 0.510793 0.358343 50.000000
-0.147295 -0.263780 -0.161343 50.000000
-0.298102 -0.147665 -0.089832 50.000000
0.261233 0.040668 0.086464 52.000000
0.739145 -0.272277 0.102040 50.000000
-0.522544 -0.404676 -0.084877 53.000000
-0.516173 0.107930 -0.051600 50.000000
0.054491 -0.047835 -0.058680 52.000000
-0.305183 0.513624 0.274797 50.000000
-0.051712 -0.246080 -0.150015 50.000000
-0.138798 0.010931 0.007874 50.000000
0.118920 -0.369983 -0.026819 51.000000
0.063695 0.481763 0.184171 50.000000
0.455229 -0.217759 0.031947 50.000000
-0.070829 -0.295641 -0.131606 50.000000
0.472222 0.050580 0.032655 52.000000
-0.579894 -0.015265 -0.008410 50.000000
0.584796 -0.235459 0.160098 50.000000
-0.187651 -0.078279 -0.090541 50.000000
0.087768 0.014472 0.056728 52.000000
-0.009939 0.508669 0.147354 50.000000
-0.659901 0.238913 0.085048 50.000000
0.739145 -0.272277 0.102040 50.000000
0.097680 -0.369275 -0.027527 51.000000
0.169898 0.105805 0.252140 50.000000
-0.256330 -0.177402 -0.110365 50.000000
-0.426254 -0.175986 -0.118153 50.000000
0.053783 0.393969 0.244352 50.000000
0.219459 -0.378479 -0.065052 51.000000
-0.262701 0.514333 0.041859 50.000000
0.593293 0.403882 0.141689 50.000000
0.542316 0.512917 0.209660 50.000000
0.329202 0.518581 0.272673 50.000000
-0.011355 -0.277941 -0.116738 50.000000
0.199635 -0.311217 0.013538 51.000000
-0.109770 -0.367859 -0.106825 50.000000
0.320705 -0.235459 -0.039563 50.000000
-0.554405 -0.196518 -0.109657 53.000000
-0.703090 0.086689 0.082924 50.000000
0.336283 -0.161117 -0.021863 50.000000
0.063695 -0.376355 -0.053724 51.000000
0.217335 -0.299181 -0.009827 51.000000
0.074316 -0.366443 -0.048767 51.000000
0.598250 -0.151913 0.086464 50.000000
0.059447 -0.417420 0.012830 51.000000
-0.503428 0.094477 0.105581 50.000000
-0.164287 0.486012 -0.191787 50.000000
-0.350496 -0.248204 -0.087708 50.000000
-0.518297 0.199264 0.168595 50.000000
0.459477 -0.387683 0.039027 51.000000
0.273269 -0.311217 -0.004870 51.000000
-0.237921 0.516457 0.013538 50.000000
0.329910 0.123506 0.181339 52.000000
0.176978 -0.374939 0.004334 51.000000
-0.050296 0.505129 -0.044519 50.000000
-0.080741 -0.377771 -0.111781 50.000000
0.744102 -0.104476 0.112661 50.000000
-0.479355 0.279978 0.213200 50.000000
-0.080033 -0.178110 -0.136561 50.000000
-0.118266 -0.158286 -0.123109 50.000000
0.251320 -0.332458 -0.006994 51.000000
-0.601843 0.512209 -0.196744 50.000000
0.746933 0.489552 -0.145766 50.000000
0.637190 -0.222007 0.086464 50.000000
-0.664856 0.199972 0.065223 50.000000
0.272561 0.511500 0.171426 50.000000
-0.054544 0.011639 0.022743 50.000000
0.135205 0.039252 0.082216 52.000000
-0.115434 0.523537 0.077260 50.000000
0.190431 -0.160410 -0.043811 52.000000
-0.529625 0.222629 0.160098 50.000000
-0.090653 -0.235459 -0.154262 50.000000
0.235744 -0.265904 -0.028943 51.000000
-0.194732 0.488136 -0.188247 50.000000
0.019798 -0.110140 -0.103285 50.000000
-0.696717 0.507252 -0.102577 50.000000
-0.138091 0.028631 -0.027527 50.000000
0.405668 -0.267320 -0.059388 51.000000
0.215919 -0.255992 -0.018323 51.000000
0.236451 0.502296 0.106997 50.000000
-0.578478 0.320335 0.037611 50.000000
0.460186 -0.275108 0.047523 51.000000
0.843932 -0.037922 0.201871 50.000000
-0.199688 -0.309093 -0.084877 50.000000
0.159985 0.168112 0.257097 50.000000
-0.582018 0.277854 0.059559 50.000000
-0.501304 0.085981 0.039027 50.000000
0.494878 -0.173154 0.004334 50.000000
0.823399 -0.038630 0.189835 50.000000
0.746225 -0.248204 0.087172 50.000000
-0.108354 -0.047835 -0.072840 50.000000
-0.107646 0.050580 0.085756 50.000000
0.159985 -0.390516 -0.040271 51.000000
-0.422714 0.035712 0.112661 50.000000
0.792246 0.495924 0.119742 50.000000
-0.739198 0.541237 -0.054431 50.000000
0.247779 0.068989 0.137441 52.000000
-0.431918 0.427955 0.196915 50.000000
0.092016 -0.417420 0.012122 51.000000
0.278933 -0.224131 -0.030359 50.000000
-0.317220 -0.002521 0.087881 50.000000
0.138745 0.516457 0.083632 50.000000
-0.126054 0.534865 -0.031067 50.000000
0.249196 0.101557 0.210368 52.000000
0.527448 -0.352991 0.139565 51.000000
-0.421298 -0.328210 -0.104701 53.000000
-0.182696 0.037128 0.053895 50.000000
0.635066 0.505129 0.156558 50.000000
-0.159331 -0.346618 -0.113197 50.000000
0.236451 0.502296 0.106997 50.000000
-0.031888 -0.063411 -0.161343 50.000000
0.213087 0.515040 0.191959 50.000000
0.162110 -0.200766 -0.089832 50.000000
0.052367 0.401049 0.223112 50.000000
-0.265534 -0.265904 -0.128066 50.000000
0.029002 -0.209263 -0.099745 50.000000
0.025462 -0.433705 -0.016199 51.000000
0.279640 -0.182358 -0.026111 50.000000
0.167065 -0.170322 -0.058680 50.000000
-0.429086 0.054828 0.080800 50.000000
-0.142338 -0.440785 0.039027 53.000000
-0.169951 -0.370691 -0.084168 53.000000
0.529571 -0.256700 0.112661 51.000000
-0.328548 -0.062703 -0.005578 50.000000
0.060155 0.528493 0.289665 50.000000
-0.001443 -0.379188 -0.109657 51.000000
-0.402889 -0.003229 0.060975 50.000000
0.334866 0.049872 0.052480 52.000000
-0.534581 -0.333166 -0.071424 53.000000
-0.246418 0.523537 0.145938 50.000000
-0.435459 0.008099 0.053187 50.000000
0.298049 -0.051375 0.053187 52.000000
0.134497 -0.120052 -0.072840 52.000000
0.303713 -0.140585 -0.018323 52.000000
0.674007 -0.236876 0.145938 50.000000
0.703036 0.508669 0.148062 50.000000
-0.230840 0.525661 0.077260 50.000000
-0.252789 -0.434412 -0.072132 53.000000
-0.471567 0.338744 0.089296 50.000000
-0.156499 -0.149081 -0.149306 50.000000
0.705160 0.508669 0.193375 50.000000
-0.465196 0.533449 0.226652 50.000000
0.390800 0.506545 0.135317 50.000000
-0.574938 0.095893 0.009290 50.000000
-0.639368 0.358568 0.079384 50.000000
-0.628748 -0.285729 -0.004870 53.000000
-0.048880 -0.049959 -0.105409 50.000000
0.786582 -0.294933 0.049647 50.000000
-0.580602 0.136958 -0.019739 50.000000
0.279640 -0.182358 -0.026111 50.000000
-0.189775 0.008099 -0.028943 50.000000
-0.327839 -0.366443 -0.121693 53.000000
-0.526793 0.022967 -0.047352 50.000000
-0.538122 0.470435 -0.023279 50.000000
-0.821329 0.507960 0.011414 50.000000
-0.582018 0.413794 -0.018323 50.000000
-0.247833 -0.098104 -0.084877 50.000000
-0.465903 -0.136337 -0.074964 50.000000
0.111841 0.504420 0.168595 50.000000
0.771006 -0.065535 0.173550 50.000000
0.043162 0.515749 0.051063 50.000000
-0.330672 -0.050666 0.013538 50.000000
0.625862 -0.321130 0.159390 51.000000
0.460893 0.505129 -0.116029 50.000000
-0.309431 -0.287853 -0.093372 50.000000
-0.564318 0.406006 -0.042395 50.000000
0.452398 -0.086776 -0.018323 52.000000
0.609578 0.520705 -0.077796 50.000000
0.479302 -0.118637 0.029823 52.000000
-0.562902 0.474684 -0.016199 50.000000
-0.388021 0.477516 -0.113905 50.000000
0.021214 0.035004 0.042567 50.000000
0.208839 -0.342370 0.000086 51.000000
0.248488 -0.287853 -0.020446 51.000000
-0.162871 -0.422377 -0.011951 53.000000
0.370267 -0.119344 -0.023279 52.000000
0.142285 0.090229 0.227360 50.000000
-0.132426 -0.479726 0.071596 53.000000
0.391508 -0.141293 -0.028235 52.000000
-0.041799 -0.276525 -0.134437 50.000000
-0.318635 -0.147665 -0.089832 50.000000
0.491338 -0.184482 -0.006286 50.000000
-0.081449 -0.272984 -0.171255 50.000000
0.324954 -0.246788 -0.021863 51.000000
0.191138 -0.254576 -0.040271 51.000000
-0.320051 -0.368567 -0.102577 53.000000
-0.125346 0.497341 -0.066468 50.000000
-0.320759 -0.050666 0.019910 50.000000
-0.475108 -0.258824 -0.087001 53.000000
0.815611 -0.091731 0.111952 50.000000
-0.300935 -0.319714 -0.082044 50.000000
0.073607 -0.037922 -0.070008 52.000000
0.729941 0.502296 0.070888 50.000000
0.140869 -0.003937 -0.033191 52.000000
0.516827 0.081025 0.092836 52.000000
0.776670 -0.153329 0.092836 50.000000
-0.207476 0.517873 0.342767 50.000000
0.098388 0.523537 0.146646 50.000000
0.270436 0.006683 0.080800 52.000000
0.266188 0.502296 -0.178335 50.000000
0.168482 -0.222715 -0.047352 50.000000
-0.471567 0.000311 -0.048059 50.000000
0.130957 0.114302 0.227360 50.000000
0.049534 -0.070491 -0.108949 52.000000
0.494878 -0.217759 0.005042 50.000000
0.347611 0.012347 0.012122 52.000000
0.385136 0.503712 0.356219 50.000000
0.419121 -0.097396 -0.012658 52.000000
-0.100566 -0.457778 0.005750 50.000000
0.123169 0.156075 0.260637 50.000000
0.441069 -0.065535 -0.021155 52.000000
0.430449 -0.183774 -0.012658 50.000000
0.023337 -0.345910 -0.039563 51.000000
0.373099 -0.151205 -0.011242 52.000000
0.104760 0.064740 0.219572 52.000000
-0.176323 -0.167490 -0.140102 50.000000
-0.471567 0.511500 0.116909 50.000000
-0.011355 -0.277941 -0.116738 50.000000
0.094139 -0.272984 -0.055140 51.000000
-0.531041 0.163863 0.174259 50.000000
-0.225176 -0.235459 -0.145766 50.000000
-0.545910 0.424414 0.026283 50.000000
0.207423 0.488136 -0.143642 50.000000
0.176978 -0.263072 -0.062220 51.000000
0.513287 0.260154 0.090712 50.000000
-0.223761 -0.253868 -0.167715 50.000000
0.105468 0.022260 0.019910 52.000000
0.072899 0.502296 -0.121693 50.000000
-0.070829 -0.366443 -0.118861 50.000000
0.843932 -0.213511 0.082216 50.000000
-0.126054 0.534865 -0.031067 50.000000
0.383719 -0.215635 -0.013367 50.000000
0.026170 0.511500 0.373212 50.000000
0.346902 -0.045002 -0.030359 52.000000
0.092724 -0.039338 -0.087001 52.000000
-0.384481 -0.239000 -0.063635 50.000000
0.203883 -0.423084 0.029823 51.000000
-0.196148 -0.294225 -0.145058 50.000000
-0.452451 -0.355115 -0.052307 53.000000
0.407792 0.516457 0.206827 50.000000
-0.565733 -0.311926 -0.076380 53.000000
0.104052 -0.292809 -0.062928 51.000000
-0.640784 0.191476 0.024159 50.000000
-0.130303 0.511500 0.372504 50.000000
0.477178 0.085981 0.045399 52.000000
-0.568566 -0.270861 -0.060096 53.000000
-0.259162 -0.338122 -0.096912 53.000000
0.400712 0.498048 -0.120985 50.000000
0.370267 0.061201 0.051063 52.000000
0.295925 -0.161117 -0.004870 52.000000
-0.462363 0.330247 0.105581 50.000000
-0.469443 0.512209 -0.030359 50.000000
-0.137382 -0.196518 -0.169839 50.000000
0.493463 0.144747 0.048231 52.000000
-0.603967 -0.271568 -0.052307 53.000000
-0.380941 -0.398304 -0.037439 53.000000
0.332034 -0.120052 -0.040979 52.000000
0.017673 0.019427 -0.005578 52.000000
0.233620 -0.150498 0.016370 52.000000
-0.041799 -0.149789 -0.157803 50.000000
0.416997 0.046332 0.006458 52.000000
-0.602551 0.502296 -0.191787 50.000000
-0.800088 0.533449 0.099916 50.000000
-0.400765 0.493092 -0.106117 50.000000
-0.374569 -0.363611 -0.146474 53.000000
0.041746 0.012347 0.034779 52.000000
0.431156 -0.161826 -0.008410 50.000000
0.058738 -0.189438 -0.104701 50.000000
-0.560778 0.478223 -0.079213 50.000000
0.716489 -0.116512 0.114077 50.000000
-0.554405 -0.226963 -0.111781 53.000000
0.098388 -0.259532 -0.106117 51.000000
0.050243 -0.159701 -0.096205 52.000000
-0.197564 -0.454945 0.061684 53.000000
-0.443954 0.493800 -0.043811 50.000000
-0.315803 -0.305553 -0.128773 50.000000
-0.195440 -0.139169 -0.141518 50.000000
0.200343 -0.418129 0.078676 51.000000
-0.232257 -0.253159 -0.181167 50.000000
-0.790176 0.523537 0.203287 50.000000
-0.310139 -0.156869 -0.078504 50.000000
-0.591930 0.076777 0.030531 50.000000
-0.407846 -0.032258 -0.045935 50.000000
-0.377401 -0.147665 -0.107533 50.000000
-0.683265 0.536281 -0.157094 50.000000
0.346902 0.027924 0.056020 52.000000
0.126709 -0.442909 0.027698 51.000000
0.170606 0.496632 -0.179043 50.000000
0.432573 -0.018098 0.026991 52.000000
0.838975 0.500880 0.024159 50.000000
0.274685 0.083149 0.154434 52.000000
-0.127470 -0.224131 -0.190371 50.000000
0.419121 0.507960 0.092836 50.000000
-0.025516 -0.449281 0.017079 50.000000
0.505499 0.144747 0.046815 50.000000
0.077856 0.513624 0.198331 50.000000
0.664803 -0.104476 0.121157 50.000000
-0.019852 -0.020929 -0.116029 50.000000
-0.177739 -0.237583 -0.106825 50.000000
0.548688 0.201388 0.092836 50.000000
-0.070829 0.510085 0.038319 50.000000
0.370267 -0.337414 0.020619 51.000000
0.704452 -0.077572 0.185587 50.000000
-0.225885 0.493800 -0.176919 50.000000
0.288137 -0.086067 0.008582 52.000000
0.754721 -0.272984 0.105581 50.000000
-0.267658 0.512917 -0.033899 50.000000
-0.128178 -0.025178 -0.043103 50.000000
0.414164 0.512917 0.237980 50.000000
0.803574 0.507252 0.108413 50.000000
0.453813 0.047748 0.010706 52.000000
0.586921 0.422998 0.116201 50.000000
-0.683265 0.536281 -0.157094 50.000000
0.613118 -0.333166 0.162222 51.000000
0.172730 -0.328918 -0.020446 51.000000
-0.633704 -0.263072 -0.026111 53.000000
-0.619543 0.506545 -0.082044 50.000000
-0.080741 -0.285021 -0.144350 50.000000
0.078563 -0.463442 0.095669 51.000000
-0.492808 0.495216 -0.083460 50.000000
0.786582 0.513624 0.136734 50.000000
-0.595470 0.172359 -0.009827 50.000000
-0.197564 -0.364319 -0.133730 53.000000
0.058738 -0.299889 -0.103285 51.000000
-0.349080 -0.237583 -0.096912 50.000000
-0.550157 -0.258824 -0.087708 53.000000
-0.313679 0.498048 -0.011242 50.000000
0.389384 -0.193687 -0.033899 50.000000
-0.444663 0.433619 0.121157 50.000000
-0.318635 -0.277941 -0.099036 50.000000
0.436113 0.049164 0.031947 52.000000
-0.199688 0.502296 -0.089125 50.000000
0.131664 -0.220591 -0.088417 50.000000
-0.303767 -0.095979 -0.038855 50.000000
0.130957 -0.200058 -0.093372 50.000000
0.601081 0.500880 -0.058680 50.000000
-0.197564 -0.325378 -0.123109 50.000000
-0.426254 0.503712 0.318694 50.000000
-0.193316 0.037128 0.054604 50.000000
-0.183404 -0.430165 -0.027527 53.000000
-0.166411 -0.244664 -0.164882 50.000000
0.344778 -0.192978 -0.032483 50.000000
0.667635 -0.327502 0.058144 50.000000
-0.196148 -0.459901 0.023450 53.000000
0.230787 0.503005 -0.003454 50.000000
0.208839 -0.342370 0.000086 51.000000
-0.341291 -0.083236 0.013538 50.000000
-0.196148 -0.236167 -0.134437 50.000000
0.759678 -0.282896 0.053187 50.000000
-0.345540 -0.325378 -0.132313 53.000000
-0.317927 -0.267320 -0.105409 50.000000
0.679671 -0.163950 0.092128 50.000000
-0.034011 0.515040 0.127529 50.000000
0.497003 0.180856 0.053895 50.000000
-0.482188 -0.343786 -0.063635 53.000000
0.442485 0.504420 -0.179751 50.000000
0.475762 0.124214 0.073720 52.000000
-0.109770 -0.315466 -0.126649 50.000000
-0.128178 -0.002521 -0.017615 50.000000
-0.326423 0.492384 -0.096912 50.000000
-0.041092 -0.110848 -0.131606 50.000000
-0.407138 -0.206430 -0.114614 50.000000
0.338406 0.002435 0.021326 52.000000
-0.368904 -0.217051 -0.100453 50.000000
-0.277570 -0.356531 -0.118861 53.000000
-0.315803 0.503005 -0.099745 50.000000
-0.633704 -0.230503 -0.025403 53.000000
-0.367488 0.493800 -0.029651 50.000000
0.308670 -0.333875 -0.000622 51.000000
0.063695 -0.386976 -0.055140 51.000000
-0.374569 -0.423084 -0.086292 53.000000
0.847472 -0.164657 0.119742 50.000000
-0.006399 -0.047126 -0.053016 50.000000
-0.147295 -0.187314 -0.150015 50.000000
-0.055253 -0.010310 0.022743 50.000000
-0.009939 -0.371399 -0.084877 50.000000
0.142993 0.484596 0.027698 50.000000
0.065819 0.495216 -0.200283 50.000000
0.323538 0.015887 0.056728 52.000000
0.108300 0.507252 0.263468 50.000000
-0.593346 0.105098 -0.010534 50.000000
0.067235 0.458399 0.237272 50.000000
0.198926 0.525661 0.268425 50.000000
0.090599 0.333787 0.264177 50.000000
0.036082 0.498048 -0.191787 50.000000
-0.036844 -0.026594 -0.057971 50.000000
-0.579894 0.355736 0.034779 50.000000
-0.217388 0.505129 0.056020 50.000000
-0.004275 -0.168905 -0.159926 50.000000
0.222999 -0.190854 -0.095496 50.000000
0.681088 -0.258824 0.095669 50.000000
0.220168 -0.076155 0.000086 52.000000
-0.225885 0.515040 0.202579 50.000000
-0.587682 0.145455 -0.037439 50.000000
0.237868 -0.212095 -0.074256 50.000000
-0.521837 -0.062703 -0.065052 50.000000
0.247072 -0.064118 0.024159 52.000000
0.196802 -0.013141 -0.017615 52.000000
0.278933 -0.213511 -0.029651 50.000000
0.290261 -0.171738 0.023450 50.000000
0.657015 -0.152622 0.068056 50.000000
0.294509 0.519288 -0.038147 50.000000
-0.819205 0.542654 -0.077796 50.000000
0.485674 0.495216 -0.186123 50.000000
0.118920 0.162448 0.224528 50.000000
-0.166411 -0.080403 -0.135854 50.000000
0.026878 -0.158993 -0.130897 50.000000
0.607454 -0.372107 0.182047 51.000000
-0.054544 0.498756 -0.186831 50.000000
-0.584851 0.030048 0.007874 50.000000
-0.359700 -0.348034 -0.108949 53.000000
-0.579186 -0.289269 -0.106117 53.000000
-0.570690 -0.176694 -0.045935 53.000000
0.482842 0.515749 -0.125233 50.000000
-0.194732 0.519997 0.349848 50.000000
0.458769 -0.352991 0.039027 51.000000
0.270436 -0.335998 0.034071 51.000000
0.045995 -0.025886 -0.043103 52.000000
-0.469443 0.512209 -0.030359 50.000000
-0.474400 -0.136337 -0.084877 50.000000
0.368143 0.499464 0.038319 50.000000
0.169189 -0.243248 -0.040979 50.000000
0.045995 -0.025886 -0.043103 52.000000
0.257692 -0.419544 0.077260 51.000000
0.026170 0.511500 0.373212 50.000000
0.455229 -0.217759 0.031947 50.000000
0.210255 -0.140585 -0.050892 52.000000
-0.021267 -0.120761 -0.128773 50.000000
0.142993 0.484596 0.027698 50.000000
-0.014188 0.489552 -0.182583 50.000000
-0.164287 0.512917 0.198331 50.000000
0.237868 0.514333 0.273382 50.000000
-0.081449 0.515040 0.126821 50.000000
0.295925 -0.322546 -0.006286 51.000000
0.579841 0.499464 0.201871 50.000000
-0.563610 -0.259532 -0.077796 53.000000
-0.284650 -0.074031 -0.018323 50.000000
0.113256 -0.313342 -0.068592 51.000000
-0.489976 -0.394056 -0.083460 53.000000
0.641439 -0.303429 0.060975 50.000000
-0.043216 -0.177402 -0.181167 50.000000
-0.309431 -0.287853 -0.093372 50.000000
-0.574938 0.216965 -0.007702 50.000000
0.458769 -0.352991 0.039027 51.000000
0.332034 -0.120052 -0.040979 52.000000
0.593293 0.403882 0.141689 50.000000
0.219459 0.502296 -0.201699 50.000000
-0.569274 0.404590 0.082216 50.000000
0.235036 -0.452821 0.076552 51.000000
-0.093485 0.509376 -0.033191 50.000000
0.042455 0.530617 0.210368 50.000000
0.440361 0.483887 0.137441 50.000000
0.295925 -0.322546 -0.006286 51.000000
0.386552 -0.097396 -0.005578 52.000000
0.681088 -0.258824 0.095669 50.000000
0.181934 0.093769 0.252849 52.000000
0.728524 0.491676 0.035487 50.000000
-0.215972 -0.099519 -0.121693 50.000000
0.385843 -0.086776 -0.008410 52.000000
0.541607 0.227585 0.105581 50.000000
0.494170 0.522829 0.038319 50.000000
0.027586 -0.337414 -0.120985 51.000000
0.592585 0.317504 0.162930 50.000000
0.216627 0.506545 -0.159218 50.000000
0.610994 -0.078279 0.193375 52.000000
0.116088 0.496632 -0.202408 50.000000
0.455229 -0.406800 0.107705 51.000000
0.838268 0.490968 -0.096912 50.000000
0.759678 -0.051375 0.213908 50.000000
-0.669813 -0.177402 0.020619 53.000000
0.494170 0.522829 0.038319 50.000000
-0.300227 -0.107308 -0.072840 50.000000
-0.318635 -0.347327 -0.108949 53.000000
0.383719 -0.215635 -0.013367 50.000000
-0.267658 -0.326085 -0.116738 50.000000
0.441069 -0.096688 0.022743 52.000000
0.400004 -0.055623 -0.043103 52.000000
0.579132 0.340868 0.155142 50.000000
-0.552990 -0.197227 -0.072840 53.000000
0.374515 0.485304 -0.082044 50.000000
-0.742031 0.498756 0.007874 50.000000
-0.257746 0.505129 -0.020446 50.000000
-0.170659 0.010931 0.009290 50.000000
-0.541662 0.234665 0.158682 50.000000
-0.185528 -0.186606 -0.150015 50.000000
-0.317220 -0.286437 -0.112489 50.000000
0.365311 0.489552 0.262761 50.000000
-0.591930 0.115718 -0.016906 50.000000
-0.469443 -0.095979 -0.106825 50.000000
-0.090653 -0.414589 -0.065052 50.000000
-0.084281 0.484596 -0.164882 50.000000
-0.535997 0.182980 0.139565 50.000000
0.752597 -0.297057 0.099916 50.000000
-0.395810 0.528493 0.183463 50.000000
0.137329 -0.200058 -0.118153 50.000000
-0.081449 0.518581 0.100624 50.000000
0.296633 -0.214927 0.002210 50.000000
-0.276862 -0.440077 -0.034607 53.000000
0.121752 -0.090315 -0.094081 52.000000
0.203175 -0.234043 -0.028943 50.000000
-0.400765 -0.378479 -0.111073 53.000000
0.311501 -0.064118 0.009290 52.000000
0.373099 -0.076155 -0.015491 52.000000
-0.089945 -0.168198 -0.141518 50.000000
0.130957 -0.251036 -0.092665 51.000000
-0.232257 -0.032966 -0.021863 50.000000
0.293801 0.514333 0.220988 50.000000
-0.517589 -0.366443 -0.053724 53.000000
-0.593346 -0.399011 0.023450 53.000000
-0.002859 -0.217759 -0.135854 50.000000
0.028294 0.008808 -0.006994 52.000000
-0.538122 -0.319714 -0.100453 53.000000
0.180518 -0.202182 -0.039563 50.000000
-0.246418 0.521413 0.352679 50.000000
0.595417 0.491676 0.123281 50.000000
0.107592 -0.098104 -0.036023 52.000000
0.477886 -0.184482 -0.010534 50.000000
0.886413 -0.165366 0.078676 50.000000
0.443193 0.498756 -0.093372 50.000000
-0.030471 -0.278649 -0.102577 50.000000
0.050243 -0.189438 -0.094081 50.000000
0.364603 -0.172445 0.002210 50.000000
-0.505552 0.054828 -0.045228 50.000000
0.020506 0.517873 0.257804 50.000000
-0.203229 -0.387683 -0.031067 53.000000
-0.587682 0.241038 -0.006994 50.000000
-0.406429 -0.285729 -0.127357 53.000000
0.256276 -0.319006 -0.038147 51.000000
-0.583435 0.061909 -0.000622 50.000000
0.461602 0.510793 0.267009 50.000000
0.530988 0.524245 0.074427 50.000000
0.262648 -0.470522 0.039027 51.000000
0.234327 -0.225547 0.021326 50.000000
0.232203 -0.300597 0.008582 51.000000
-0.821329 0.509376 -0.025403 50.000000
0.853136 -0.103768 0.130361 50.000000
0.298049 -0.204306 0.006458 50.000000
0.289553 -0.384852 0.068056 51.000000
0.365311 0.502296 -0.028943 50.000000
-0.458823 0.334496 0.231608 50.000000
-0.579894 0.168819 -0.026819 50.000000
0.177686 -0.242540 -0.057971 50.000000
-0.531041 -0.186606 -0.072132 53.000000
-0.654944 0.517164 0.051771 50.000000
0.284597 -0.354407 -0.008410 51.000000
0.727109 0.520705 0.132485 50.000000
-0.652112 -0.199351 0.040443 53.000000
0.098388 0.511500 0.150894 50.000000
0.187598 0.110762 0.290374 50.000000
-0.475815 -0.012434 -0.079213 50.000000
0.146533 -0.047835 -0.062220 52.000000
-0.161455 0.512917 0.081508 50.000000
-0.298811 -0.441493 -0.028943 53.000000
-0.400058 -0.197227 -0.094789 50.000000
0.058031 -0.100936 -0.120985 52.000000
0.419121 0.125630 0.092836 52.000000
-0.676893 0.520705 -0.094081 50.000000
-0.550865 -0.238292 -0.083460 53.000000
0.183350 0.527785 0.151602 50.000000
0.513995 0.207052 0.061684 50.000000
-0.471567 0.338744 0.089296 50.000000
0.069359 0.293431 0.319402 50.000000
-0.293147 0.496632 -0.112489 50.000000
0.579841 0.499464 0.201871 50.000000
-0.069412 0.529909 0.132485 50.000000
0.593293 -0.247495 0.147354 51.000000
0.118212 0.101557 0.223112 50.000000
-0.398641 -0.260949 -0.041688 50.000000
-0.419882 0.542654 0.264885 50.000000
-0.214557 0.014472 0.043275 50.000000
0.151489 0.209884 0.281877 50.000000
-0.081449 -0.234752 -0.179751 50.000000
-0.318635 -0.357239 -0.112489 53.000000
0.490630 0.498756 0.174966 50.000000
0.474345 -0.063411 0.011414 52.000000
0.439653 -0.098104 -0.022570 52.000000
-0.459531 -0.256700 -0.113197 53.000000
-0.569982 -0.026594 -0.002746 50.000000
0.444610 0.517164 -0.004163 50.000000
0.602497 0.481056 -0.082753 50.000000
-0.582018 0.255906 0.014246 50.000000
0.108300 0.515749 -0.089832 50.000000
-0.555114 -0.401136 -0.040271 53.000000
-0.309431 -0.040046 0.019203 50.000000
0.145825 0.117842 0.255680 50.000000
-0.240045 -0.451405 0.038319 53.000000
-0.792300 0.513624 0.080800 50.000000
-0.608215 0.140499 -0.002038 50.000000
0.438237 -0.239000 0.014246 51.000000
-0.247833 -0.423793 -0.002038 53.000000
0.113256 -0.099519 -0.078504 52.000000
0.273269 -0.311217 -0.004870 51.000000
-0.394393 -0.095272 -0.063635 50.000000
0.230079 -0.353698 -0.005578 51.000000
-0.317220 -0.286437 -0.112489 50.000000
-0.326423 -0.416004 -0.059388 53.000000
-0.812832 0.546901 -0.025403 50.000000
-0.527501 -0.334582 -0.053724 53.000000
0.627278 -0.186606 0.060268 50.000000
-0.546617 -0.030134 -0.053016 50.000000
0.627278 -0.186606 0.060268 50.000000
-0.257037 -0.117928 -0.096205 50.000000
-0.583435 0.228293 0.179923 50.000000
0.016966 -0.130673 -0.139394 50.000000
-0.207476 -0.187314 -0.105409 50.000000
-0.158623 -0.286437 -0.120985 50.000000
-0.349080 -0.237583 -0.096912 50.000000
0.450274 0.515040 0.334271 50.000000
0.368143 0.498048 -0.112489 50.000000
-0.036844 -0.424501 -0.003454 50.000000
-0.365364 -0.321130 -0.064344 53.000000
0.601081 0.500880 -0.058680 50.000000
0.601789 0.507960 0.224528 50.000000
-0.264118 -0.032258 -0.016199 50.000000
-0.501304 -0.348034 -0.024695 53.000000
0.550812 0.305467 0.118325 50.000000
-0.591930 0.115718 -0.016906 50.000000
-0.569982 0.498756 -0.092665 50.000000
-0.468736 0.089522 0.174966 50.000000
-0.046756 0.519288 0.102040 50.000000
0.127417 -0.015974 -0.054431 52.000000
0.114672 0.461940 0.344183 50.000000
-0.497056 0.517873 0.053187 50.000000
0.343362 0.082441 0.137441 52.000000
0.343362 -0.171738 -0.038855 50.000000
0.579132 0.340868 0.155142 50.000000
-0.056668 0.515040 0.167886 50.000000
0.041746 0.059785 0.172843 50.000000
0.058031 -0.100936 -0.120985 52.000000
0.207423 0.501588 0.070180 50.000000
-0.004983 -0.003937 -0.031775 50.000000
-0.545910 0.487428 0.068056 50.000000
-0.139507 -0.369275 -0.096205 53.000000
0.613118 -0.304138 0.090005 51.000000
-0.002859 -0.217759 -0.135854 50.000000
-0.061624 -0.187314 -0.152846 50.000000
0.087059 0.216965 0.252849 50.000000
-0.318635 -0.187314 -0.090541 50.000000
0.242824 -0.333166 0.004334 51.000000
-0.080741 -0.139877 -0.167007 50.000000
-0.469443 0.376269 0.138858 50.000000
0.012009 0.522121 0.109828 50.000000
-0.321468 -0.299181 -0.081337 50.000000
0.412040 0.055537 -0.011951 52.000000
0.343362 0.082441 0.137441 52.000000
-0.003567 -0.266613 -0.142226 50.000000
0.443901 0.524245 -0.055847 50.000000
0.196095 0.515040 0.072303 50.000000
-0.196148 0.512209 0.076552 50.000000
0.167065 -0.088900 -0.062928 52.000000
-0.210308 -0.076155 -0.045228 50.000000
0.096263 0.044916 0.139565 52.000000
0.015549 -0.025178 -0.031775 52.000000
-0.439707 0.507252 0.071596 50.000000
-0.407138 -0.206430 -0.114614 50.000000
-0.491392 0.290598 0.141689 50.000000
0.048826 -0.269444 -0.101160 51.000000
0.293801 -0.171738 -0.012658 50.000000
-0.468736 0.089522 0.174966 50.000000
0.155030 -0.461318 0.073012 51.000000
-0.361116 -0.127132 -0.077796 50.000000
-0.047464 -0.037214 -0.061512 50.000000
0.562849 -0.300597 0.058144 51.000000
