-0.020254 0.370512 -1.000000 50.000000
-0.440435 -0.088248 0.502159 50.000000
-0.215717 0.124897 0.501705 50.000000
-0.012538 0.315216 0.502614 50.000000
-0.030863 0.248669 0.501705 53.000000
-0.404428 -0.156403 0.501705 50.000000
-0.080050 0.125540 0.503069 50.000000
0.069762 -0.167012 0.503523 50.000000
-0.197713 -0.447990 0.502159 50.000000
0.132773 -0.127147 0.504433 50.000000
-0.079407 -0.338042 0.503069 50.000000
0.201571 -0.067351 0.503069 50.000000
0.469368 0.194659 0.502614 50.000000
0.449115 0.176335 0.502614 50.000000
0.012538 -0.260242 0.502159 50.000000
-0.086801 -0.362796 0.504433 50.000000
-0.155920 -0.429986 0.503523 50.000000
0.384496 0.101429 0.503978 50.000000
0.044686 -0.238381 0.501250 50.000000
-0.130202 0.049027 0.504887 51.000000
0.182282 0.252205 0.504887 53.000000
0.302196 0.280817 0.506706 50.000000
0.181318 -0.020736 0.507161 50.000000
0.239185 -0.016878 0.508070 50.000000
0.044686 -0.210734 0.505797 50.000000
0.456831 0.194981 0.505797 50.000000
-0.026362 -0.308787 0.508525 50.000000
-0.443007 -0.170548 0.513071 50.000000
0.102875 0.368261 0.512162 50.000000
-0.342060 -0.106251 0.512162 50.000000
-0.148848 0.067030 0.509889 51.000000
-0.187426 0.027166 0.512616 51.000000
-0.149491 0.054170 0.510798 51.000000
-0.143061 0.047741 0.509434 51.000000
-0.056581 0.021700 0.513526 50.000000
0.142096 0.096285 0.512616 50.000000
-0.120557 -0.374048 0.510343 50.000000
-0.059796 -0.319074 0.513526 50.000000
-0.184854 -0.453133 0.513071 50.000000
0.146597 -0.130684 0.513526 50.000000
0.284514 0.000804 0.510343 50.000000
0.108662 -0.170548 0.510343 50.000000
0.102232 -0.177621 0.510343 50.000000
0.048223 0.362475 0.515344 50.000000
0.165243 0.417127 0.516254 50.000000
-0.169101 0.032631 0.518072 51.000000
0.195785 0.312644 0.513980 50.000000
0.208965 0.201089 0.513980 53.000000
-0.080050 -0.329040 0.517618 50.000000
-0.093552 -0.344471 0.516254 50.000000
0.070727 -0.186622 0.516708 50.000000
0.146919 -0.117503 0.516708 50.000000
0.127951 -0.138399 0.518072 50.000000
-0.163636 -0.429343 0.518072 50.000000
0.406679 0.131327 0.514890 50.000000
0.368101 0.093391 0.518072 50.000000
0.191284 -0.085354 0.518072 50.000000
-0.080371 -0.358938 0.513980 50.000000
0.103840 0.417449 0.520800 50.000000
0.122164 0.399124 0.519891 50.000000
-0.254616 -0.042597 0.519436 51.000000
0.054974 0.109466 0.518982 50.000000
0.110591 0.152866 0.518982 50.000000
-0.095160 -0.059957 0.519436 50.000000
0.191284 0.219414 0.521709 53.000000
0.404428 0.258956 0.519891 50.000000
0.025719 -0.238703 0.521255 50.000000
0.349454 0.074102 0.520800 50.000000
0.261046 -0.014306 0.521709 50.000000
0.197713 -0.079568 0.521255 50.000000
0.128916 -0.154152 0.522164 50.000000
0.024433 0.252527 0.526256 53.000000
-0.087765 0.064458 0.524892 51.000000
0.067833 0.133256 0.525801 50.000000
0.230505 0.193052 0.527165 50.000000
0.255902 0.192730 0.525801 50.000000
0.158492 -0.051277 0.523073 50.000000
-0.046294 -0.276638 0.523073 50.000000
-0.148848 -0.382407 0.525347 50.000000
0.247544 -0.000804 0.523073 50.000000
-0.066547 -0.316181 0.525347 50.000000
-0.019932 -0.277281 0.524437 50.000000
0.083908 -0.188873 0.523073 50.000000
0.116699 0.319074 0.530802 50.000000
0.042758 0.233559 0.528075 53.000000
-0.176817 0.010770 0.527620 51.000000
0.124093 0.176013 0.531712 50.000000
0.155920 0.105608 0.530348 50.000000
-0.019289 -0.090820 0.531257 52.000000
0.209608 -0.000804 0.529893 50.000000
-0.073299 -0.310072 0.528984 50.000000
-0.156563 -0.393980 0.531712 50.000000
0.109626 -0.134863 0.531257 50.000000
-0.086801 -0.327433 0.531712 50.000000
0.267476 0.017199 0.527620 50.000000
0.383210 0.117503 0.527620 50.000000
0.249473 -0.016235 0.531712 50.000000
0.122807 -0.149330 0.529893 50.000000
0.173602 -0.108180 0.527620 50.000000
-0.143704 -0.426129 0.529438 50.000000
-0.328236 -0.014628 0.533530 50.000000
-0.221503 0.041954 0.533076 51.000000
-0.262332 -0.013020 0.534894 51.000000
-0.229862 -0.018485 0.533530 51.000000
-0.073620 -0.328397 0.534440 50.000000
0.444936 0.172798 0.534440 50.000000
0.013181 -0.258313 0.533530 50.000000
0.045972 -0.237095 0.535804 50.000000
-0.207358 0.131970 0.539895 50.000000
0.006108 0.307501 0.536713 53.000000
-0.188390 0.113002 0.538531 51.000000
-0.456188 -0.172155 0.536713 50.000000
0.037292 0.239024 0.538077 53.000000
0.006108 0.157688 0.537622 50.000000
-0.025397 0.061886 0.537167 50.000000
-0.038578 -0.058028 0.537167 52.000000
0.172316 -0.014949 0.538531 50.000000
0.225040 -0.031023 0.539895 50.000000
0.148526 -0.110109 0.537167 50.000000
-0.101589 -0.362796 0.538531 50.000000
-0.108341 -0.370833 0.538077 50.000000
0.181318 -0.091462 0.540805 50.000000
0.155277 -0.117503 0.536713 50.000000
0.334345 0.051920 0.538531 50.000000
0.091623 -0.187587 0.538531 50.000000
-0.033435 -0.315216 0.539895 50.000000
-0.006108 0.232916 0.541714 53.000000
-0.087765 0.112681 0.542623 51.000000
-0.075228 0.113002 0.541259 51.000000
0.174566 0.349294 0.544896 50.000000
-0.107376 0.066708 0.544896 51.000000
-0.171995 0.000804 0.541714 51.000000
0.143061 0.293355 0.543987 53.000000
0.050795 -0.006590 0.544442 50.000000
0.208644 0.128112 0.543987 50.000000
0.182925 0.103036 0.541259 50.000000
0.199964 -0.057385 0.541259 50.000000
0.309590 0.038739 0.543533 50.000000
-0.033434 -0.299785 0.541259 50.000000
0.175209 -0.098857 0.543987 50.000000
0.019932 -0.254777 0.543078 50.000000
-0.249151 0.051598 0.547170 51.000000
-0.139203 0.085676 0.548534 51.000000
-0.158492 0.066387 0.546715 51.000000
0.106090 0.293677 0.548534 53.000000
-0.267797 -0.100143 0.549443 50.000000
-0.044686 0.052884 0.549898 50.000000
0.012538 -0.060921 0.546715 52.000000
-0.122164 -0.344150 0.549443 50.000000
-0.186462 -0.420020 0.547624 50.000000
-0.081014 -0.326147 0.546715 50.000000
0.421789 0.172155 0.549443 50.000000
-0.130202 -0.385621 0.549898 50.000000
0.355241 0.095320 0.548988 50.000000
0.462939 0.196588 0.548988 50.000000
0.078764 -0.190801 0.548534 50.000000
0.169423 -0.107215 0.548988 50.000000
-0.074263 -0.350258 0.547170 50.000000
0.435934 0.158010 0.549443 50.000000
-0.019932 -0.302357 0.546260 50.000000
-0.181318 -0.461814 0.545806 50.000000
-0.215717 0.122968 0.554444 51.000000
0.006430 0.319396 0.550807 53.000000
0.068798 0.269244 0.552171 53.000000
-0.126665 0.071852 0.552626 51.000000
-0.283228 -0.130362 0.552626 50.000000
0.233077 0.304929 0.550352 53.000000
0.088087 0.148365 0.552171 50.000000
-0.032149 -0.014949 0.553989 52.000000
0.259760 0.240953 0.552626 50.000000
0.203822 0.107215 0.551716 50.000000
0.083586 -0.029737 0.553080 50.000000
0.149812 -0.100464 0.551716 50.000000
0.375816 0.113966 0.552626 50.000000
0.188712 -0.074424 0.552626 50.000000
0.124736 -0.142257 0.551716 50.000000
0.105126 -0.163797 0.552626 50.000000
0.272298 -0.001768 0.550807 50.000000
0.039864 -0.235488 0.551262 50.000000
0.037614 0.362796 0.557627 50.000000
-0.357813 -0.113002 0.554899 50.000000
-0.044043 0.142257 0.558081 50.000000
0.031827 0.205911 0.557627 50.000000
-0.242400 -0.101107 0.556717 50.000000
0.069441 0.167012 0.557627 50.000000
-0.031827 0.064458 0.557627 50.000000
0.170066 0.254777 0.557172 53.000000
0.176495 0.235488 0.557172 53.000000
-0.077478 -0.049348 0.556717 50.000000
0.189676 0.184372 0.556263 50.000000
0.012859 -0.035524 0.555353 52.000000
-0.144990 -0.406840 0.558081 50.000000
0.020254 -0.245454 0.558081 50.000000
0.092588 -0.178907 0.555353 50.000000
-0.116699 -0.388193 0.556263 50.000000
0.144990 -0.138078 0.558991 50.000000
0.007073 -0.276638 0.558991 50.000000
-0.044043 0.180835 0.559900 50.000000
0.044365 0.255742 0.563537 53.000000
0.151420 0.349294 0.560809 50.000000
-0.037614 0.135185 0.563537 50.000000
-0.207679 -0.052241 0.560355 50.000000
0.140168 0.107215 0.561718 50.000000
-0.053688 -0.284675 0.560809 50.000000
0.253652 0.004019 0.560809 50.000000
0.013824 -0.239667 0.562628 50.000000
0.312162 0.048384 0.560355 50.000000
0.260724 -0.003054 0.559900 50.000000
-0.061082 -0.324218 0.560809 50.000000
0.405393 0.137756 0.562173 50.000000
0.183247 -0.083104 0.560809 50.000000
0.280335 0.003054 0.559445 50.000000
0.333059 0.053849 0.562628 50.000000
0.241757 -0.036810 0.560809 50.000000
-0.306054 0.006269 0.563992 50.000000
0.069441 0.368904 0.566265 50.000000
-0.113806 0.186301 0.568084 50.000000
-0.158814 0.128433 0.565356 51.000000
-0.025076 0.199160 0.565810 53.000000
-0.187104 0.008841 0.563992 51.000000
-0.069762 0.089534 0.564901 51.000000
-0.064940 -0.065744 0.565810 52.000000
-0.000000 -0.038739 0.566265 52.000000
0.301553 0.239024 0.563992 50.000000
0.045008 -0.018164 0.564446 52.000000
0.295123 0.206876 0.563992 50.000000
-0.208001 -0.387550 0.565810 50.000000
0.392855 0.124575 0.565810 50.000000
0.366815 0.085033 0.566720 50.000000
-0.131809 -0.411019 0.568084 50.000000
0.038578 0.223593 0.571721 53.000000
0.069762 0.242561 0.568538 53.000000
-0.110269 -0.046133 0.568538 50.000000
0.152705 0.209126 0.568538 50.000000
0.090016 0.106572 0.571721 50.000000
-0.038900 -0.026201 0.572175 52.000000
0.173602 0.124576 0.572630 50.000000
-0.196749 -0.440596 0.570811 50.000000
0.164922 -0.092427 0.570811 50.000000
0.441399 0.182121 0.570357 50.000000
0.125701 -0.133577 0.569448 50.000000
0.119592 -0.155760 0.571721 50.000000
-0.126665 0.198517 0.573539 50.000000
-0.075549 0.236774 0.575358 53.000000
-0.114127 0.198196 0.576722 50.000000
0.051116 0.210412 0.574903 50.000000
-0.280335 -0.143543 0.573085 50.000000
-0.006108 0.100464 0.577177 50.000000
-0.077156 0.028130 0.573085 50.000000
0.096124 0.177621 0.574903 50.000000
0.070405 0.151902 0.574449 50.000000
-0.124093 -0.048384 0.577177 50.000000
0.065261 -0.027487 0.573539 50.000000
0.387390 0.169905 0.577177 50.000000
-0.102232 -0.330005 0.573085 50.000000
0.373887 0.130684 0.573994 50.000000
-0.047258 -0.314252 0.575358 50.000000
0.172316 -0.101107 0.575813 50.000000
-0.181318 0.039703 0.578995 51.000000
0.082943 0.279531 0.578540 53.000000
-0.250116 -0.058028 0.578540 51.000000
0.057546 0.229058 0.579450 53.000000
0.013181 0.026523 0.578995 50.000000
0.168137 0.117181 0.578086 50.000000
-0.081336 -0.293677 0.581723 50.000000
0.302518 0.058671 0.580814 50.000000
-0.040507 -0.292069 0.578540 50.000000
0.263618 0.005626 0.580814 50.000000
-0.033435 -0.285640 0.581723 50.000000
-0.190641 -0.452490 0.577631 50.000000
-0.182282 0.011091 0.584906 51.000000
0.000643 0.183729 0.586270 50.000000
-0.103197 0.052241 0.585815 51.000000
-0.051438 0.078925 0.585815 50.000000
-0.084551 -0.008198 0.583996 50.000000
0.084229 0.137435 0.584451 50.000000
0.026362 0.078925 0.583542 50.000000
0.090659 0.131005 0.583542 50.000000
0.123129 0.123611 0.586270 50.000000
0.298338 0.244168 0.582178 50.000000
-0.012859 -0.263136 0.583996 50.000000
-0.103518 -0.351866 0.585360 50.000000
0.192570 -0.068637 0.583996 50.000000
-0.068155 -0.327433 0.586270 50.000000
0.370672 0.095963 0.584451 50.000000
0.357492 0.082782 0.585360 50.000000
0.251401 -0.022022 0.583087 50.000000
0.212823 -0.063172 0.585815 50.000000
0.160100 -0.117181 0.582178 50.000000
-0.089694 -0.367618 0.583996 50.000000
-0.234041 0.077639 0.587634 51.000000
-0.268119 0.042918 0.586724 51.000000
-0.024754 0.248347 0.587179 53.000000
-0.018646 0.215877 0.587179 53.000000
-0.018646 0.163797 0.590816 50.000000
0.141775 0.259278 0.590816 53.000000
0.148205 0.226486 0.589452 53.000000
0.052081 0.091141 0.587179 50.000000
0.110912 0.083104 0.590816 50.000000
-0.019611 -0.078925 0.586724 52.000000
-0.019611 -0.240953 0.586724 50.000000
-0.205108 -0.440595 0.586724 50.000000
-0.047258 -0.289176 0.590361 50.000000
0.133738 -0.117824 0.588543 50.000000
0.114127 -0.138721 0.587179 50.000000
0.067833 -0.189516 0.587634 50.000000
0.200285 -0.077639 0.589907 50.000000
0.167494 -0.112359 0.589907 50.000000
-0.188069 0.110109 0.594908 51.000000
-0.286443 -0.056421 0.594908 50.000000
-0.272298 -0.055135 0.591725 50.000000
-0.189998 0.015592 0.594453 51.000000
0.142096 0.246097 0.593544 53.000000
-0.071370 0.016557 0.593544 50.000000
0.084551 0.122968 0.591725 50.000000
0.078121 0.116538 0.593089 50.000000
0.194499 0.205911 0.593089 53.000000
0.227612 0.185658 0.592180 50.000000
0.156563 0.114609 0.594453 50.000000
0.392533 0.140971 0.593089 50.000000
0.034399 -0.213948 0.594908 50.000000
-0.075549 -0.322610 0.593999 50.000000
-0.096446 -0.346079 0.591271 50.000000
0.447186 0.193052 0.591271 50.000000
0.372601 0.107537 0.594453 50.000000
0.180353 -0.084711 0.591725 50.000000
-0.184533 -0.451526 0.593544 50.000000
-0.174566 0.162832 0.597636 51.000000
-0.299624 -0.029737 0.599454 50.000000
-0.142418 0.103679 0.596726 51.000000
0.013502 0.221021 0.599909 53.000000
0.109948 0.278245 0.596272 53.000000
0.084872 0.148365 0.598090 50.000000
0.307983 0.302035 0.597636 50.000000
0.013502 0.008841 0.595817 50.000000
-0.040507 -0.268922 0.599454 50.000000
0.180032 -0.057385 0.595817 50.000000
0.094838 -0.149651 0.599909 50.000000
0.027969 -0.223593 0.599909 50.000000
-0.176817 -0.427736 0.599000 50.000000
0.161064 -0.092427 0.596726 50.000000
-0.118307 -0.375012 0.599454 50.000000
0.367136 0.100143 0.599000 50.000000
0.247544 -0.018807 0.599909 50.000000
0.000643 -0.268279 0.596726 50.000000
-0.006108 -0.275674 0.596272 50.000000
-0.118950 -0.391087 0.597181 50.000000
0.240471 -0.038739 0.595817 50.000000
-0.163315 -0.443810 0.597181 50.000000
-0.031506 0.292391 0.603546 53.000000
0.084551 0.330005 0.604456 53.000000
-0.156563 0.061886 0.603546 51.000000
0.142739 0.348972 0.601273 50.000000
-0.103518 0.103358 0.600818 51.000000
-0.064619 0.115895 0.604001 50.000000
-0.226326 -0.050312 0.604456 51.000000
-0.071048 0.095963 0.602637 51.000000
0.058832 0.201411 0.600364 50.000000
-0.057867 0.082782 0.602637 50.000000
0.098696 0.094034 0.604001 50.000000
0.164600 0.106572 0.603546 50.000000
0.171030 0.086640 0.601273 50.000000
-0.040507 -0.286925 0.604456 50.000000
-0.068798 -0.318431 0.603092 50.000000
0.261046 0.007555 0.604456 50.000000
0.214431 -0.039703 0.604456 50.000000
0.128273 -0.129076 0.600818 50.000000
0.408929 0.139364 0.602182 50.000000
0.326950 0.060600 0.600364 50.000000
0.034720 -0.231630 0.601273 50.000000
0.021218 -0.247061 0.602182 50.000000
-0.111877 -0.385300 0.603546 50.000000
0.422432 0.138721 0.600364 50.000000
0.287729 0.007233 0.600364 50.000000
0.221503 -0.060278 0.600364 50.000000
0.054974 -0.224236 0.600818 50.000000
-0.171030 -0.454741 0.600818 50.000000
-0.162029 0.188230 0.608547 51.000000
-0.050795 0.273102 0.606729 53.000000
-0.018646 0.266029 0.609002 53.000000
-0.459402 -0.179228 0.605365 50.000000
-0.322771 -0.053527 0.606729 50.000000
-0.103518 0.141936 0.606729 51.000000
0.033434 0.226808 0.608093 53.000000
-0.212502 -0.022986 0.609002 51.000000
0.111234 0.212662 0.607638 50.000000
0.046294 0.147722 0.606729 50.000000
-0.112520 -0.070245 0.606729 50.000000
0.105126 0.126826 0.608547 50.000000
0.158171 0.085997 0.605365 50.000000
0.040507 -0.063172 0.604910 52.000000
-0.026683 -0.273102 0.609002 50.000000
0.479977 0.217485 0.606274 50.000000
0.416966 0.158331 0.608093 50.000000
-0.005787 -0.264422 0.607183 50.000000
0.202536 -0.068959 0.609002 50.000000
-0.104804 -0.378870 0.608093 50.000000
0.082622 -0.196588 0.606729 50.000000
-0.103197 0.194338 0.610821 50.000000
-0.064297 0.181157 0.612639 50.000000
-0.247544 -0.045812 0.612185 51.000000
0.078764 0.245775 0.610821 53.000000
-0.235006 -0.087926 0.609911 50.000000
-0.018968 0.054170 0.609911 50.000000
0.053367 0.073781 0.609457 50.000000
-0.086158 -0.070887 0.609911 52.000000
0.210573 0.203982 0.611730 53.000000
0.452973 0.218128 0.613094 50.000000
0.248187 0.006912 0.610366 50.000000
0.369387 0.112038 0.611730 50.000000
0.390283 0.131648 0.611275 50.000000
0.102554 -0.160582 0.610821 50.000000
0.000964 -0.257670 0.609911 50.000000
0.229219 -0.041632 0.610366 50.000000
0.235970 -0.035524 0.612639 50.000000
0.007716 -0.265707 0.609911 50.000000
-0.064297 0.246097 0.618095 53.000000
-0.170066 0.126826 0.617640 51.000000
-0.239506 0.016878 0.617640 51.000000
-0.084551 0.133899 0.617640 50.000000
-0.124415 0.079889 0.617186 51.000000
-0.064940 0.073781 0.614003 50.000000
0.040186 0.113324 0.614912 50.000000
0.000964 0.045812 0.617186 50.000000
0.237256 0.269244 0.614458 53.000000
0.144990 0.165404 0.614458 50.000000
-0.045972 -0.030059 0.616731 52.000000
0.053688 0.058671 0.617640 50.000000
0.073620 0.024594 0.614912 50.000000
-0.006108 -0.235809 0.614003 50.000000
0.136310 -0.112038 0.617186 50.000000
0.109305 -0.140328 0.615822 50.000000
0.223111 -0.036167 0.618095 50.000000
0.189676 -0.069602 0.614003 50.000000
0.149812 -0.112681 0.617186 50.000000
0.089373 -0.176978 0.614912 50.000000
0.323736 0.050955 0.617186 50.000000
0.163314 -0.112681 0.615367 50.000000
-0.098053 -0.374048 0.616276 50.000000
-0.171352 -0.444132 0.614458 50.000000
0.475477 0.196910 0.614003 50.000000
0.123450 -0.155760 0.615822 50.000000
0.090016 -0.193052 0.618095 50.000000
-0.041150 -0.324218 0.616276 50.000000
-0.211537 0.058350 0.618550 51.000000
-0.296731 -0.041632 0.619459 50.000000
0.137917 0.355080 0.620368 50.000000
-0.031827 0.173120 0.622641 50.000000
-0.206715 -0.017842 0.619004 51.000000
0.157528 0.335470 0.620823 53.000000
0.007716 0.186301 0.619914 50.000000
-0.159135 0.016878 0.622187 51.000000
0.105769 0.244490 0.621732 53.000000
0.184211 0.308787 0.619914 53.000000
0.066547 0.165404 0.622187 50.000000
0.244650 0.288854 0.620823 53.000000
-0.026040 -0.081496 0.621732 52.000000
-0.006108 -0.088569 0.620823 52.000000
0.074263 -0.032631 0.621732 50.000000
0.081014 -0.039382 0.619004 50.000000
0.383853 0.178585 0.620823 50.000000
0.123129 -0.127147 0.619914 50.000000
0.378388 0.117181 0.620823 50.000000
0.203500 -0.057707 0.621278 50.000000
0.427254 0.149973 0.619004 50.000000
0.143704 -0.135506 0.620368 50.000000
0.137274 -0.142579 0.619914 50.000000
0.096767 -0.185658 0.618550 50.000000
-0.034077 -0.317145 0.619004 50.000000
0.001286 0.323896 0.625369 53.000000
-0.204465 0.105286 0.624005 51.000000
0.053367 0.284032 0.625369 53.000000
-0.111234 0.105929 0.624915 51.000000
-0.193856 -0.019128 0.624915 51.000000
-0.085194 0.078603 0.624915 51.000000
-0.132130 0.030380 0.624460 51.000000
-0.012216 0.138721 0.627188 50.000000
-0.045329 0.105608 0.627188 50.000000
-0.085194 0.065101 0.624915 51.000000
-0.222468 -0.076674 0.623096 50.000000
0.191605 0.328397 0.624915 53.000000
0.034077 0.158653 0.627188 50.000000
0.119271 0.230987 0.624460 50.000000
-0.153670 -0.047098 0.624915 50.000000
0.218288 0.288854 0.623096 53.000000
0.138882 0.184372 0.623096 50.000000
0.286122 0.287890 0.626279 53.000000
0.054010 0.043561 0.625824 50.000000
0.074263 0.049669 0.627188 50.000000
0.245936 0.195624 0.623551 50.000000
0.068155 -0.054170 0.623096 52.000000
0.169101 -0.035524 0.623551 50.000000
0.449115 0.223914 0.626279 50.000000
-0.062047 -0.303964 0.626279 50.000000
0.285157 0.009162 0.624915 50.000000
0.244972 -0.031666 0.624915 50.000000
0.485764 0.202053 0.624005 50.000000
-0.012859 -0.295284 0.624005 50.000000
-0.451687 -0.102072 0.627643 50.000000
-0.268762 -0.000161 0.628097 51.000000
-0.285157 -0.058350 0.629461 50.000000
-0.374852 -0.151259 0.629461 50.000000
-0.118628 0.057385 0.628552 51.000000
-0.166529 0.008198 0.629461 51.000000
0.165565 0.302357 0.631280 53.000000
0.027648 0.151580 0.630370 50.000000
0.034077 0.131648 0.629007 50.000000
-0.052724 -0.040025 0.628097 52.000000
0.094195 0.068959 0.631734 50.000000
-0.019289 -0.047741 0.630370 52.000000
0.121200 0.041954 0.627643 50.000000
0.075228 -0.049026 0.630370 50.000000
0.175531 0.012056 0.629916 50.000000
0.136631 -0.072495 0.631280 50.000000
0.435934 0.210091 0.629916 50.000000
0.257510 0.023308 0.630370 50.000000
-0.034077 -0.289497 0.630825 50.000000
0.443971 0.175692 0.629916 50.000000
0.008037 -0.257027 0.629007 50.000000
0.340131 0.061564 0.630825 50.000000
-0.325665 -0.017199 0.632189 50.000000
-0.262653 0.005305 0.635372 51.000000
0.007716 0.264100 0.635372 53.000000
-0.078121 0.164761 0.635826 50.000000
-0.105126 0.124897 0.632644 51.000000
-0.145633 0.083747 0.634462 51.000000
-0.207679 0.006912 0.634008 51.000000
-0.174245 -0.014306 0.635826 51.000000
-0.025719 0.111073 0.633553 50.000000
-0.012216 0.111073 0.634008 50.000000
0.192891 0.302035 0.635826 53.000000
0.054010 0.163797 0.635372 50.000000
0.206072 0.301714 0.634462 53.000000
0.080371 0.177299 0.633553 50.000000
-0.106733 -0.027166 0.633553 50.000000
-0.045972 0.007876 0.633553 50.000000
0.261689 0.180514 0.634008 50.000000
0.108341 0.027165 0.633098 50.000000
-0.012538 -0.128433 0.632189 52.000000
0.188712 0.052884 0.633553 50.000000
0.075549 -0.064779 0.635372 50.000000
-0.126665 -0.349294 0.634917 50.000000
0.225040 -0.011734 0.635826 50.000000
0.266190 0.014628 0.636281 50.000000
0.144668 -0.110109 0.634008 50.000000
0.117664 -0.138399 0.632644 50.000000
0.259117 -0.005305 0.632189 50.000000
0.198678 -0.067673 0.632644 50.000000
0.185175 -0.081818 0.632644 50.000000
0.077156 -0.198839 0.635372 50.000000
0.212823 -0.068959 0.635372 50.000000
-0.124415 0.211698 0.636735 50.000000
-0.262010 0.060600 0.639918 51.000000
-0.192570 0.116538 0.640373 51.000000
0.014467 0.297213 0.638554 53.000000
-0.193534 0.061564 0.639918 51.000000
-0.438184 -0.188872 0.639009 50.000000
-0.187104 0.040989 0.638554 51.000000
-0.200928 0.026523 0.640827 51.000000
-0.308947 -0.084068 0.640827 50.000000
0.099982 0.315859 0.638099 53.000000
0.106412 0.295927 0.636735 53.000000
-0.126022 0.048705 0.639009 51.000000
-0.209287 -0.037132 0.638554 51.000000
-0.025397 0.124254 0.638099 50.000000
0.087122 0.223271 0.640827 50.000000
-0.005787 0.116860 0.639463 50.000000
-0.018646 0.103358 0.639009 50.000000
-0.018968 0.090177 0.637645 50.000000
0.054010 0.150294 0.639009 50.000000
-0.025397 0.069602 0.637645 50.000000
0.240792 0.281139 0.639463 53.000000
0.088087 0.088569 0.639918 50.000000
0.041150 0.040989 0.639463 50.000000
0.088087 0.075067 0.638554 50.000000
0.108019 0.081496 0.639463 50.000000
0.154634 0.101107 0.637645 50.000000
-0.033113 -0.093713 0.639918 52.000000
0.041472 -0.057707 0.638099 52.000000
0.034720 -0.064458 0.636735 52.000000
0.028291 -0.072173 0.638554 52.000000
0.183890 -0.011091 0.637190 50.000000
0.354277 0.129076 0.639009 50.000000
-0.033756 -0.276960 0.639463 50.000000
0.369387 0.114609 0.640373 50.000000
0.212502 -0.040989 0.639918 50.000000
0.077478 -0.185015 0.640373 50.000000
0.111555 -0.161868 0.636735 50.000000
0.260725 -0.021700 0.640827 50.000000
-0.199321 0.136792 0.641282 51.000000
-0.409894 -0.074424 0.644010 50.000000
-0.270048 0.038418 0.645374 51.000000
-0.011895 0.270851 0.641737 53.000000
-0.058510 0.143865 0.642191 50.000000
0.120557 0.308787 0.644465 53.000000
0.153670 0.328397 0.643555 53.000000
-0.099339 0.075388 0.644465 51.000000
0.081014 0.216520 0.642646 50.000000
-0.032470 0.088891 0.644010 50.000000
0.227612 0.347686 0.643555 50.000000
-0.113484 0.005948 0.642646 50.000000
0.041150 0.149651 0.643101 50.000000
0.234363 0.340935 0.644010 53.000000
-0.086801 -0.036167 0.641737 50.000000
0.194499 0.221343 0.644919 50.000000
0.041472 0.025880 0.644010 50.000000
0.215395 0.186944 0.645374 50.000000
0.137596 -0.061243 0.643101 50.000000
0.314091 0.074745 0.641737 50.000000
0.219574 -0.034560 0.641282 50.000000
0.240471 -0.028451 0.642646 50.000000
-0.091623 -0.360546 0.641737 50.000000
0.308947 0.025880 0.643101 50.000000
-0.104804 0.217163 0.646283 50.000000
-0.145311 0.176656 0.648556 51.000000
-0.213788 0.108180 0.647647 51.000000
-0.173281 0.094677 0.649011 51.000000
0.021218 0.236452 0.647647 53.000000
-0.018646 0.197231 0.646738 53.000000
0.027969 0.229701 0.649920 53.000000
-0.018646 0.170226 0.647192 50.000000
0.120878 0.282103 0.648556 53.000000
0.054652 0.216520 0.646283 50.000000
-0.079085 0.082139 0.645828 51.000000
0.100625 0.236131 0.645828 50.000000
-0.038900 0.081175 0.649920 50.000000
0.114770 0.182121 0.649466 50.000000
-0.032470 0.005305 0.645828 50.000000
0.276477 0.313609 0.647647 53.000000
-0.087123 -0.051920 0.646283 50.000000
-0.053367 -0.031023 0.649466 50.000000
0.216038 0.145794 0.648556 50.000000
0.190641 0.063815 0.649466 50.000000
0.294480 0.067351 0.649920 50.000000
-0.040829 -0.272459 0.649011 50.000000
0.063654 -0.171834 0.647647 50.000000
-0.069762 -0.320681 0.647192 50.000000
0.022182 -0.248026 0.645828 50.000000
-0.214752 0.080211 0.650830 51.000000
-0.376781 -0.097892 0.654467 50.000000
0.100946 0.355402 0.653103 53.000000
-0.201893 0.052563 0.650830 51.000000
-0.126022 0.115574 0.650830 51.000000
-0.325343 -0.088248 0.654012 50.000000
0.087444 0.315538 0.651739 53.000000
-0.181639 0.045169 0.654012 51.000000
0.034720 0.236452 0.650375 53.000000
-0.025397 0.176335 0.652194 50.000000
-0.319556 -0.124897 0.652194 50.000000
-0.175531 -0.004019 0.651284 51.000000
-0.039221 0.066708 0.653558 50.000000
0.014467 0.107537 0.654012 50.000000
0.008037 0.087605 0.651284 50.000000
0.068476 0.134542 0.654012 50.000000
0.074906 0.127469 0.654467 50.000000
0.311841 0.293034 0.651284 50.000000
-0.046615 -0.068637 0.654467 52.000000
0.155920 0.126183 0.652648 50.000000
0.001286 -0.047098 0.654012 52.000000
0.001286 -0.075388 0.652648 52.000000
0.292230 0.191123 0.652194 50.000000
0.434327 0.229058 0.652194 50.000000
0.015431 -0.210412 0.650375 50.000000
-0.012538 -0.242882 0.654012 50.000000
-0.091302 -0.331291 0.652194 50.000000
0.008359 -0.250919 0.654012 50.000000
-0.012859 -0.274709 0.654012 50.000000
0.105447 -0.159617 0.654012 50.000000
0.372601 0.098535 0.653558 50.000000
0.324057 0.051277 0.653558 50.000000
0.487050 0.206554 0.653558 50.000000
-0.146276 0.189194 0.658559 51.000000
-0.264261 0.071209 0.659013 51.000000
-0.132452 0.176013 0.655831 51.000000
-0.126022 0.168940 0.659013 51.000000
-0.324379 -0.044847 0.658559 50.000000
0.028291 0.296249 0.658559 53.000000
-0.174566 0.079889 0.655831 51.000000
-0.160743 0.079568 0.655831 51.000000
-0.226004 -0.057064 0.659013 51.000000
-0.255581 -0.102071 0.658559 50.000000
0.041472 0.188551 0.659013 50.000000
-0.271012 -0.132291 0.658559 50.000000
-0.271655 -0.147722 0.658104 50.000000
0.101589 0.221664 0.656740 50.000000
0.141775 0.247704 0.658104 53.000000
0.115092 0.221664 0.654922 50.000000
-0.032470 0.073459 0.654922 50.000000
0.088408 0.181478 0.656740 50.000000
0.062047 0.113324 0.658559 50.000000
0.021540 0.058028 0.659013 50.000000
-0.060118 -0.053849 0.654922 52.000000
0.209930 0.193052 0.656285 50.000000
0.135988 0.105608 0.654922 50.000000
0.183568 0.139042 0.655376 50.000000
0.132130 -0.085997 0.655376 50.000000
0.146597 -0.101750 0.656285 50.000000
0.022825 -0.237095 0.659013 50.000000
0.174566 -0.102715 0.656740 50.000000
0.147240 -0.131970 0.657195 50.000000
0.126665 -0.153188 0.655831 50.000000
-0.144668 -0.428379 0.656285 50.000000
-0.159778 0.175692 0.659468 51.000000
-0.099339 0.182121 0.662651 50.000000
0.081336 0.335148 0.660377 53.000000
-0.188712 0.064458 0.662651 51.000000
0.028291 0.269244 0.662651 53.000000
0.048223 0.262171 0.661741 53.000000
-0.343668 -0.136149 0.661741 50.000000
-0.045651 0.154795 0.660832 50.000000
-0.262653 -0.094999 0.659468 50.000000
-0.012216 0.147722 0.662651 50.000000
-0.059475 0.086319 0.659923 50.000000
-0.127951 0.015914 0.662196 51.000000
-0.190962 -0.049026 0.659923 50.000000
-0.005465 0.127469 0.660377 50.000000
0.182604 0.300749 0.661741 53.000000
0.202857 0.307501 0.659468 53.000000
-0.073299 0.030059 0.663105 50.000000
0.224075 0.273423 0.662651 53.000000
0.142739 0.166369 0.662196 50.000000
0.123772 0.063172 0.663105 50.000000
0.287408 0.183729 0.663560 50.000000
0.191927 0.075388 0.661287 50.000000
0.180353 -0.037775 0.659923 50.000000
0.283550 0.037774 0.659923 50.000000
0.235970 -0.011091 0.662651 50.000000
-0.144347 -0.396552 0.663560 50.000000
0.181639 -0.082139 0.662651 50.000000
-0.092266 -0.352187 0.661287 50.000000
0.360385 0.083747 0.661287 50.000000
0.305732 0.029094 0.663105 50.000000
-0.167815 -0.440595 0.661741 50.000000
-0.202214 0.105608 0.665833 51.000000
-0.325022 -0.031988 0.665378 50.000000
-0.223754 0.056421 0.666288 51.000000
-0.262653 -0.067351 0.666742 50.000000
0.142418 0.314573 0.665378 53.000000
0.108662 0.267958 0.664469 53.000000
0.224397 0.340614 0.668106 53.000000
-0.045972 0.071530 0.666288 50.000000
0.109305 0.213948 0.666742 50.000000
-0.066869 -0.006590 0.666742 50.000000
0.211859 0.164118 0.667197 50.000000
0.178103 0.116860 0.666742 50.000000
0.042436 -0.021379 0.666742 52.000000
0.260082 0.169905 0.665833 50.000000
0.021861 -0.071530 0.664015 52.000000
0.301553 0.183086 0.664469 50.000000
0.243364 -0.004983 0.666288 50.000000
-0.114127 -0.362475 0.665378 50.000000
-0.063011 -0.336434 0.664469 50.000000
0.475798 0.192087 0.664015 50.000000
0.015753 -0.263457 0.666288 50.000000
-0.224397 0.069280 0.672198 51.000000
-0.252687 0.040989 0.669470 51.000000
-0.072656 0.167655 0.670380 50.000000
-0.120878 0.105286 0.671289 51.000000
-0.052402 0.146758 0.671744 50.000000
-0.346240 -0.154152 0.669925 50.000000
0.069119 0.254777 0.669925 53.000000
-0.025397 0.160903 0.669016 50.000000
-0.039221 0.146437 0.672653 50.000000
-0.272619 -0.121039 0.671289 50.000000
0.122486 0.267636 0.669470 53.000000
0.115735 0.260885 0.669925 53.000000
0.082622 0.227129 0.672653 50.000000
-0.135345 0.007233 0.669016 51.000000
0.116378 0.233880 0.670834 50.000000
0.129559 0.233559 0.672198 50.000000
-0.066869 0.021057 0.672198 50.000000
0.116378 0.193373 0.670834 50.000000
0.069119 0.146115 0.669016 50.000000
0.163957 0.226165 0.672653 50.000000
0.149812 0.212662 0.671289 50.000000
-0.032470 0.027808 0.672198 50.000000
0.143704 0.192409 0.671289 50.000000
0.015110 0.063172 0.671744 50.000000
0.225361 0.259278 0.670380 53.000000
0.028934 0.048705 0.671744 50.000000
0.035685 0.041311 0.672198 50.000000
0.308626 0.285318 0.669925 50.000000
0.239506 0.218128 0.670380 50.000000
0.288372 0.237417 0.672198 50.000000
0.179389 0.087926 0.672198 50.000000
0.346240 0.139685 0.668561 50.000000
0.147883 -0.090820 0.671744 50.000000
0.022504 -0.210412 0.672653 50.000000
-0.166851 -0.408125 0.668561 50.000000
0.008680 -0.240310 0.669016 50.000000
0.015753 -0.249955 0.672198 50.000000
0.001607 -0.265386 0.670834 50.000000
0.292873 0.014306 0.668561 50.000000
0.217324 -0.063172 0.670380 50.000000
0.182925 -0.098857 0.669016 50.000000
-0.232434 0.047098 0.677199 51.000000
-0.092909 0.173763 0.673562 50.000000
-0.254295 0.011091 0.675835 51.000000
-0.211859 0.026523 0.675835 51.000000
-0.233398 0.004340 0.675381 51.000000
-0.113806 0.111716 0.675381 51.000000
-0.212180 0.012056 0.675835 51.000000
-0.093552 0.118467 0.677199 51.000000
-0.183890 0.026844 0.674926 51.000000
-0.248830 -0.039382 0.675381 51.000000
-0.135345 0.034881 0.673108 51.000000
-0.142418 0.027166 0.675381 51.000000
-0.220860 -0.053206 0.674471 50.000000
-0.018646 0.111716 0.673562 50.000000
0.062690 0.179550 0.677199 50.000000
0.103518 0.192730 0.676290 50.000000
0.008359 0.096928 0.676290 50.000000
0.123772 0.199482 0.676290 50.000000
0.136953 0.199160 0.675381 50.000000
-0.039543 0.020093 0.676745 50.000000
0.103518 0.151580 0.674471 50.000000
-0.095803 -0.081818 0.676745 52.000000
0.083586 0.061564 0.675381 50.000000
0.083586 0.047419 0.674926 50.000000
0.063011 0.026201 0.676290 50.000000
0.220539 0.128433 0.675381 50.000000
0.070405 -0.024272 0.675835 50.000000
0.056903 -0.053206 0.676290 52.000000
0.029255 -0.096928 0.675381 52.000000
0.105769 -0.061564 0.675835 50.000000
0.341417 0.103357 0.676290 50.000000
0.051116 -0.195302 0.673108 50.000000
0.182604 -0.070245 0.674017 50.000000
-0.055938 -0.315216 0.674471 50.000000
-0.161386 -0.438667 0.676745 50.000000
-0.260403 0.074424 0.680836 51.000000
-0.120235 0.200446 0.680836 50.000000
0.021861 0.328397 0.679018 53.000000
-0.283228 0.009805 0.680382 51.000000
-0.059153 0.221021 0.681291 50.000000
-0.240149 0.025237 0.678109 51.000000
-0.038900 0.186622 0.679473 50.000000
-0.301232 -0.093713 0.678563 50.000000
0.001929 0.186301 0.681291 50.000000
-0.295123 -0.117181 0.680382 50.000000
0.015431 0.186301 0.681746 50.000000
0.022182 0.138399 0.679018 50.000000
-0.025719 0.089855 0.681746 50.000000
-0.059796 0.054492 0.681746 50.000000
-0.094838 0.005305 0.677654 50.000000
-0.158492 -0.075710 0.679018 50.000000
0.124093 0.185015 0.680382 50.000000
0.049187 0.096606 0.677654 50.000000
-0.039543 0.004662 0.681746 50.000000
-0.005144 0.026201 0.679473 50.000000
0.151420 0.171191 0.679473 50.000000
0.001607 0.018807 0.679927 50.000000
0.247544 0.237738 0.679927 53.000000
-0.061082 -0.089534 0.678563 52.000000
0.324700 0.284675 0.680382 50.000000
0.227290 0.176335 0.679018 50.000000
0.193856 0.114609 0.679473 50.000000
0.043079 -0.038739 0.678563 52.000000
0.166851 0.058671 0.681746 50.000000
0.215717 0.064458 0.681291 50.000000
-0.197713 -0.415198 0.680836 50.000000
-0.055617 -0.284675 0.679927 50.000000
-0.077799 -0.310072 0.681291 50.000000
0.224718 -0.028773 0.678109 50.000000
0.363921 0.094999 0.679018 50.000000
0.329201 0.060278 0.679927 50.000000
-0.100303 -0.368583 0.679927 50.000000
-0.019932 -0.293355 0.681291 50.000000
0.044686 -0.236452 0.678109 50.000000
-0.086158 0.248026 0.684928 50.000000
-0.148205 0.158974 0.684474 51.000000
-0.155277 0.138399 0.683110 51.000000
0.008680 0.288212 0.686292 53.000000
-0.162672 0.103358 0.682200 51.000000
-0.183568 0.081818 0.683564 51.000000
0.049187 0.301071 0.685383 53.000000
0.028934 0.281460 0.684474 53.000000
-0.226647 0.024594 0.682200 51.000000
-0.263296 -0.012699 0.684474 51.000000
0.096446 0.334827 0.683564 53.000000
0.069762 0.239989 0.684928 50.000000
-0.018646 0.123933 0.684019 50.000000
0.123772 0.252848 0.683110 53.000000
-0.108662 0.018485 0.683110 50.000000
0.171673 0.286604 0.683110 53.000000
-0.088087 0.025558 0.684928 50.000000
-0.254295 -0.163154 0.686292 50.000000
0.144347 0.232273 0.683564 50.000000
0.220217 0.292712 0.685383 53.000000
0.001607 0.074745 0.684928 50.000000
-0.005465 0.054170 0.682655 50.000000
-0.012216 0.046776 0.683564 50.000000
0.185818 0.231309 0.685838 50.000000
0.275513 0.292069 0.683110 53.000000
0.192891 0.210734 0.685838 50.000000
0.255259 0.257670 0.685838 53.000000
-0.046937 -0.061243 0.683564 52.000000
0.070405 0.031666 0.683564 50.000000
-0.061404 -0.106572 0.685383 52.000000
-0.012538 -0.068637 0.682655 52.000000
0.008680 -0.076996 0.684928 52.000000
0.173924 0.065101 0.684474 50.000000
0.050473 -0.076996 0.682655 52.000000
0.022504 -0.121039 0.682200 52.000000
0.085515 -0.070887 0.685838 50.000000
0.414073 0.185015 0.683110 50.000000
0.058189 -0.176013 0.684019 50.000000
0.294802 0.040025 0.683110 50.000000
0.260082 0.004662 0.684928 50.000000
0.218931 -0.037775 0.686292 50.000000
0.176817 -0.079889 0.682655 50.000000
-0.161064 -0.423557 0.682655 50.000000
0.393498 0.122004 0.682200 50.000000
-0.351383 -0.045490 0.687656 50.000000
0.015753 0.267636 0.689020 53.000000
-0.018646 0.233881 0.688111 53.000000
-0.156242 0.095642 0.688565 51.000000
-0.025397 0.212984 0.690384 53.000000
-0.045651 0.192730 0.687202 50.000000
-0.191605 0.045490 0.688111 51.000000
0.130844 0.340935 0.689020 53.000000
-0.228897 -0.020736 0.690384 51.000000
0.110269 0.307501 0.687656 53.000000
0.096767 0.293998 0.688111 53.000000
-0.101268 0.095963 0.687202 51.000000
-0.295766 -0.103679 0.687656 50.000000
-0.108341 0.074102 0.690839 51.000000
-0.289015 -0.111716 0.689929 50.000000
0.144668 0.286604 0.688111 53.000000
0.063333 0.164118 0.690839 50.000000
0.001607 0.102393 0.687656 50.000000
-0.032791 0.053206 0.687656 50.000000
0.193213 0.251562 0.689475 53.000000
0.056581 0.101429 0.689929 50.000000
-0.018968 0.023951 0.689929 50.000000
0.234684 0.264743 0.688565 53.000000
0.077478 0.079889 0.690384 50.000000
0.111877 0.100786 0.689020 50.000000
0.277120 0.208805 0.686747 50.000000
0.008680 -0.107858 0.689020 52.000000
0.188712 0.049669 0.687202 50.000000
0.057867 -0.101107 0.690384 50.000000
0.099660 -0.072173 0.688565 50.000000
-0.019611 -0.263457 0.688111 50.000000
-0.176817 -0.427736 0.690839 50.000000
0.330165 0.073459 0.687202 50.000000
0.143061 -0.118146 0.689020 50.000000
0.424360 0.148365 0.690384 50.000000
0.212823 -0.060600 0.689020 50.000000
0.136310 -0.140971 0.689475 50.000000
-0.123450 -0.398802 0.688111 50.000000
-0.366815 -0.047419 0.691748 50.000000
0.063011 0.368904 0.694021 53.000000
-0.177138 0.129398 0.694476 51.000000
-0.004501 0.287890 0.694476 53.000000
-0.277763 0.014628 0.691748 51.000000
0.035685 0.314573 0.691748 53.000000
-0.285479 -0.007233 0.691293 51.000000
-0.121843 0.143543 0.694931 51.000000
-0.205751 0.058993 0.691293 51.000000
-0.100946 0.137435 0.691293 51.000000
-0.100946 0.123290 0.691748 51.000000
0.152063 0.306858 0.692657 53.000000
0.117664 0.245454 0.691748 50.000000
-0.261367 -0.127790 0.695385 50.000000
0.165565 0.279210 0.693567 53.000000
-0.046294 0.052563 0.691293 50.000000
0.228576 0.299142 0.694931 53.000000
0.111555 0.183407 0.695385 50.000000
0.173281 0.230987 0.694021 50.000000
0.172959 0.217163 0.694931 50.000000
0.173281 0.203339 0.694931 50.000000
-0.012216 0.016557 0.691748 50.000000
0.194177 0.182443 0.691293 50.000000
0.160100 0.148365 0.693567 50.000000
0.105126 0.065101 0.692657 50.000000
-0.005144 -0.078603 0.693112 52.000000
0.202536 0.119432 0.693567 50.000000
0.202536 0.105286 0.693112 50.000000
0.299946 0.200767 0.694476 50.000000
0.008680 -0.093713 0.692657 52.000000
0.329522 0.171834 0.695385 50.000000
0.114127 -0.087926 0.692203 50.000000
-0.156242 0.163797 0.699022 51.000000
-0.018325 0.287569 0.697658 53.000000
-0.191927 0.100464 0.698568 51.000000
-0.163636 0.115252 0.697658 51.000000
0.222146 0.457313 0.696749 50.000000
0.049830 0.273423 0.697658 53.000000
-0.038900 0.171191 0.695840 50.000000
-0.122486 0.086962 0.697204 51.000000
-0.244972 -0.052884 0.699932 51.000000
-0.231469 -0.082461 0.699022 50.000000
0.110912 0.252205 0.695840 53.000000
-0.130844 -0.006269 0.697658 50.000000
0.098053 0.211055 0.698568 50.000000
-0.004822 0.094034 0.696295 50.000000
0.201250 0.285318 0.699022 53.000000
0.161386 0.076996 0.699022 50.000000
0.057546 -0.029416 0.699477 52.000000
0.204143 0.047098 0.698113 50.000000
0.114127 -0.074424 0.697204 50.000000
-0.055938 -0.275995 0.699932 50.000000
0.374209 0.141936 0.696749 50.000000
0.318270 0.057707 0.697204 50.000000
0.001929 -0.258635 0.696749 50.000000
0.172316 -0.106894 0.699022 50.000000
-0.025076 0.280817 0.702660 53.000000
0.015753 0.280496 0.702205 53.000000
-0.199642 0.064458 0.700841 51.000000
0.188069 0.436738 0.702205 50.000000
0.056581 0.293677 0.700386 53.000000
-0.157528 0.078925 0.702205 51.000000
-0.258796 -0.024272 0.703114 51.000000
-0.311198 -0.077317 0.700841 50.000000
-0.200928 0.020736 0.704478 51.000000
-0.244329 -0.023308 0.700386 51.000000
-0.136953 0.057707 0.701296 51.000000
-0.230505 -0.037774 0.701750 51.000000
-0.283871 -0.107858 0.704024 50.000000
-0.246579 -0.083425 0.702660 50.000000
0.091302 0.245454 0.703114 50.000000
-0.173602 -0.022665 0.703114 51.000000
-0.039543 0.099821 0.704478 50.000000
-0.255259 -0.122325 0.704024 50.000000
0.166529 0.292391 0.701296 53.000000
0.022504 0.149008 0.702660 50.000000
0.001929 0.128433 0.701750 50.000000
-0.026040 0.043883 0.700386 50.000000
-0.081979 -0.013985 0.700386 50.000000
0.098696 0.155117 0.704478 50.000000
-0.040186 -0.014628 0.703114 50.000000
0.208965 0.181157 0.700386 50.000000
-0.012216 -0.043883 0.700841 52.000000
0.237578 0.194338 0.703569 50.000000
0.078442 0.020414 0.703569 50.000000
0.147883 0.076996 0.700386 50.000000
0.106412 0.034881 0.701296 50.000000
0.064619 -0.022986 0.703114 50.000000
0.196749 0.096928 0.703569 50.000000
0.203822 0.089855 0.702205 50.000000
0.212180 0.039060 0.703569 50.000000
0.079407 -0.097571 0.701750 50.000000
-0.012538 -0.244811 0.703114 50.000000
-0.093231 -0.319717 0.704478 50.000000
0.116056 -0.152223 0.702660 50.000000
-0.012538 -0.277602 0.703569 50.000000
0.312484 0.035846 0.701296 50.000000
0.390926 0.112359 0.702205 50.000000
-0.235970 0.055778 0.706751 51.000000
-0.052724 0.225522 0.705387 53.000000
-0.066547 0.211698 0.705842 50.000000
0.063654 0.327754 0.706751 53.000000
-0.185818 0.064136 0.704933 51.000000
-0.327915 -0.095320 0.708570 50.000000
-0.321807 -0.118146 0.709025 50.000000
-0.074263 0.121039 0.706751 51.000000
-0.216360 -0.024272 0.706751 51.000000
0.029577 0.183729 0.704933 50.000000
0.091302 0.231309 0.707206 50.000000
-0.032791 0.106572 0.707661 50.000000
-0.218288 -0.084068 0.707661 50.000000
0.057224 0.183086 0.706297 50.000000
-0.189033 -0.068316 0.707206 50.000000
0.139525 0.251241 0.707206 50.000000
0.050473 0.148044 0.707661 50.000000
-0.131809 -0.052884 0.707661 50.000000
0.244329 0.257027 0.704933 53.000000
-0.026040 -0.015271 0.705842 52.000000
-0.004822 -0.008841 0.709025 52.000000
0.323093 0.304286 0.708115 50.000000
0.085194 0.070245 0.705387 50.000000
0.050795 0.019771 0.707661 50.000000
0.141132 0.083104 0.707206 50.000000
0.106412 0.047741 0.708115 50.000000
0.189676 0.118146 0.705387 50.000000
0.176174 0.103357 0.709025 50.000000
0.085837 0.011734 0.709025 50.000000
0.072334 -0.046133 0.705842 52.000000
0.183568 0.054170 0.704933 50.000000
0.100303 -0.031666 0.705842 50.000000
0.183890 0.039060 0.706297 50.000000
0.339167 0.177621 0.707661 50.000000
0.065583 -0.098535 0.707206 50.000000
0.346883 0.169905 0.709025 50.000000
0.312162 0.077960 0.708115 50.000000
0.334023 0.084390 0.707661 50.000000
0.376781 0.112359 0.704933 50.000000
0.435612 0.167333 0.707661 50.000000
0.158492 -0.107858 0.705387 50.000000
0.123450 -0.145472 0.706297 50.000000
-0.379996 -0.090177 0.710389 50.000000
-0.045972 0.218128 0.710843 50.000000
-0.136953 0.127147 0.712662 51.000000
-0.143704 0.120396 0.711298 51.000000
-0.359099 -0.127790 0.709934 50.000000
-0.129880 0.091784 0.711298 51.000000
-0.032470 0.176335 0.710389 50.000000
0.001929 0.197231 0.709479 50.000000
-0.173602 0.004983 0.710843 51.000000
-0.255259 -0.094034 0.712207 50.000000
-0.285800 -0.140007 0.709479 50.000000
-0.039543 0.085033 0.709934 50.000000
-0.241435 -0.123933 0.710389 50.000000
-0.011895 0.084390 0.712207 50.000000
0.259117 0.325825 0.710389 53.000000
0.105769 0.175049 0.711753 50.000000
0.099017 0.140007 0.709934 50.000000
-0.005144 0.005626 0.710389 52.000000
0.217646 0.214913 0.712662 50.000000
0.071691 0.069602 0.709934 50.000000
0.050795 0.048062 0.711753 50.000000
-0.018968 -0.038417 0.709479 52.000000
0.203500 0.158974 0.709934 50.000000
0.253330 0.165083 0.709934 50.000000
0.303804 0.156403 0.711753 50.000000
0.298981 0.049348 0.710389 50.000000
0.200928 -0.050634 0.711753 50.000000
0.200928 -0.065422 0.709934 50.000000
0.422432 0.138721 0.711753 50.000000
-0.087444 0.231952 0.714480 50.000000
-0.087765 0.175692 0.718118 50.000000
0.056903 0.306858 0.714935 53.000000
-0.011573 0.238381 0.715390 53.000000
-0.253652 -0.019771 0.718118 51.000000
-0.316020 -0.127790 0.717208 50.000000
0.050795 0.230666 0.717663 50.000000
-0.247865 -0.071852 0.716299 50.000000
0.175209 0.340292 0.717208 53.000000
-0.053688 0.070245 0.714026 50.000000
-0.204786 -0.086640 0.718118 50.000000
-0.295766 -0.182121 0.716299 50.000000
0.140489 0.236774 0.714026 50.000000
0.106090 0.202375 0.716299 50.000000
0.112841 0.195624 0.714480 50.000000
0.147562 0.215556 0.716754 50.000000
0.009002 0.061564 0.717663 50.000000
-0.068476 -0.031988 0.714935 50.000000
0.317627 0.325182 0.718118 50.000000
-0.061725 -0.054813 0.717663 52.000000
-0.076192 -0.084711 0.716299 52.000000
0.267476 0.248669 0.716299 50.000000
0.072013 0.053849 0.717208 50.000000
0.239506 0.207197 0.715390 50.000000
0.296409 0.262171 0.718118 50.000000
-0.076192 -0.115574 0.717663 52.000000
0.211216 0.151259 0.714935 50.000000
0.051438 -0.011091 0.716754 50.000000
0.016396 -0.092427 0.714935 52.000000
0.332737 0.212341 0.714935 50.000000
0.191605 0.073781 0.714026 50.000000
0.206393 0.058350 0.716754 50.000000
0.192248 0.030059 0.715390 50.000000
0.101589 -0.093391 0.714026 50.000000
-0.027005 -0.266351 0.717663 50.000000
-0.049187 -0.291105 0.718118 50.000000
0.144990 -0.111073 0.717663 50.000000
-0.155599 -0.411662 0.715390 50.000000
0.074263 -0.186301 0.715844 50.000000
0.350097 0.083104 0.714026 50.000000
0.031506 -0.234202 0.717663 50.000000
-0.132773 -0.402982 0.716754 50.000000
-0.222468 0.111073 0.722210 51.000000
-0.059796 0.231309 0.722210 50.000000
-0.282586 -0.006269 0.720846 51.000000
-0.359099 -0.084068 0.719482 50.000000
0.023468 0.286283 0.722664 53.000000
-0.449436 -0.191766 0.720846 50.000000
-0.187747 0.046776 0.720391 51.000000
-0.276799 -0.058350 0.719936 50.000000
-0.300267 -0.097249 0.719482 50.000000
0.050795 0.202375 0.721300 50.000000
0.189998 0.326147 0.720846 53.000000
-0.053688 0.083104 0.721755 50.000000
-0.132130 -0.026201 0.719936 50.000000
0.016074 0.111716 0.719482 50.000000
0.162029 0.228737 0.721300 50.000000
0.261046 0.311680 0.721300 53.000000
0.183247 0.207519 0.720391 50.000000
0.016396 0.025237 0.719482 50.000000
0.149491 0.087605 0.722664 50.000000
0.030220 -0.049027 0.721300 52.000000
0.100946 0.009484 0.719027 50.000000
0.086480 -0.004983 0.719027 50.000000
0.030541 -0.078925 0.720391 52.000000
0.213466 0.093713 0.721755 50.000000
0.152062 -0.089212 0.720846 50.000000
-0.063976 -0.307822 0.718572 50.000000
-0.178746 -0.423235 0.719936 50.000000
0.209608 -0.061243 0.721755 50.000000
0.446543 0.173120 0.720391 50.000000
0.103197 -0.172155 0.719482 50.000000
0.031506 -0.250919 0.719027 50.000000
0.043722 0.334184 0.725847 53.000000
-0.116378 0.160582 0.726301 51.000000
-0.194820 0.082140 0.724483 51.000000
-0.109305 0.153509 0.725847 51.000000
-0.130523 0.132291 0.726301 51.000000
0.002250 0.251562 0.724937 53.000000
-0.025397 0.223914 0.724028 53.000000
-0.173924 0.060600 0.725392 51.000000
0.064619 0.285640 0.726301 53.000000
-0.089051 0.075388 0.726301 51.000000
0.099660 0.250598 0.724483 50.000000
-0.011895 0.110752 0.725392 50.000000
-0.068155 0.024272 0.726301 50.000000
0.162029 0.242882 0.723119 50.000000
-0.047258 0.031666 0.726756 50.000000
0.058189 0.124897 0.723119 50.000000
0.023147 0.089212 0.724483 50.000000
0.044365 0.081496 0.727211 50.000000
-0.011895 0.023951 0.725847 50.000000
0.276156 0.297213 0.725392 53.000000
0.190641 0.200125 0.724937 50.000000
0.037292 0.046133 0.723119 50.000000
0.276156 0.254777 0.725392 50.000000
0.142418 0.109466 0.723119 50.000000
0.326308 0.275352 0.723119 50.000000
0.058510 0.008841 0.725392 50.000000
0.276799 0.212341 0.726301 50.000000
0.248187 0.185015 0.724937 50.000000
0.290944 0.184050 0.723119 50.000000
0.059153 -0.080532 0.724937 52.000000
0.059153 -0.095320 0.723573 50.000000
-0.081014 0.251884 0.729484 50.000000
-0.173602 0.089212 0.728120 51.000000
0.037292 0.285961 0.727665 53.000000
-0.247544 -0.014949 0.728575 51.000000
0.057867 0.264743 0.727665 53.000000
-0.146276 0.045169 0.730393 51.000000
-0.153670 0.023629 0.728575 51.000000
0.086158 0.250598 0.728575 50.000000
0.099982 0.236131 0.730393 50.000000
-0.082622 0.038096 0.731303 50.000000
0.149169 0.256384 0.731757 50.000000
-0.075228 0.031345 0.727665 50.000000
0.037292 0.131005 0.731303 50.000000
-0.192248 -0.104965 0.730393 50.000000
0.254938 0.332576 0.729939 53.000000
-0.299303 -0.217806 0.728120 50.000000
0.198356 0.234845 0.730393 50.000000
0.184211 0.220700 0.729939 50.000000
0.226647 0.220700 0.727665 50.000000
0.142418 0.137113 0.727665 50.000000
0.037292 0.015914 0.728575 50.000000
0.269405 0.233880 0.727665 50.000000
0.115413 0.036167 0.730848 50.000000
0.115735 0.021057 0.731757 50.000000
0.037935 -0.073459 0.727665 52.000000
0.228576 0.106251 0.729484 50.000000
0.285479 0.161868 0.730393 50.000000
0.321164 0.182764 0.729484 50.000000
0.292552 0.154795 0.728575 50.000000
0.023790 -0.119110 0.727665 52.000000
0.066547 -0.089212 0.728575 50.000000
-0.019611 -0.262814 0.730848 50.000000
0.074906 -0.175370 0.731757 50.000000
0.412144 0.136792 0.730848 50.000000
0.464225 0.185658 0.729939 50.000000
-0.137917 0.194981 0.736304 51.000000
-0.060439 0.258313 0.734940 53.000000
-0.231148 0.087605 0.732212 51.000000
-0.144990 0.159617 0.734030 51.000000
-0.102232 0.188230 0.733121 50.000000
-0.074585 0.174084 0.732212 50.000000
-0.053688 0.180835 0.734940 50.000000
-0.181961 0.051277 0.735849 51.000000
-0.226004 0.006590 0.734940 51.000000
0.086158 0.305893 0.734940 53.000000
-0.060761 0.159617 0.734030 50.000000
-0.174566 0.044526 0.732666 51.000000
-0.233720 -0.015913 0.735394 51.000000
-0.103197 0.102393 0.734030 51.000000
0.092909 0.284997 0.733121 53.000000
-0.004501 0.187587 0.735849 50.000000
-0.197392 -0.007876 0.734940 51.000000
-0.054010 0.123933 0.734940 50.000000
-0.103518 0.073781 0.735849 51.000000
-0.160743 0.015271 0.733121 51.000000
0.065261 0.201411 0.734485 50.000000
-0.213788 -0.083425 0.734485 50.000000
0.155920 0.277281 0.732212 53.000000
0.142096 0.263457 0.735394 53.000000
0.023468 0.116538 0.734030 50.000000
-0.018968 0.044526 0.734940 50.000000
-0.098053 -0.051920 0.735394 50.000000
0.270048 0.289819 0.734485 53.000000
0.009645 -0.000161 0.736304 52.000000
0.248830 0.226808 0.732212 50.000000
0.136310 0.114931 0.734940 50.000000
0.066226 -0.000804 0.734485 50.000000
0.221503 0.141614 0.734940 50.000000
0.101911 -0.008198 0.733576 50.000000
0.200928 0.077317 0.734030 50.000000
0.243364 0.105608 0.732666 50.000000
0.180353 0.026523 0.734485 50.000000
0.173924 -0.010127 0.734030 50.000000
-0.071691 -0.289176 0.734940 50.000000
0.449758 0.185979 0.734030 50.000000
0.368744 0.108180 0.734485 50.000000
0.390926 0.114931 0.734485 50.000000
0.368744 0.094034 0.732666 50.000000
0.168458 -0.108180 0.732212 50.000000
-0.157528 -0.438024 0.733121 50.000000
-0.130844 0.187908 0.739032 51.000000
-0.261689 0.042275 0.738577 51.000000
0.072334 0.333862 0.739486 53.000000
0.044365 0.305893 0.740850 53.000000
-0.363600 -0.104643 0.738577 50.000000
-0.395748 -0.137435 0.739032 50.000000
0.044365 0.292391 0.738577 53.000000
-0.046615 0.201411 0.740850 50.000000
-0.138560 0.109466 0.737213 51.000000
0.016717 0.250598 0.738122 53.000000
-0.350097 -0.136149 0.740850 50.000000
0.121521 0.312323 0.738577 53.000000
0.023790 0.215234 0.739941 50.000000
-0.032791 0.144508 0.740395 50.000000
0.051438 0.186944 0.739032 50.000000
0.037614 0.172477 0.740395 50.000000
0.051438 0.172798 0.738122 50.000000
0.093552 0.200768 0.738122 50.000000
0.072334 0.165404 0.737668 50.000000
0.256545 0.289819 0.740395 53.000000
0.115092 0.136149 0.739032 50.000000
0.235649 0.240632 0.740395 53.000000
0.322128 0.310394 0.740395 50.000000
0.315056 0.289176 0.739486 50.000000
-0.055295 -0.113967 0.739941 52.000000
0.030863 -0.038096 0.738577 52.000000
0.023790 -0.045812 0.738122 52.000000
0.316020 0.203339 0.740850 50.000000
0.045329 -0.068637 0.738122 52.000000
0.361028 0.158974 0.739941 50.000000
0.203179 0.002411 0.740850 50.000000
-0.180032 -0.414877 0.740395 50.000000
0.017039 -0.224879 0.737668 50.000000
0.031827 -0.226165 0.740850 50.000000
-0.095160 -0.351223 0.740395 50.000000
0.348490 0.071209 0.740395 50.000000
-0.025076 0.306536 0.742669 53.000000
-0.218288 0.071530 0.743123 51.000000
0.044686 0.263779 0.745397 53.000000
-0.242721 -0.025558 0.744487 51.000000
0.016717 0.221664 0.745397 50.000000
0.178746 0.325825 0.744942 53.000000
-0.018646 0.129719 0.744033 50.000000
-0.112198 -0.008841 0.743578 50.000000
-0.112198 -0.023629 0.744033 50.000000
0.156885 0.220378 0.741759 50.000000
0.059153 0.107215 0.745397 50.000000
-0.018968 -0.016556 0.744487 52.000000
0.101589 0.092427 0.743123 50.000000
0.308304 0.239346 0.741759 50.000000
0.095481 -0.003054 0.744487 50.000000
0.194499 0.083747 0.741759 50.000000
0.144990 0.033595 0.741305 50.000000
-0.026683 -0.147079 0.745397 52.000000
0.210251 0.024272 0.741759 50.000000
0.361671 0.173120 0.744033 50.000000
0.362314 0.143543 0.744942 50.000000
-0.019611 -0.233880 0.742214 50.000000
0.415037 0.149330 0.744942 50.000000
-0.034720 -0.301071 0.744033 50.000000
0.198035 -0.081175 0.743123 50.000000
-0.126665 -0.405875 0.743578 50.000000
-0.188390 0.158010 0.745851 51.000000
-0.039543 0.278567 0.746761 53.000000
0.072656 0.361832 0.745851 53.000000
0.030541 0.319717 0.749034 53.000000
0.002572 0.278245 0.746761 53.000000
-0.271012 0.003376 0.746761 51.000000
-0.103197 0.158331 0.747670 51.000000
-0.357170 -0.098857 0.746761 50.000000
0.023790 0.271173 0.748125 53.000000
-0.117985 0.129398 0.749488 51.000000
-0.146919 0.071530 0.745851 51.000000
-0.110912 0.093391 0.746761 51.000000
0.150455 0.339971 0.746761 53.000000
-0.032791 0.129076 0.748579 50.000000
-0.230183 -0.087605 0.749943 50.000000
0.087122 0.178264 0.745851 50.000000
0.101268 0.178264 0.746306 50.000000
-0.112520 -0.040025 0.747670 50.000000
0.101268 0.164118 0.745851 50.000000
0.250758 0.296892 0.748579 53.000000
0.066226 0.114288 0.745851 50.000000
0.294480 0.296249 0.748125 53.000000
0.280335 0.267958 0.749943 50.000000
0.066869 0.026201 0.748579 50.000000
0.073942 0.004340 0.746306 50.000000
-0.019289 -0.093391 0.749488 52.000000
0.052724 -0.032952 0.746306 52.000000
0.295445 0.195624 0.749488 50.000000
0.224397 0.096285 0.749034 50.000000
0.182282 0.009162 0.748125 50.000000
0.096446 -0.094677 0.746761 50.000000
-0.027005 -0.243847 0.746306 50.000000
0.140489 -0.096285 0.748579 50.000000
0.349133 0.099500 0.747670 50.000000
0.183890 -0.081818 0.748125 50.000000
0.140811 -0.126826 0.746761 50.000000
-0.145954 0.172155 0.751762 51.000000
-0.332416 -0.029737 0.751762 50.000000
-0.132130 0.143543 0.750852 51.000000
-0.117985 0.143543 0.751307 51.000000
-0.032791 0.214591 0.750852 53.000000
-0.280657 -0.035846 0.752671 51.000000
0.037935 0.270530 0.750852 53.000000
-0.125701 0.106894 0.753580 51.000000
-0.146919 0.085676 0.750852 51.000000
-0.266190 -0.050312 0.750398 51.000000
0.144025 0.347043 0.754035 53.000000
-0.061082 0.143222 0.750852 50.000000
-0.147562 0.055456 0.754035 51.000000
-0.089694 0.099821 0.753580 51.000000
0.087122 0.263136 0.751307 50.000000
0.094195 0.256063 0.750398 50.000000
-0.040186 0.121682 0.750852 50.000000
-0.047258 0.099821 0.751762 50.000000
-0.104804 0.026844 0.751307 50.000000
-0.141454 -0.025880 0.751307 50.000000
-0.105126 -0.003054 0.750852 50.000000
0.137274 0.198839 0.750398 50.000000
0.158492 0.191123 0.750398 50.000000
0.009645 0.040989 0.751762 50.000000
0.208965 0.197231 0.754490 50.000000
0.194177 0.183086 0.752671 50.000000
0.187104 0.176013 0.751307 50.000000
0.173602 0.147722 0.752216 50.000000
0.273584 0.217485 0.750398 50.000000
0.031506 -0.025880 0.750398 52.000000
0.126344 -0.111716 0.751307 50.000000
0.025076 -0.221986 0.753580 50.000000
0.249473 -0.016878 0.754035 50.000000
-0.080050 -0.356045 0.752671 50.000000
0.220860 -0.061564 0.753126 50.000000
0.024754 -0.253813 0.750852 50.000000
-0.402821 -0.056421 0.757217 50.000000
-0.168137 0.149973 0.756763 51.000000
-0.242078 0.061243 0.758581 51.000000
0.002893 0.292069 0.756308 53.000000
-0.011252 0.277924 0.758581 53.000000
-0.053688 0.235488 0.758127 50.000000
-0.096446 0.178585 0.758581 50.000000
-0.125379 0.149651 0.758127 51.000000
-0.139846 0.135185 0.758581 51.000000
-0.089694 0.157046 0.756308 50.000000
-0.336274 -0.093391 0.759036 50.000000
-0.235970 -0.005305 0.755854 51.000000
0.031184 0.248990 0.758127 53.000000
-0.090016 0.127790 0.759036 51.000000
-0.096767 0.121039 0.756763 51.000000
-0.140811 0.062207 0.759036 51.000000
0.087123 0.276638 0.755399 53.000000
-0.118950 0.069923 0.758127 51.000000
-0.054331 0.106894 0.755399 50.000000
0.016717 0.163797 0.755854 50.000000
0.144025 0.290462 0.756308 53.000000
0.136953 0.240953 0.754944 50.000000
0.216038 0.289819 0.757672 53.000000
-0.098374 -0.026523 0.754944 50.000000
0.244972 0.303321 0.757672 53.000000
0.259439 0.246418 0.756308 50.000000
0.216681 0.203661 0.759036 50.000000
0.160100 0.104000 0.756308 50.000000
0.318592 0.230987 0.756308 50.000000
-0.041150 -0.134542 0.756763 52.000000
0.174888 0.073781 0.759036 50.000000
0.110591 0.008841 0.758127 50.000000
0.167815 0.037775 0.754944 50.000000
0.218288 0.073459 0.755399 50.000000
0.305411 0.143865 0.757672 50.000000
0.104161 -0.074102 0.755399 50.000000
0.247865 0.058028 0.754944 50.000000
0.082943 -0.128112 0.757217 50.000000
-0.004822 -0.222950 0.758127 50.000000
0.177138 -0.046133 0.758581 50.000000
0.372601 0.134542 0.755854 50.000000
0.454902 0.212984 0.754944 50.000000
0.455866 0.198517 0.757217 50.000000
0.396391 0.126183 0.758581 50.000000
0.448472 0.176335 0.756763 50.000000
-0.182604 0.163797 0.761764 51.000000
0.024111 0.298499 0.761764 53.000000
0.052402 0.284354 0.759491 53.000000
-0.289980 -0.061243 0.761309 50.000000
0.101911 0.319074 0.763583 53.000000
-0.230183 -0.029737 0.763128 51.000000
0.066869 0.255742 0.763583 50.000000
-0.039864 0.149008 0.761764 50.000000
-0.155277 0.032309 0.759491 51.000000
-0.061725 0.098214 0.763583 50.000000
-0.293516 -0.140007 0.763128 50.000000
0.201893 0.332255 0.760400 53.000000
0.130523 0.233238 0.763128 50.000000
-0.187426 -0.089855 0.762219 50.000000
0.081336 0.155117 0.763128 50.000000
0.224075 0.267636 0.762673 53.000000
0.159778 0.175692 0.762219 50.000000
0.109948 0.096928 0.761309 50.000000
0.045972 0.031023 0.763128 50.000000
0.017039 0.001447 0.762673 50.000000
0.038578 -0.005305 0.759491 50.000000
0.160743 0.058993 0.761764 50.000000
0.125701 0.007233 0.763583 50.000000
0.089373 -0.029094 0.761309 50.000000
-0.019289 -0.143543 0.760400 52.000000
0.024754 -0.113002 0.761764 52.000000
0.307661 0.054813 0.760400 50.000000
-0.134702 -0.387550 0.763128 50.000000
-0.046615 0.284354 0.767220 53.000000
-0.103840 0.227772 0.766765 50.000000
-0.111234 0.192087 0.767220 50.000000
0.052402 0.340292 0.764492 53.000000
0.038257 0.298499 0.764037 53.000000
0.202857 0.418092 0.766765 50.000000
-0.046937 0.170226 0.768129 50.000000
0.073942 0.276317 0.767674 53.000000
0.009645 0.184372 0.764947 50.000000
-0.316984 -0.149330 0.764037 50.000000
0.074263 0.205268 0.767674 50.000000
0.188390 0.303964 0.767674 53.000000
0.074263 0.176335 0.766765 50.000000
0.052724 0.155438 0.765401 50.000000
-0.280978 -0.189837 0.768129 50.000000
-0.106090 -0.021379 0.766765 50.000000
0.253330 0.324539 0.764492 53.000000
0.297695 0.338685 0.766765 53.000000
0.282586 0.324218 0.764492 53.000000
0.275513 0.303000 0.765856 53.000000
0.138560 0.168619 0.766310 50.000000
0.319556 0.330969 0.764947 53.000000
-0.099660 -0.089534 0.764037 52.000000
0.246258 0.246097 0.764492 53.000000
0.217645 0.217485 0.765856 50.000000
0.268440 0.266993 0.766310 53.000000
-0.070727 -0.137113 0.765401 52.000000
0.126022 -0.023951 0.768129 50.000000
0.213788 0.004019 0.768129 50.000000
-0.049830 -0.275031 0.764492 50.000000
0.474191 0.226486 0.768129 50.000000
0.265547 0.010127 0.767220 50.000000
0.171030 -0.085676 0.764947 50.000000
0.214752 -0.056099 0.764037 50.000000
-0.018325 0.298499 0.770402 53.000000
-0.154956 0.133577 0.770857 51.000000
0.024433 0.312323 0.770402 53.000000
0.095481 0.368583 0.768584 53.000000
-0.155599 0.104000 0.772221 51.000000
0.102554 0.347365 0.772676 53.000000
-0.141132 0.089534 0.771766 51.000000
-0.330808 -0.103357 0.768584 50.000000
0.123772 0.325504 0.769493 53.000000
-0.163314 0.037775 0.769948 51.000000
0.138239 0.296892 0.770402 53.000000
-0.256224 -0.118146 0.772676 50.000000
0.081336 0.211698 0.771766 50.000000
0.138882 0.211377 0.769493 50.000000
0.146276 0.203982 0.771766 50.000000
0.232112 0.274388 0.769038 53.000000
0.167494 0.196267 0.770402 50.000000
0.024433 0.052563 0.769038 50.000000
0.110912 0.080532 0.771766 50.000000
0.343346 0.236452 0.769038 50.000000
0.097410 -0.024272 0.771766 50.000000
-0.041793 -0.170548 0.771766 52.000000
0.242078 0.106894 0.772221 50.000000
0.082943 -0.054170 0.771766 50.000000
0.344311 0.178264 0.769493 50.000000
0.228576 0.018164 0.770857 50.000000
-0.150134 -0.374048 0.772221 50.000000
0.361349 0.132934 0.772676 50.000000
0.295445 0.038739 0.770402 50.000000
0.407000 0.131648 0.772676 50.000000
0.369708 0.095642 0.772676 50.000000
0.106412 -0.172155 0.769948 50.000000
-0.206394 0.125218 0.775858 51.000000
-0.177138 0.140328 0.774039 51.000000
-0.025397 0.262493 0.777222 53.000000
-0.192570 0.081175 0.775403 51.000000
-0.112198 0.133256 0.774039 51.000000
0.010288 0.240953 0.774949 53.000000
0.117021 0.332898 0.774494 53.000000
-0.348490 -0.137113 0.774039 50.000000
-0.254616 -0.056099 0.775403 51.000000
0.081336 0.268922 0.774039 53.000000
-0.149491 0.022022 0.774039 51.000000
0.017360 0.147079 0.775858 50.000000
0.203500 0.317788 0.775403 53.000000
0.226004 0.238060 0.775858 50.000000
0.314413 0.309108 0.776767 53.000000
0.189998 0.187908 0.775858 50.000000
0.204143 0.187908 0.774494 50.000000
0.002893 -0.015914 0.775403 52.000000
0.211859 0.180192 0.775858 50.000000
0.097089 0.035203 0.776313 50.000000
0.292552 0.215234 0.774494 50.000000
0.233720 0.158331 0.773585 50.000000
0.307661 0.200125 0.775403 50.000000
0.133738 0.027487 0.774494 50.000000
-0.011895 -0.140007 0.776767 52.000000
0.112198 -0.024915 0.775403 50.000000
-0.157206 -0.331612 0.775858 50.000000
0.360706 0.147722 0.773585 50.000000
0.451687 0.234202 0.773130 50.000000
0.310233 0.067030 0.774494 50.000000
0.193534 -0.050312 0.774494 50.000000
-0.088408 -0.338685 0.774494 50.000000
0.325986 0.051277 0.776313 50.000000
0.172638 -0.104643 0.777222 50.000000
-0.025397 0.290783 0.779041 53.000000
-0.133416 0.169262 0.778586 51.000000
0.059796 0.318753 0.779495 53.000000
-0.316663 -0.089855 0.779950 50.000000
-0.364564 -0.139042 0.777677 50.000000
0.067512 0.268601 0.780405 53.000000
-0.247544 -0.064458 0.779495 51.000000
0.110269 0.282425 0.779041 53.000000
-0.026040 0.117824 0.778586 50.000000
-0.113484 0.028451 0.781314 50.000000
0.160743 0.260242 0.778586 50.000000
0.189998 0.245775 0.780859 50.000000
0.031827 0.087605 0.781769 50.000000
0.096446 0.138078 0.781314 50.000000
0.299946 0.280496 0.778131 50.000000
0.126022 0.108501 0.780859 50.000000
0.212502 0.165404 0.779950 50.000000
0.082622 0.034881 0.780405 50.000000
0.271655 0.149330 0.778586 50.000000
-0.019289 -0.180835 0.778131 52.000000
-0.004501 -0.180835 0.777677 52.000000
0.377745 0.146115 0.780859 50.000000
-0.214109 0.131648 0.782223 51.000000
0.024754 0.340292 0.784951 53.000000
-0.199964 0.102072 0.782678 51.000000
-0.230505 0.071531 0.786315 51.000000
-0.323414 -0.036810 0.785860 50.000000
0.060118 0.333219 0.782223 53.000000
-0.105126 0.139042 0.784496 51.000000
0.220217 0.461814 0.785406 50.000000
-0.090980 0.139042 0.785406 51.000000
0.017682 0.232916 0.785406 50.000000
-0.142096 0.072495 0.785406 51.000000
-0.098374 0.087926 0.782678 51.000000
-0.069119 0.102393 0.784042 51.000000
0.103518 0.260885 0.782678 50.000000
-0.157849 -0.003054 0.785406 51.000000
-0.320842 -0.171834 0.785406 50.000000
0.153670 0.296249 0.782678 53.000000
0.002893 0.131327 0.784042 50.000000
-0.128916 -0.017842 0.785860 50.000000
0.010288 0.109144 0.784496 50.000000
0.140489 0.180835 0.784951 50.000000
0.039221 0.079568 0.782678 50.000000
0.300589 0.323575 0.783132 53.000000
-0.026362 -0.017521 0.783587 52.000000
-0.041150 -0.047741 0.782223 52.000000
0.119593 0.040989 0.783587 50.000000
-0.048866 -0.133899 0.782678 52.000000
0.317627 0.162511 0.784951 50.000000
0.377745 0.160903 0.782678 50.000000
0.099339 -0.120075 0.783132 50.000000
0.349133 0.087283 0.783132 50.000000
0.342060 0.079568 0.785406 50.000000
0.282907 0.021700 0.783132 50.000000
-0.176817 -0.444453 0.786315 50.000000
0.017360 0.332898 0.790861 53.000000
-0.097731 0.204304 0.788588 50.000000
-0.097732 0.189516 0.789043 50.000000
-0.253652 0.033595 0.787679 51.000000
-0.308626 -0.036810 0.787679 50.000000
-0.433362 -0.211055 0.787224 50.000000
0.003215 0.203661 0.789498 50.000000
-0.054652 0.145794 0.790407 50.000000
0.024754 0.181478 0.789498 50.000000
-0.322771 -0.189837 0.790861 50.000000
-0.355241 -0.224236 0.789043 50.000000
0.140168 0.267315 0.789498 50.000000
0.190962 0.288533 0.790861 53.000000
-0.018968 0.049669 0.786770 50.000000
0.264261 0.302035 0.787224 53.000000
0.176495 0.201410 0.789043 50.000000
0.249794 0.273423 0.789952 53.000000
-0.055617 -0.033917 0.788134 50.000000
0.184211 0.179549 0.789498 50.000000
0.324057 0.301392 0.787224 50.000000
0.032470 -0.004340 0.790407 50.000000
0.265225 0.214270 0.790407 50.000000
0.332416 0.191444 0.787224 50.000000
0.179067 0.008519 0.787679 50.000000
0.363600 0.175692 0.787679 50.000000
0.440113 0.188551 0.787224 50.000000
0.276799 0.013020 0.790861 50.000000
-0.120557 -0.380478 0.788588 50.000000
-0.042758 -0.309751 0.789043 50.000000
0.434327 0.150616 0.790861 50.000000
0.343668 0.063172 0.790861 50.000000
-0.068798 0.247383 0.794953 50.000000
-0.105447 0.196588 0.793135 50.000000
-0.308626 -0.007233 0.794953 51.000000
0.068155 0.339971 0.793135 53.000000
-0.398642 -0.128755 0.794044 50.000000
-0.011252 0.247061 0.794953 53.000000
-0.157206 0.085676 0.794044 51.000000
-0.302518 -0.061564 0.794044 50.000000
-0.334345 -0.094034 0.794499 50.000000
0.046615 0.275352 0.795408 53.000000
0.111555 0.252848 0.794044 50.000000
0.147562 0.274066 0.794499 50.000000
-0.099339 0.025880 0.795408 50.000000
-0.159457 -0.035524 0.794499 50.000000
0.235649 0.258635 0.793589 53.000000
0.258153 0.265708 0.794953 53.000000
0.047258 -0.020414 0.794044 52.000000
0.333059 0.249955 0.793135 50.000000
0.355563 0.257027 0.792225 50.000000
0.333059 0.205590 0.791771 50.000000
-0.026683 -0.176656 0.791316 52.000000
0.201571 0.044526 0.795408 50.000000
0.040507 -0.137756 0.793589 52.000000
-0.208644 -0.430629 0.794953 50.000000
0.137274 -0.115574 0.792225 50.000000
-0.148848 0.196267 0.795863 51.000000
-0.127308 0.203661 0.795863 50.000000
-0.255259 0.016557 0.795863 51.000000
0.053367 0.311037 0.798136 53.000000
-0.127951 0.114931 0.799500 51.000000
-0.150134 0.092749 0.798591 51.000000
-0.295123 -0.054170 0.796317 50.000000
-0.273584 -0.077639 0.799500 50.000000
0.046615 0.231630 0.799045 50.000000
-0.011252 0.158974 0.799955 50.000000
0.177138 0.303000 0.797227 53.000000
0.221503 0.331291 0.798136 53.000000
-0.293516 -0.207519 0.797227 50.000000
0.207036 0.287890 0.799045 53.000000
0.214109 0.222307 0.796317 50.000000
0.126987 0.135827 0.797681 50.000000
-0.048544 -0.044204 0.799045 52.000000
-0.055938 -0.051598 0.799500 52.000000
0.129559 -0.077639 0.799045 50.000000
0.152063 -0.085997 0.799500 50.000000
0.063654 -0.196267 0.799045 50.000000
0.450722 0.179871 0.795863 50.000000
-0.098053 0.232273 0.803592 50.000000
-0.398642 -0.098535 0.802682 50.000000
-0.374530 -0.089855 0.803137 50.000000
0.046615 0.318431 0.802228 53.000000
0.075549 0.317788 0.804046 53.000000
0.082943 0.296249 0.803137 53.000000
-0.069441 0.144508 0.801318 50.000000
0.097410 0.295927 0.803592 53.000000
-0.281943 -0.086640 0.803592 50.000000
0.039864 0.150937 0.802228 50.000000
-0.092588 -0.013663 0.802228 50.000000
-0.063011 0.001768 0.800864 50.000000
-0.055617 -0.005626 0.800409 50.000000
-0.131487 -0.115574 0.802682 52.000000
0.178746 0.170869 0.804501 50.000000
0.158171 0.028773 0.803592 50.000000
0.069762 -0.061564 0.802682 52.000000
0.091945 -0.054170 0.803137 50.000000
0.115413 -0.125219 0.801318 50.000000
-0.065583 -0.305572 0.801318 50.000000
0.452330 0.194338 0.804046 50.000000
-0.421467 -0.076353 0.805865 50.000000
0.032149 0.347043 0.806320 53.000000
0.054010 0.354116 0.808593 53.000000
-0.157849 0.113967 0.804956 51.000000
-0.210573 0.061243 0.804956 51.000000
0.010609 0.267636 0.808593 53.000000
0.082943 0.325182 0.804956 53.000000
-0.077156 0.136149 0.807229 51.000000
-0.166208 0.045812 0.806774 51.000000
-0.234684 -0.023308 0.805410 51.000000
-0.197392 -0.015592 0.806774 51.000000
-0.004179 0.165404 0.806320 50.000000
-0.348811 -0.187587 0.807684 50.000000
0.046937 0.158010 0.805410 50.000000
-0.311841 -0.228415 0.808593 50.000000
-0.191927 -0.117503 0.806774 50.000000
0.003215 0.068637 0.806774 50.000000
-0.004179 -0.061564 0.807229 52.000000
0.106733 0.006912 0.805865 50.000000
0.099339 -0.001125 0.807684 50.000000
0.246258 0.116860 0.805865 50.000000
0.314091 0.152545 0.805865 50.000000
0.092588 -0.070887 0.806774 50.000000
0.196106 0.004340 0.807684 50.000000
-0.217324 -0.427093 0.806774 50.000000
0.003536 -0.213948 0.804956 50.000000
0.145311 -0.079889 0.807684 50.000000
0.078442 -0.150616 0.807684 50.000000
0.324057 0.053849 0.806774 50.000000
0.183247 -0.088891 0.806774 50.000000
0.056260 -0.222950 0.804956 50.000000
-0.039864 0.289819 0.809957 53.000000
-0.302196 0.028130 0.810411 51.000000
-0.225683 0.089855 0.813139 51.000000
-0.040186 0.245775 0.813139 53.000000
-0.120878 0.165083 0.811775 51.000000
0.098053 0.353794 0.812685 53.000000
-0.321164 -0.082139 0.811321 50.000000
0.068476 0.295927 0.810411 53.000000
-0.380639 -0.174406 0.813594 50.000000
0.076513 0.259599 0.813594 50.000000
0.069119 0.238060 0.810866 50.000000
-0.332737 -0.171512 0.809957 50.000000
0.010609 0.149973 0.809502 50.000000
-0.145633 -0.054492 0.809957 50.000000
-0.304125 -0.221343 0.813594 50.000000
0.193856 0.228415 0.813139 50.000000
-0.064619 -0.174084 0.810411 52.000000
0.077799 -0.040025 0.810411 52.000000
-0.027005 -0.150616 0.813594 52.000000
0.337559 0.159296 0.809957 50.000000
0.226326 0.048705 0.811321 50.000000
-0.027005 -0.216199 0.812230 52.000000
0.338202 0.143865 0.811775 50.000000
0.010930 -0.207197 0.809502 50.000000
0.093552 -0.151580 0.810866 50.000000
-0.011895 -0.266029 0.809502 50.000000
0.339810 0.067673 0.810866 50.000000
0.486729 0.207519 0.812685 50.000000
0.048866 -0.232916 0.809502 50.000000
-0.255902 0.089212 0.814503 51.000000
-0.400249 -0.085354 0.814049 50.000000
0.061725 0.347043 0.814049 53.000000
-0.033113 0.252848 0.818140 53.000000
-0.411180 -0.127790 0.818140 50.000000
-0.227290 0.028451 0.817686 51.000000
-0.011252 0.201411 0.814958 50.000000
0.083586 0.280817 0.815413 53.000000
0.062047 0.245132 0.815867 50.000000
-0.107698 0.029737 0.814503 50.000000
-0.286443 -0.155438 0.817686 50.000000
0.171995 0.294641 0.817686 53.000000
-0.070405 0.052241 0.815867 50.000000
-0.033756 0.074745 0.817231 50.000000
0.003215 0.036489 0.817686 50.000000
0.298660 0.301071 0.814958 53.000000
0.345275 0.314895 0.818140 50.000000
-0.041793 -0.071530 0.816777 52.000000
0.276477 0.234523 0.814049 50.000000
-0.026362 -0.070887 0.814049 52.000000
0.232112 0.161225 0.814958 50.000000
0.314413 0.241596 0.815413 50.000000
-0.064940 -0.192409 0.816322 52.000000
-0.034399 -0.176013 0.816322 52.000000
0.384496 0.187587 0.814958 50.000000
0.003215 -0.234202 0.815413 50.000000
0.265225 0.008519 0.814049 50.000000
0.049509 -0.218771 0.818140 50.000000
0.010931 -0.259921 0.816777 50.000000
-0.154634 -0.429986 0.817686 50.000000
-0.025719 0.245454 0.819050 53.000000
-0.306375 -0.051920 0.820868 50.000000
-0.084551 0.157046 0.820414 50.000000
-0.084872 0.111716 0.822232 51.000000
0.142739 0.280174 0.820414 50.000000
-0.192248 -0.073459 0.820868 50.000000
0.084551 0.192409 0.822687 50.000000
-0.011573 -0.025880 0.821323 52.000000
0.107376 0.019128 0.820414 50.000000
-0.056903 -0.152866 0.821323 52.000000
0.255259 0.152866 0.818595 50.000000
0.153991 -0.075710 0.821323 50.000000
-0.042758 -0.269244 0.819959 50.000000
-0.074263 -0.338685 0.819050 50.000000
0.072013 -0.194981 0.819959 50.000000
-0.167172 0.088569 0.825869 51.000000
0.069119 0.310073 0.823142 53.000000
-0.099339 0.141614 0.823142 51.000000
0.091623 0.317145 0.824960 53.000000
0.076835 0.288211 0.823142 53.000000
-0.130202 0.050312 0.825869 51.000000
-0.368422 -0.210412 0.824051 50.000000
-0.055617 0.081175 0.824960 50.000000
-0.070405 0.065744 0.826324 50.000000
-0.085837 0.035524 0.824051 50.000000
0.018325 0.126183 0.823596 50.000000
-0.240149 -0.139364 0.824506 50.000000
-0.131487 -0.042275 0.824506 50.000000
-0.003858 0.042918 0.823142 50.000000
0.315377 0.315216 0.823142 53.000000
0.077799 0.019128 0.824051 50.000000
0.256867 0.106251 0.824506 50.000000
-0.034720 -0.194981 0.824051 52.000000
0.101268 -0.083425 0.825415 50.000000
0.229219 -0.015271 0.823142 50.000000
0.418895 0.155117 0.824960 50.000000
0.289980 0.028773 0.826779 50.000000
-0.162993 -0.424843 0.827233 50.000000
0.117342 -0.147722 0.823142 50.000000
-0.163636 -0.442846 0.825869 50.000000
-0.487050 -0.142579 0.829052 50.000000
0.010931 0.339971 0.829052 53.000000
-0.003858 0.266672 0.828143 53.000000
-0.398320 -0.146436 0.829507 50.000000
-0.275834 -0.036810 0.828143 51.000000
-0.099982 0.125540 0.829961 51.000000
-0.077478 0.118467 0.828143 51.000000
-0.385139 -0.196267 0.830871 50.000000
0.025719 0.192087 0.831780 50.000000
0.165565 0.331291 0.829507 53.000000
0.202857 0.308787 0.829961 53.000000
0.107055 0.213627 0.830416 50.000000
-0.071048 0.019450 0.829961 50.000000
0.070727 0.040989 0.829961 50.000000
0.048544 -0.043561 0.829052 52.000000
0.191284 0.023308 0.829961 50.000000
-0.027005 -0.238703 0.829961 50.000000
-0.130202 -0.370833 0.830871 50.000000
0.450722 0.199803 0.829052 50.000000
0.397034 0.131970 0.830871 50.000000
0.419860 0.139364 0.828143 50.000000
0.040507 0.354116 0.835872 53.000000
-0.190319 0.079568 0.832235 51.000000
0.166529 0.404911 0.834053 53.000000
0.121521 0.361189 0.833598 53.000000
-0.033113 0.192409 0.835417 50.000000
0.025719 0.147079 0.834962 50.000000
0.166529 0.286604 0.836326 53.000000
0.294480 0.337399 0.833598 53.000000
0.055617 0.086319 0.835417 50.000000
-0.110269 -0.115574 0.832235 52.000000
0.333702 0.239667 0.835872 50.000000
0.161386 0.038417 0.835872 50.000000
0.168780 0.030380 0.836326 50.000000
0.350419 0.163154 0.836326 50.000000
0.222789 -0.024915 0.833144 50.000000
0.186140 -0.080211 0.835872 50.000000
-0.035363 -0.301071 0.835872 50.000000
-0.066869 -0.335791 0.834508 50.000000
-0.054974 0.274066 0.837236 53.000000
-0.363600 -0.049991 0.839509 50.000000
0.114449 0.338685 0.836781 53.000000
-0.018646 0.206876 0.838600 50.000000
0.026040 0.236131 0.836781 50.000000
0.025719 0.161868 0.836781 50.000000
-0.233077 -0.102715 0.839054 50.000000
-0.131809 -0.013663 0.838145 50.000000
-0.154956 -0.037453 0.839509 50.000000
-0.340453 -0.247383 0.836781 50.000000
0.272298 0.315216 0.839054 53.000000
0.026362 0.008841 0.839964 50.000000
0.318270 0.284675 0.837236 50.000000
-0.126344 -0.166369 0.838600 52.000000
0.168137 0.121682 0.840873 50.000000
-0.095803 -0.149330 0.837236 52.000000
0.288694 0.179871 0.840418 50.000000
0.003536 -0.157367 0.836781 52.000000
0.018968 -0.158653 0.839509 52.000000
0.260403 0.073781 0.839964 50.000000
-0.003858 -0.216199 0.838600 52.000000
-0.180032 -0.430308 0.838145 50.000000
-0.172316 -0.439310 0.838145 50.000000
-0.228897 0.100143 0.844965 51.000000
-0.299303 0.029737 0.844510 51.000000
-0.415037 -0.117503 0.841328 50.000000
-0.145311 0.138721 0.844965 51.000000
-0.198678 0.085997 0.841328 51.000000
-0.316663 -0.033274 0.843601 50.000000
-0.040507 0.228737 0.845419 50.000000
-0.375173 -0.108501 0.844965 50.000000
-0.070727 0.123933 0.844055 51.000000
-0.255581 -0.064136 0.844055 51.000000
-0.370994 -0.198839 0.841782 50.000000
-0.078442 0.085997 0.843146 50.000000
0.033756 0.183407 0.844510 50.000000
-0.101589 0.047419 0.844510 50.000000
0.204786 0.338363 0.844055 53.000000
-0.178103 -0.046455 0.841328 50.000000
0.026040 0.085033 0.844965 50.000000
0.100946 0.145151 0.843601 50.000000
-0.087123 -0.061564 0.842237 50.000000
-0.018968 -0.022343 0.841328 52.000000
0.295766 0.277602 0.841328 50.000000
0.123450 0.106572 0.845419 50.000000
-0.072334 -0.093713 0.841328 52.000000
0.145954 0.114288 0.842237 50.000000
0.033756 0.000804 0.841328 50.000000
0.250758 0.187587 0.842691 50.000000
0.198356 0.136470 0.841782 50.000000
-0.154634 -0.366332 0.841782 50.000000
0.430469 0.176335 0.841782 50.000000
0.284836 0.018485 0.841782 50.000000
0.003858 -0.277281 0.842237 50.000000
-0.473869 -0.129398 0.845874 50.000000
-0.100303 0.213948 0.848602 50.000000
-0.122807 0.191444 0.848147 51.000000
-0.122807 0.176656 0.846783 51.000000
-0.198678 0.100143 0.847693 51.000000
-0.153348 0.130684 0.848602 51.000000
-0.048223 0.221021 0.849511 50.000000
-0.351383 -0.100143 0.848147 50.000000
-0.318913 -0.082461 0.846329 50.000000
-0.287729 -0.081496 0.846329 50.000000
-0.297374 -0.138721 0.846329 50.000000
0.152384 0.301392 0.846329 53.000000
0.063654 0.152223 0.849511 50.000000
-0.133738 -0.095320 0.848147 50.000000
0.319556 0.299463 0.846329 50.000000
-0.151098 -0.194981 0.849511 52.000000
0.297052 0.231952 0.846329 50.000000
0.108983 0.045169 0.847238 50.000000
0.274548 0.194659 0.847693 50.000000
0.072013 -0.040668 0.848147 52.000000
0.147240 0.005626 0.846783 50.000000
0.178103 0.004983 0.847238 50.000000
0.353312 0.131327 0.848602 50.000000
-0.155277 -0.386907 0.847238 50.000000
0.019289 -0.227772 0.846783 50.000000
-0.090980 -0.349615 0.846783 50.000000
-0.047901 0.265708 0.850875 53.000000
-0.077799 0.235809 0.852239 50.000000
-0.168458 0.130362 0.851784 51.000000
0.115735 0.323896 0.854058 53.000000
-0.271977 -0.065744 0.850421 51.000000
0.108341 0.271494 0.854512 50.000000
-0.139846 0.022665 0.851330 51.000000
-0.003536 0.145472 0.850875 50.000000
-0.324379 -0.183729 0.854058 50.000000
-0.324700 -0.200767 0.854058 50.000000
0.160743 0.263457 0.853148 50.000000
0.145633 0.248990 0.851784 50.000000
-0.041472 0.014949 0.850875 50.000000
0.206394 0.203018 0.851784 50.000000
0.176495 0.173120 0.852239 50.000000
0.169744 0.104643 0.854512 50.000000
0.026362 -0.056742 0.853148 52.000000
-0.050152 -0.170548 0.853148 52.000000
0.261046 0.117503 0.854512 50.000000
0.102875 -0.074102 0.853148 50.000000
-0.019611 -0.221021 0.854512 52.000000
0.270369 0.048383 0.852694 50.000000
0.172959 -0.100464 0.854058 50.000000
0.033756 0.331933 0.854967 53.000000
-0.344311 -0.077639 0.858149 50.000000
-0.355563 -0.152545 0.859059 50.000000
0.079085 0.181800 0.857240 50.000000
0.183890 0.255741 0.857695 50.000000
0.034077 0.090498 0.858604 50.000000
0.056581 0.036489 0.856331 50.000000
0.026683 -0.026201 0.858604 52.000000
0.239506 0.094677 0.859059 50.000000
0.140811 -0.020093 0.857695 50.000000
0.050152 -0.180192 0.855422 50.000000
-0.147562 -0.381121 0.855876 50.000000
0.142096 -0.100464 0.858604 50.000000
0.248508 -0.006912 0.854967 50.000000
0.058510 -0.206554 0.858604 50.000000
-0.063011 0.265386 0.861332 50.000000
-0.093231 0.204947 0.863605 50.000000
-0.003215 0.249955 0.859968 53.000000
-0.289658 -0.069280 0.863151 50.000000
-0.018646 0.159296 0.863151 50.000000
-0.033756 0.098535 0.859514 50.000000
-0.088730 -0.147401 0.859968 52.000000
0.315056 0.230666 0.861332 50.000000
0.369708 0.267958 0.859514 50.000000
0.292230 0.193052 0.860423 50.000000
0.133738 -0.028451 0.861787 50.000000
0.126022 -0.036167 0.859514 50.000000
0.118950 -0.060600 0.862241 50.000000
0.233720 -0.007555 0.860877 50.000000
0.195784 -0.046133 0.860423 50.000000
-0.011895 -0.266672 0.862241 50.000000
0.089373 -0.174406 0.862241 50.000000
-0.059153 -0.318431 0.859514 50.000000
0.380639 0.105286 0.862696 50.000000
0.127951 -0.149973 0.860423 50.000000
0.041472 0.339006 0.865879 53.000000
0.041472 0.324218 0.865424 53.000000
-0.033434 0.234523 0.867697 50.000000
-0.209287 0.042597 0.867242 51.000000
-0.025719 0.181800 0.864515 50.000000
-0.125058 0.035524 0.866333 51.000000
-0.110591 -0.011734 0.868152 50.000000
0.102232 0.172798 0.867242 50.000000
-0.064619 0.004662 0.865879 50.000000
0.178103 0.156724 0.864969 50.000000
0.269726 0.185336 0.865424 50.000000
0.088087 -0.044526 0.864515 50.000000
-0.115735 -0.366654 0.866333 50.000000
0.073942 -0.192409 0.866788 50.000000
0.227933 -0.048705 0.867697 50.000000
-0.185818 0.096928 0.870425 51.000000
-0.225040 0.042275 0.869061 51.000000
-0.272941 -0.021700 0.868607 51.000000
0.094195 0.285640 0.871789 50.000000
0.087122 0.233559 0.870880 50.000000
0.003858 0.135506 0.868607 50.000000
0.034399 0.149973 0.871334 50.000000
0.193213 0.247061 0.871334 50.000000
-0.080050 -0.028130 0.869061 50.000000
0.018968 0.011091 0.869516 50.000000
0.363278 0.305893 0.869061 50.000000
0.087765 0.033595 0.871334 50.000000
0.065261 -0.037775 0.872698 52.000000
0.057867 -0.076674 0.868607 52.000000
0.104161 -0.062529 0.871334 50.000000
0.004179 -0.184372 0.871789 52.000000
0.310876 0.113967 0.871334 50.000000
0.256867 0.061243 0.869516 50.000000
0.181318 -0.063815 0.869970 50.000000
0.181961 -0.079889 0.869061 50.000000
-0.003858 -0.279210 0.872244 50.000000
0.004501 0.302035 0.873153 53.000000
-0.170709 0.096606 0.874517 51.000000
0.042115 0.248347 0.876790 50.000000
0.200928 0.269565 0.874517 50.000000
0.080371 0.071852 0.877245 50.000000
0.118307 0.094999 0.873607 50.000000
-0.128916 -0.194016 0.874972 52.000000
0.371958 0.297856 0.873607 50.000000
0.340453 0.267636 0.874062 50.000000
0.134381 0.000482 0.874517 50.000000
0.042758 -0.094356 0.874517 52.000000
0.381281 0.228094 0.876790 50.000000
0.302839 0.137435 0.873153 50.000000
0.389962 0.173763 0.875426 50.000000
0.366493 0.135506 0.874972 50.000000
-0.099660 -0.333219 0.874972 50.000000
0.297374 0.051598 0.874517 50.000000
0.097731 -0.153831 0.876335 50.000000
-0.067512 -0.315216 0.875881 50.000000
0.174566 -0.089212 0.874517 50.000000
0.004179 -0.271816 0.876790 50.000000
0.352669 0.072816 0.877245 50.000000
0.113484 -0.170226 0.874517 50.000000
0.094838 0.360867 0.878609 53.000000
0.011895 0.000804 0.881337 52.000000
0.210251 0.139364 0.877699 50.000000
-0.050473 -0.194659 0.879063 52.000000
0.119914 -0.032631 0.881791 50.000000
0.112198 -0.056421 0.879973 50.000000
0.189033 0.006269 0.879063 50.000000
0.043400 -0.178585 0.879518 50.000000
0.352026 0.119753 0.879973 50.000000
-0.003536 -0.246740 0.879973 50.000000
-0.091945 -0.343507 0.878609 50.000000
0.344632 0.080854 0.877699 50.000000
0.267476 0.003697 0.880427 50.000000
0.432076 0.164440 0.881337 50.000000
0.105769 -0.163154 0.879518 50.000000
0.019611 0.316502 0.883155 53.000000
-0.347204 -0.050955 0.883155 50.000000
-0.290301 -0.008841 0.882700 51.000000
0.011895 0.125540 0.885883 50.000000
-0.049509 0.048062 0.885883 50.000000
-0.011252 0.040025 0.884974 50.000000
-0.057546 -0.039060 0.884519 50.000000
0.334666 0.321003 0.884064 50.000000
0.195463 0.154152 0.884519 50.000000
0.011895 -0.047419 0.882700 52.000000
0.299303 0.033595 0.885883 50.000000
0.481906 0.209769 0.885428 50.000000
0.012216 -0.265065 0.882246 50.000000
0.307661 0.025237 0.885883 50.000000
0.253009 -0.028773 0.884064 50.000000
-0.043722 -0.327433 0.883610 50.000000
-0.186461 0.141293 0.887702 51.000000
-0.210573 0.101750 0.889520 51.000000
-0.141132 0.094677 0.888156 51.000000
0.087765 0.308144 0.887247 53.000000
0.202214 0.330005 0.887247 53.000000
0.187104 0.314895 0.888611 53.000000
-0.026362 -0.024594 0.890884 52.000000
0.351705 0.289819 0.889066 50.000000
-0.081979 -0.146437 0.886792 52.000000
0.335952 0.197553 0.887247 50.000000
-0.003536 -0.197874 0.888611 52.000000
0.244329 0.042918 0.889520 50.000000
0.260403 0.010770 0.887702 50.000000
0.457795 0.186301 0.887702 50.000000
0.269083 -0.013985 0.887247 50.000000
0.246258 -0.037453 0.889066 50.000000
-0.150777 -0.431272 0.887247 50.000000
-0.210573 0.117181 0.891339 51.000000
-0.252366 -0.002411 0.894976 51.000000
-0.420824 -0.190158 0.891339 50.000000
-0.326950 -0.110430 0.893157 50.000000
-0.087444 0.117503 0.891793 51.000000
0.035042 0.101107 0.893612 50.000000
0.157206 0.207840 0.892703 50.000000
0.218931 0.268279 0.894521 50.000000
0.257831 0.198517 0.891793 50.000000
0.219574 0.144829 0.892703 50.000000
0.011895 -0.066065 0.893612 52.000000
-0.035042 -0.131648 0.894521 52.000000
0.298338 0.127147 0.892703 50.000000
0.244650 0.058028 0.892248 50.000000
0.199964 -0.070245 0.894976 50.000000
-0.126022 -0.405875 0.895431 50.000000
-0.227612 0.084711 0.899977 51.000000
-0.040829 0.255420 0.896795 53.000000
-0.180353 0.116538 0.897704 51.000000
-0.087122 0.194338 0.896795 50.000000
0.142096 0.360546 0.899068 53.000000
0.004501 0.209448 0.895885 50.000000
-0.174245 -0.002733 0.899523 51.000000
0.073299 0.216520 0.896340 50.000000
-0.366172 -0.233880 0.900432 50.000000
0.050473 0.131327 0.898159 50.000000
-0.104483 -0.026201 0.899977 50.000000
0.042758 0.045169 0.898613 50.000000
0.369065 0.258313 0.895885 50.000000
0.275191 0.135506 0.897249 50.000000
-0.003536 -0.183086 0.895885 52.000000
0.012216 -0.184050 0.899523 52.000000
-0.051438 -0.287569 0.897704 50.000000
0.083265 -0.159939 0.899977 50.000000
0.460045 0.201410 0.898613 50.000000
0.379674 0.108823 0.896340 50.000000
-0.142418 -0.407482 0.898613 50.000000
0.372280 0.100786 0.899068 50.000000
0.114770 -0.160582 0.899523 50.000000
0.020575 -0.262493 0.900432 50.000000
-0.211537 0.131648 0.901341 51.000000
-0.259117 0.084068 0.900887 51.000000
-0.299303 0.043883 0.900887 51.000000
-0.421789 -0.175692 0.901341 50.000000
-0.056581 0.177942 0.904069 50.000000
0.204465 0.314252 0.904069 53.000000
-0.080693 0.013663 0.901796 50.000000
0.180996 0.260564 0.902250 50.000000
0.283550 0.173441 0.904069 50.000000
0.237578 0.112038 0.904069 50.000000
0.284193 0.126504 0.902705 50.000000
-0.011252 -0.228094 0.903160 52.000000
0.348168 0.124897 0.903160 50.000000
0.215717 -0.022986 0.901341 50.000000
0.177138 -0.079568 0.903614 50.000000
0.453294 0.177299 0.902250 50.000000
-0.010609 0.315859 0.907706 53.000000
-0.204143 0.107537 0.905888 51.000000
-0.072013 0.208805 0.908161 50.000000
0.081014 0.345757 0.906797 53.000000
-0.064619 0.169905 0.907252 50.000000
-0.003215 0.215877 0.909525 50.000000
-0.313770 -0.130684 0.907252 50.000000
0.165886 0.321967 0.907706 53.000000
0.050795 0.098857 0.906342 50.000000
0.260403 0.212662 0.908616 50.000000
0.323093 0.258635 0.907252 50.000000
0.059153 -0.004662 0.907252 50.000000
-0.003536 -0.068637 0.906342 52.000000
-0.090980 -0.177942 0.909070 52.000000
0.043722 -0.070245 0.909525 52.000000
0.237578 0.095963 0.905433 50.000000
0.379996 0.233880 0.909070 50.000000
0.262975 0.023629 0.905433 50.000000
0.020575 -0.229701 0.908161 50.000000
-0.142739 -0.392373 0.906797 50.000000
-0.220860 0.090820 0.911343 51.000000
0.035685 0.300428 0.913162 53.000000
-0.079728 0.185015 0.912707 50.000000
-0.157849 0.106894 0.910434 51.000000
-0.376459 -0.229380 0.912707 50.000000
0.043079 0.184372 0.913162 50.000000
-0.307661 -0.174084 0.911343 50.000000
0.244329 0.275031 0.910434 50.000000
0.299946 0.250919 0.909980 50.000000
0.340131 0.257670 0.912253 50.000000
0.325986 0.116217 0.911798 50.000000
0.122486 -0.087926 0.909980 50.000000
0.430469 0.169262 0.909980 50.000000
-0.169101 -0.441881 0.910889 50.000000
-0.413109 -0.118789 0.914526 50.000000
0.089373 0.338042 0.917254 53.000000
-0.262975 -0.014949 0.915435 51.000000
-0.408286 -0.179549 0.916799 50.000000
-0.305411 -0.090177 0.916345 50.000000
0.035363 0.192087 0.914071 50.000000
0.020254 0.176335 0.916799 50.000000
-0.168458 -0.047098 0.918618 50.000000
-0.302518 -0.219092 0.917708 50.000000
0.268440 0.328719 0.914071 53.000000
-0.026683 0.034881 0.914981 50.000000
0.221503 0.251562 0.914981 50.000000
0.245615 0.212019 0.917708 50.000000
0.316341 0.266029 0.914071 50.000000
0.004501 -0.062529 0.915435 52.000000
-0.011252 -0.267315 0.916345 50.000000
-0.169101 -0.424521 0.915435 50.000000
-0.060439 -0.320360 0.914526 50.000000
0.068798 -0.198839 0.917708 50.000000
-0.109948 -0.376298 0.915890 50.000000
-0.205108 0.152866 0.922255 51.000000
-0.049187 0.246418 0.920436 50.000000
0.089694 0.353152 0.921800 53.000000
-0.444293 -0.200125 0.921800 50.000000
0.135988 0.353152 0.919527 53.000000
-0.418895 -0.207519 0.920891 50.000000
-0.162672 -0.155760 0.919527 52.000000
0.043722 0.024915 0.922255 50.000000
0.358456 0.209769 0.920891 50.000000
0.169744 -0.009162 0.920436 50.000000
0.375173 0.177621 0.921800 50.000000
-0.035363 -0.259278 0.919073 50.000000
-0.168780 -0.407482 0.920436 50.000000
-0.085194 -0.350258 0.920436 50.000000
0.265547 -0.011734 0.919527 50.000000
-0.221825 0.120718 0.924983 51.000000
-0.080050 0.214913 0.926801 50.000000
-0.182604 0.096928 0.924983 51.000000
0.113163 0.360546 0.923619 53.000000
-0.368422 -0.188551 0.924983 50.000000
-0.200607 -0.048384 0.923164 50.000000
-0.362314 -0.233237 0.927711 50.000000
0.215074 0.258635 0.926347 50.000000
0.074906 0.104322 0.924528 50.000000
0.044043 0.072173 0.927711 50.000000
-0.115413 -0.190801 0.923164 52.000000
0.178424 -0.002411 0.925892 50.000000
0.385139 0.136792 0.926347 50.000000
0.258474 -0.004662 0.926801 50.000000
-0.127308 -0.399445 0.926347 50.000000
0.426289 0.143865 0.925892 50.000000
0.314091 0.034881 0.924074 50.000000
0.012538 0.214270 0.929529 50.000000
0.051438 0.174727 0.930439 50.000000
-0.219253 -0.133899 0.929075 50.000000
0.004822 0.000161 0.929075 52.000000
0.184854 0.133899 0.928165 50.000000
0.216681 0.116860 0.929984 50.000000
0.248830 0.100143 0.929529 50.000000
0.092266 -0.075710 0.931803 50.000000
-0.102232 -0.372441 0.929984 50.000000
0.012859 -0.262493 0.928165 50.000000
0.298660 0.018164 0.929075 50.000000
0.020575 0.345757 0.935440 53.000000
-0.451365 -0.125540 0.935440 50.000000
0.082300 0.298821 0.933621 50.000000
0.113484 0.298499 0.934076 50.000000
-0.089373 0.079568 0.936349 51.000000
-0.361671 -0.199160 0.932712 50.000000
0.144990 0.282425 0.936349 50.000000
0.036006 0.127147 0.932712 50.000000
0.200285 0.227129 0.935440 50.000000
0.279692 0.273102 0.934531 53.000000
0.351705 0.311680 0.932257 50.000000
0.233398 0.100143 0.933167 50.000000
-0.052081 -0.246418 0.934531 52.000000
0.259439 0.009805 0.935894 50.000000
0.053367 -0.220700 0.934531 50.000000
0.291266 0.009484 0.933167 50.000000
0.005465 0.330648 0.940896 53.000000
-0.002572 0.307179 0.938168 53.000000
-0.096767 0.166690 0.939077 51.000000
-0.413430 -0.203339 0.938622 50.000000
0.216360 0.242561 0.936804 50.000000
0.386104 0.311358 0.940441 50.000000
0.320521 0.232916 0.936804 50.000000
0.369708 0.248026 0.937713 50.000000
0.265547 0.130362 0.940441 50.000000
0.345597 0.208483 0.940441 50.000000
-0.043722 -0.239346 0.939986 52.000000
0.148848 -0.104001 0.939532 50.000000
-0.019611 -0.284032 0.939986 50.000000
0.061404 -0.213305 0.937258 50.000000
0.106733 0.337399 0.944533 53.000000
-0.242078 -0.012056 0.944987 51.000000
-0.129559 0.005305 0.944987 50.000000
0.185176 0.305250 0.942259 50.000000
0.193534 0.234523 0.944533 50.000000
0.044686 -0.060921 0.942714 52.000000
0.234684 0.114931 0.943624 50.000000
0.100303 -0.020736 0.944987 50.000000
0.061725 -0.198196 0.944987 50.000000
0.422110 0.149973 0.944987 50.000000
-0.300589 -0.055135 0.947715 50.000000
-0.341096 -0.247383 0.947715 50.000000
0.338524 0.263779 0.948170 50.000000
-0.059796 -0.205911 0.946351 52.000000
0.276799 0.040025 0.948170 50.000000
-0.179710 -0.428701 0.948624 50.000000
0.301553 0.047419 0.949079 50.000000
0.037614 -0.224236 0.946806 50.000000
0.389640 0.118146 0.946351 50.000000
0.037935 -0.243204 0.949989 50.000000
-0.283550 -0.005947 0.953626 51.000000
-0.421467 -0.145151 0.950443 50.000000
-0.449436 -0.190480 0.950443 50.000000
-0.034077 0.165083 0.951807 50.000000
0.162350 0.360224 0.951352 53.000000
-0.358778 -0.249633 0.951807 50.000000
0.217646 0.273423 0.950443 50.000000
0.306054 0.311680 0.950443 53.000000
0.274227 0.216842 0.950443 50.000000
0.195784 0.106251 0.953171 50.000000
-0.084229 -0.199482 0.954080 52.000000
0.315377 0.176335 0.951352 50.000000
0.037292 -0.121682 0.951807 52.000000
0.374209 0.134220 0.953626 50.000000
0.349776 0.110430 0.953626 50.000000
0.173924 -0.065422 0.952716 50.000000
0.029577 -0.216842 0.950443 50.000000
0.302196 0.030702 0.951352 50.000000
0.202857 0.447025 0.955444 53.000000
-0.002250 0.227772 0.959082 50.000000
0.146919 0.313287 0.956808 50.000000
0.139203 0.289497 0.956808 50.000000
-0.035042 -0.046776 0.958627 52.000000
0.029255 -0.064136 0.958627 52.000000
-0.043400 -0.139364 0.955899 52.000000
0.259760 0.120718 0.954990 50.000000
0.381603 0.238703 0.957263 50.000000
0.142418 -0.099500 0.957263 50.000000
-0.119914 -0.382407 0.955444 50.000000
0.198999 -0.075710 0.957263 50.000000
-0.201250 0.123933 0.963173 51.000000
-0.049830 0.227772 0.960445 50.000000
-0.081336 0.196267 0.960900 50.000000
0.021218 0.091784 0.960445 50.000000
0.251401 0.320039 0.962719 53.000000
0.366493 0.222307 0.962719 50.000000
-0.186461 -0.347365 0.959991 50.000000
-0.010931 -0.263779 0.960445 50.000000
-0.137596 -0.403946 0.960900 50.000000
0.319878 0.044526 0.963173 50.000000
0.434648 0.156081 0.963173 50.000000
-0.286122 -0.025879 0.968175 51.000000
-0.018003 0.227451 0.966356 50.000000
-0.345597 -0.289819 0.965901 50.000000
-0.067190 -0.048705 0.967720 50.000000
-0.051438 -0.099178 0.967265 52.000000
0.325986 0.214591 0.967265 50.000000
0.302839 0.109787 0.968175 50.000000
0.294802 0.101750 0.968175 50.000000
0.134702 -0.075710 0.964537 50.000000
0.151098 -0.076674 0.966356 50.000000
0.135345 -0.127147 0.964992 50.000000
-0.185497 0.155760 0.968629 51.000000
0.164279 0.312644 0.969538 50.000000
0.013181 0.065744 0.970902 50.000000
0.164922 0.153188 0.969538 50.000000
0.367136 0.254456 0.968629 50.000000
0.230183 0.119432 0.972721 50.000000
-0.085194 -0.222307 0.972266 52.000000
-0.044365 -0.267636 0.972266 50.000000
0.167494 -0.060921 0.971357 50.000000
0.191605 -0.052884 0.968629 50.000000
0.353312 0.092105 0.969993 50.000000
0.296731 0.036167 0.969538 50.000000
0.288694 0.011413 0.969084 50.000000
-0.036328 -0.312323 0.969538 50.000000
-0.057867 0.186944 0.974994 50.000000
0.013502 0.194659 0.974085 50.000000
0.277763 0.279531 0.976358 50.000000
0.360706 0.197231 0.975904 50.000000
0.394784 0.163797 0.974994 50.000000
0.312805 0.083747 0.975904 50.000000
0.013502 -0.223914 0.975904 52.000000
0.192570 -0.071209 0.975449 50.000000
-0.190962 -0.450240 0.977268 50.000000
0.144668 -0.139042 0.977268 50.000000
-0.319556 0.021700 0.981359 51.000000
-0.195142 0.097249 0.981359 51.000000
-0.393819 -0.169583 0.979541 50.000000
-0.388676 -0.232595 0.981359 50.000000
0.180996 0.312001 0.980905 50.000000
0.085515 0.071852 0.979995 50.000000
-0.010931 -0.076674 0.979086 52.000000
0.222146 0.142900 0.979086 50.000000
0.321164 0.108180 0.978632 50.000000
-0.044365 -0.287569 0.977722 50.000000
0.257831 -0.006590 0.981359 50.000000
0.030220 -0.242561 0.977722 50.000000
0.225683 -0.056099 0.979086 50.000000
0.177460 -0.106251 0.981814 50.000000
-0.010609 0.121039 0.984997 50.000000
-0.357492 -0.287569 0.985906 50.000000
0.197713 0.215556 0.984997 50.000000
-0.117021 -0.103036 0.982723 52.000000
0.078442 -0.003376 0.986360 50.000000
0.070727 -0.078603 0.982723 52.000000
0.290301 0.058671 0.985906 50.000000
0.298660 0.050312 0.983633 50.000000
0.038578 -0.218128 0.984542 50.000000
-0.036328 -0.299463 0.985906 50.000000
0.347847 0.081496 0.984997 50.000000
-0.244972 0.095642 0.989088 51.000000
-0.432076 -0.209769 0.989998 50.000000
0.206715 0.255420 0.990452 50.000000
0.329522 0.310715 0.990907 50.000000
0.263939 0.230344 0.990907 50.000000
-0.077478 -0.219092 0.990452 52.000000
-0.053045 -0.301392 0.990907 50.000000
-0.147562 -0.404911 0.988634 50.000000
0.332094 0.065101 0.988179 50.000000
-0.304447 0.052884 0.995453 51.000000
-0.114770 0.193695 0.993180 51.000000
-0.204465 0.104000 0.994090 51.000000
-0.074263 0.169262 0.991362 50.000000
-0.133738 -0.088891 0.995453 50.000000
0.110912 0.044526 0.995453 50.000000
0.161064 -0.057064 0.992271 50.000000
0.005787 -0.256706 0.994090 50.000000
0.161707 -0.108501 0.991816 50.000000
0.449436 0.177299 0.991816 50.000000
-0.130845 -0.406197 0.991816 50.000000
-0.027969 -0.311037 0.992271 50.000000
-0.228897 0.127790 0.996363 51.000000
-0.018325 0.257349 0.996817 50.000000
0.151098 0.183086 0.998636 50.000000
-0.068155 -0.106894 0.999545 52.000000
0.186140 -0.066708 0.995908 50.000000
0.080371 -0.195624 0.998181 50.000000
-0.087444 -0.360867 1.000000 50.000000
0.047580 -0.231630 0.999545 50.000000
