0.826170 -0.468004 -0.521968 50.000000
0.175740 -0.450812 -0.522923 51.000000
-0.408787 -0.431710 -0.521012 50.000000
-0.282713 -0.360076 -0.522923 53.000000
0.873926 -0.313276 -0.522923 50.000000
-0.026743 -0.250239 -0.520057 51.000000
0.185291 0.406877 -0.519102 50.000000
1.000000 0.426934 -0.521968 50.000000
0.032474 0.441261 -0.517192 50.000000
0.660936 0.439351 -0.520057 50.000000
-0.158548 0.454632 -0.520057 50.000000
-0.945559 0.463228 -0.521012 50.000000
-0.888252 0.460363 -0.521012 50.000000
0.408787 0.460363 -0.521968 50.000000
0.708691 0.465138 -0.517192 50.000000
0.911175 0.462273 -0.519102 50.000000
-0.680993 0.475645 -0.518147 50.000000
0.328558 0.475645 -0.523878 50.000000
0.161414 -0.211079 -0.516237 51.000000
-0.604585 -0.048711 -0.516237 53.000000
-0.825215 0.086915 -0.512417 50.000000
-0.197708 0.355301 -0.511461 50.000000
-0.289398 0.435530 -0.509551 50.000000
0.287488 0.434575 -0.514327 50.000000
-0.927412 0.444126 -0.514327 50.000000
0.538682 0.474690 -0.508596 50.000000
0.952245 -0.349570 -0.499045 50.000000
-0.659026 -0.339064 -0.500955 50.000000
0.706781 -0.295129 -0.500955 50.000000
0.162369 -0.265521 -0.505731 51.000000
0.278892 -0.263610 -0.500000 51.000000
0.182426 -0.247373 -0.503821 51.000000
0.182426 -0.228271 -0.506686 51.000000
0.092646 -0.061127 -0.498090 52.000000
-0.313276 0.123209 -0.500000 50.000000
0.775549 0.431710 -0.504776 50.000000
0.603629 0.440306 -0.498090 50.000000
0.988539 0.453677 -0.499045 50.000000
0.017192 0.467049 -0.498090 50.000000
-0.382999 0.476600 -0.504776 50.000000
0.132760 0.469914 -0.504776 50.000000
0.152818 0.470869 -0.504776 50.000000
-0.569246 -0.411652 -0.494270 50.000000
-0.824260 -0.319007 -0.492359 50.000000
0.243553 -0.244508 -0.488539 51.000000
-0.714422 -0.118434 -0.497135 53.000000
-0.568290 0.066858 -0.497135 50.000000
0.648520 0.425024 -0.489494 50.000000
0.691499 0.427889 -0.492359 50.000000
0.212989 0.437440 -0.491404 50.000000
-0.002865 0.447947 -0.491404 50.000000
0.056351 0.450812 -0.488539 50.000000
0.921681 0.449857 -0.488539 50.000000
-0.758357 0.464183 -0.495225 50.000000
-0.644699 0.463228 -0.488539 50.000000
-0.116523 0.466094 -0.488539 50.000000
0.693410 0.468959 -0.497135 50.000000
-0.733524 -0.410697 -0.482808 50.000000
-0.733524 -0.356256 -0.484718 50.000000
0.482330 -0.259790 -0.485673 51.000000
-0.203438 -0.025788 -0.486629 50.000000
-0.350525 -0.007641 -0.486629 50.000000
0.271251 0.002865 -0.485673 52.000000
-0.569246 0.013372 -0.480898 50.000000
-0.944604 0.271251 -0.484718 50.000000
0.357211 0.447947 -0.481853 50.000000
-0.588348 0.464183 -0.482808 50.000000
-0.325693 0.464183 -0.480898 50.000000
-0.134671 0.467049 -0.481853 50.000000
0.078319 0.475645 -0.479943 50.000000
-0.370583 -0.283668 -0.471347 53.000000
0.075454 -0.170965 -0.474212 50.000000
-0.257880 -0.042025 -0.472302 50.000000
-0.588348 0.110793 -0.469437 50.000000
-0.625597 0.148997 -0.472302 50.000000
-0.118434 0.366762 -0.478033 50.000000
0.520535 0.397326 -0.478033 50.000000
0.829991 0.402101 -0.473257 50.000000
-0.325693 0.424069 -0.478033 50.000000
0.609360 0.425979 -0.473257 50.000000
0.482330 0.437440 -0.475167 50.000000
0.196753 0.460363 -0.478033 50.000000
-0.606495 -0.245463 -0.461796 50.000000
-0.369628 -0.228271 -0.467526 53.000000
0.287488 -0.223496 -0.468482 51.000000
-0.404967 -0.021968 -0.459886 50.000000
-0.347660 0.129895 -0.462751 50.000000
0.204394 0.161414 -0.460841 50.000000
-0.269341 0.367717 -0.463706 50.000000
0.610315 0.406877 -0.465616 50.000000
0.858644 0.407832 -0.459886 50.000000
0.078319 0.418338 -0.460841 50.000000
0.656160 0.412607 -0.459886 50.000000
-0.382044 0.426934 -0.468482 50.000000
-0.702961 0.449857 -0.468482 50.000000
-0.305635 0.449857 -0.459886 50.000000
0.080229 0.459408 -0.463706 50.000000
-0.056352 0.473734 -0.468482 50.000000
0.887297 0.474690 -0.464661 50.000000
0.550143 -0.410697 -0.456065 50.000000
0.307545 -0.336199 -0.457020 51.000000
0.449857 -0.315186 -0.453200 51.000000
0.409742 -0.258835 -0.456065 51.000000
0.638013 0.433620 -0.454155 50.000000
-0.876791 0.459408 -0.454155 50.000000
0.404967 0.458453 -0.456065 50.000000
0.324737 0.475645 -0.451290 50.000000
0.152818 -0.448902 -0.442693 51.000000
-0.425024 -0.392550 -0.449379 53.000000
0.152818 -0.392550 -0.445559 51.000000
0.974212 -0.366762 -0.449379 50.000000
-0.369628 -0.244508 -0.446514 53.000000
-0.202483 -0.170010 -0.447469 50.000000
-0.013372 -0.074499 -0.448424 52.000000
0.184336 0.084050 -0.448424 52.000000
-0.192932 0.333333 -0.445559 50.000000
-0.247373 0.435530 -0.442693 50.000000
-0.016237 0.439351 -0.448424 50.000000
0.730659 0.443171 -0.445559 50.000000
0.752627 0.445081 -0.446514 50.000000
-0.092646 0.460363 -0.440783 50.000000
-0.015282 0.460363 -0.449379 50.000000
-0.532951 0.474690 -0.445559 50.000000
0.183381 0.469914 -0.445559 50.000000
0.558739 0.473734 -0.442693 50.000000
-0.296084 -0.299905 -0.438873 53.000000
0.003820 -0.242598 -0.436963 51.000000
-0.015282 -0.224451 -0.439828 51.000000
-0.737345 -0.204394 -0.432187 50.000000
0.101242 -0.203438 -0.432187 51.000000
0.295129 -0.201528 -0.438873 50.000000
-0.607450 -0.168099 -0.434098 53.000000
-0.024833 0.140401 -0.433142 50.000000
-0.459408 0.174785 -0.434098 50.000000
-0.383954 0.173830 -0.439828 50.000000
-0.170965 0.437440 -0.439828 50.000000
-0.476600 0.457498 -0.435053 50.000000
0.535817 0.450812 -0.439828 50.000000
-0.072588 0.462273 -0.434098 50.000000
0.389685 0.463228 -0.436008 50.000000
0.334288 -0.391595 -0.427412 51.000000
0.120344 -0.278892 -0.424547 51.000000
0.177650 -0.278892 -0.428367 51.000000
-0.553009 -0.223496 -0.424547 53.000000
0.587393 -0.193887 -0.422636 50.000000
0.028653 -0.089780 -0.421681 52.000000
0.112703 0.164279 -0.428367 52.000000
0.733524 0.384909 -0.422636 50.000000
0.941738 0.402101 -0.426457 50.000000
0.645654 0.419293 -0.428367 50.000000
-0.841452 0.425979 -0.422636 50.000000
0.807068 0.434575 -0.421681 50.000000
-0.628462 0.441261 -0.423591 50.000000
-0.938873 0.450812 -0.423591 50.000000
0.207259 0.455587 -0.424547 50.000000
-0.051576 0.466094 -0.423591 50.000000
0.671442 0.465138 -0.427412 50.000000
-0.841452 0.468004 -0.422636 50.000000
0.519580 0.474690 -0.429322 50.000000
0.996180 0.471824 -0.430277 50.000000
0.178606 -0.447947 -0.412130 51.000000
-0.443171 -0.409742 -0.419771 50.000000
-0.461318 -0.242598 -0.416906 53.000000
0.122254 -0.239733 -0.415951 51.000000
0.655205 -0.171920 -0.415951 50.000000
-0.758357 -0.051576 -0.420726 53.000000
-0.310411 -0.034384 -0.416906 50.000000
0.110793 0.029608 -0.413085 52.000000
-0.702961 0.083095 -0.415951 50.000000
-0.421203 0.198663 -0.417861 50.000000
-0.039160 0.223496 -0.414995 50.000000
-0.032474 0.426934 -0.417861 50.000000
-0.686724 0.444126 -0.415951 50.000000
-0.128940 0.446036 -0.415951 50.000000
0.066858 0.451767 -0.417861 50.000000
0.127985 0.454632 -0.415951 50.000000
-0.361032 0.462273 -0.419771 50.000000
0.331423 0.464183 -0.418816 50.000000
-0.553964 -0.427889 -0.405444 50.000000
0.740210 -0.308500 -0.411175 50.000000
-0.105062 -0.221586 -0.404489 51.000000
-0.312321 -0.203438 -0.405444 53.000000
0.551098 -0.154728 -0.407354 50.000000
-0.310411 -0.089780 -0.405444 50.000000
-0.007641 -0.087870 -0.405444 52.000000
-0.590258 -0.070678 -0.406399 53.000000
-0.571156 -0.032474 -0.406399 53.000000
0.229226 0.013372 -0.407354 52.000000
-0.514804 0.063037 -0.408309 50.000000
0.074499 0.127030 -0.410220 52.000000
0.860554 0.444126 -0.404489 50.000000
0.375358 0.449857 -0.404489 50.000000
0.169054 0.458453 -0.410220 50.000000
0.790831 0.458453 -0.408309 50.000000
0.030563 0.475645 -0.402579 50.000000
0.441261 0.476600 -0.402579 50.000000
-0.162369 -0.278892 -0.400669 50.000000
-0.404967 -0.258835 -0.393028 53.000000
-0.702961 -0.238777 -0.398758 50.000000
-0.104107 -0.201528 -0.393028 50.000000
0.426934 -0.175740 -0.399714 50.000000
-0.326648 0.104107 -0.396848 50.000000
0.543458 0.398281 -0.398758 50.000000
-0.341929 0.425979 -0.398758 50.000000
0.376313 0.431710 -0.394938 50.000000
-0.494747 0.446991 -0.399714 50.000000
-0.341929 0.446991 -0.400669 50.000000
0.613181 0.446036 -0.398758 50.000000
-0.765998 0.452722 -0.395893 50.000000
-0.107927 0.450812 -0.398758 50.000000
-0.380134 0.467049 -0.401624 50.000000
-0.533906 0.469914 -0.394938 50.000000
-0.263610 0.468959 -0.398758 50.000000
0.486151 -0.408787 -0.392073 51.000000
-0.610315 -0.389685 -0.387297 50.000000
-0.066858 -0.390640 -0.383477 51.000000
0.085960 -0.371538 -0.389207 51.000000
-0.217765 -0.277937 -0.388252 50.000000
0.305635 -0.235912 -0.392073 51.000000
0.011461 -0.181471 -0.390163 50.000000
0.234957 0.056351 -0.388252 52.000000
0.098376 0.112703 -0.387297 52.000000
-0.762178 0.148042 -0.392073 50.000000
0.000955 0.148997 -0.391118 50.000000
-0.704871 0.186246 -0.392073 50.000000
0.925501 0.321872 -0.388252 50.000000
-0.727794 0.453677 -0.388252 50.000000
-0.630373 0.473734 -0.386342 50.000000
0.847183 0.469914 -0.383477 50.000000
-0.348615 -0.219675 -0.375836 53.000000
-0.423114 -0.201528 -0.382522 53.000000
0.273161 -0.040115 -0.382522 52.000000
-0.496657 -0.028653 -0.382522 53.000000
-0.251194 0.030564 -0.375836 50.000000
0.137536 0.036294 -0.374881 52.000000
-0.402101 0.127985 -0.373926 50.000000
0.987584 0.417383 -0.377746 50.000000
-0.066858 0.437440 -0.377746 50.000000
-0.885387 0.440306 -0.378701 50.000000
0.052531 0.440306 -0.380611 50.000000
0.094556 0.464183 -0.375836 50.000000
-0.065903 -0.427889 -0.372015 51.000000
-0.198663 -0.408787 -0.368195 50.000000
-0.084050 -0.408787 -0.365330 51.000000
-0.347660 -0.181471 -0.369150 53.000000
0.670487 -0.148042 -0.372970 50.000000
-0.099331 -0.103152 -0.364374 52.000000
0.113658 -0.101242 -0.372970 52.000000
-0.365807 -0.065903 -0.369150 50.000000
-0.289398 -0.065903 -0.370105 50.000000
0.297039 -0.057307 -0.364374 52.000000
-0.015282 0.192932 -0.372015 50.000000
-0.787011 0.378223 -0.364374 50.000000
0.682904 0.393505 -0.372970 50.000000
-0.708692 0.416428 -0.371060 50.000000
0.577841 0.451767 -0.368195 50.000000
-0.064948 0.461318 -0.367240 50.000000
0.251194 -0.273161 -0.360554 51.000000
-0.497612 -0.236867 -0.361509 53.000000
0.498567 -0.230182 -0.361509 50.000000
-0.384909 -0.199618 -0.359599 53.000000
-0.018147 0.035339 -0.360554 52.000000
-0.382999 0.130850 -0.362464 50.000000
0.597899 0.370583 -0.354823 50.000000
-0.495702 0.417383 -0.356734 50.000000
0.534862 0.428844 -0.361509 50.000000
-0.359121 0.438395 -0.356734 50.000000
0.514804 0.429799 -0.354823 50.000000
0.996180 0.444126 -0.363419 50.000000
0.295129 -0.232092 -0.348138 51.000000
-0.233047 -0.216810 -0.345272 50.000000
0.116523 -0.175740 -0.346228 50.000000
-0.000000 -0.138491 -0.346228 50.000000
0.178606 -0.058262 -0.350048 52.000000
-0.288443 -0.023878 -0.349093 50.000000
-0.115568 -0.022923 -0.351003 50.000000
-0.288443 -0.004776 -0.351003 50.000000
-0.325693 0.054441 -0.345272 50.000000
-0.765043 0.135626 -0.353868 50.000000
0.450812 0.426934 -0.350048 50.000000
0.717288 0.424069 -0.347183 50.000000
-0.143267 0.443171 -0.350048 50.000000
0.628462 0.440306 -0.345272 50.000000
-0.652340 0.463228 -0.349093 50.000000
-0.613181 0.463228 -0.347183 50.000000
-0.299905 0.461318 -0.351958 50.000000
-0.181471 0.465138 -0.346228 50.000000
-0.022923 0.467049 -0.353868 50.000000
0.720153 0.468004 -0.350048 50.000000
0.273161 -0.407832 -0.342407 51.000000
0.375358 -0.406877 -0.344317 51.000000
-0.291309 -0.350525 -0.343362 53.000000
-0.252149 -0.293219 -0.343362 53.000000
-0.174785 -0.215855 -0.335721 50.000000
-0.554919 -0.119389 -0.335721 53.000000
-0.515759 -0.061127 -0.338587 53.000000
-0.171920 -0.002865 -0.343362 50.000000
-0.247373 0.096466 -0.335721 50.000000
0.187202 0.143266 -0.344317 52.000000
0.427889 0.383954 -0.344317 50.000000
1.000000 0.404967 -0.344317 50.000000
0.540592 0.414518 -0.336676 50.000000
0.017192 0.428844 -0.340497 50.000000
0.077364 0.430755 -0.343362 50.000000
0.221585 0.437440 -0.342407 50.000000
-0.141356 0.468004 -0.337631 50.000000
-0.041070 0.470869 -0.337631 50.000000
0.156638 -0.387775 -0.327125 51.000000
0.550143 -0.286533 -0.327125 50.000000
0.527221 -0.267431 -0.333811 50.000000
0.299904 -0.250239 -0.328080 51.000000
-0.535817 -0.099331 -0.329990 53.000000
0.122254 -0.075454 -0.329990 52.000000
-0.267431 -0.001910 -0.333811 50.000000
-0.248329 -0.001910 -0.330946 50.000000
-0.553964 0.038204 -0.330946 50.000000
-0.573066 0.117478 -0.332856 50.000000
-0.361987 0.117478 -0.328080 50.000000
-0.751672 0.428844 -0.330946 50.000000
0.307545 0.424069 -0.327125 50.000000
0.632283 0.422159 -0.329035 50.000000
0.698185 0.425979 -0.334766 50.000000
-0.910220 0.432665 -0.334766 50.000000
-0.672397 0.448902 -0.328080 50.000000
-0.101242 0.448902 -0.333811 50.000000
0.985673 0.451767 -0.329990 50.000000
0.058262 -0.446036 -0.321395 51.000000
0.530086 -0.345750 -0.317574 51.000000
0.098376 -0.310411 -0.323305 51.000000
-0.307545 -0.253104 -0.316619 53.000000
-0.535817 -0.194842 -0.324260 53.000000
-0.305635 -0.039160 -0.320439 50.000000
-0.865330 0.063992 -0.321395 50.000000
0.007641 0.062082 -0.325215 52.000000
0.500478 0.394460 -0.317574 50.000000
-0.141356 0.407832 -0.325215 50.000000
0.122254 0.418338 -0.316619 50.000000
0.331423 0.428844 -0.316619 50.000000
0.938873 0.427889 -0.318529 50.000000
-0.061127 0.431710 -0.323305 50.000000
0.773639 0.436485 -0.317574 50.000000
-0.653295 0.451767 -0.318529 50.000000
-0.298949 0.450812 -0.316619 50.000000
0.438395 0.454632 -0.323305 50.000000
0.459408 0.455587 -0.324260 50.000000
0.798472 0.459408 -0.322350 50.000000
-0.258835 0.469914 -0.325215 50.000000
0.942693 0.471824 -0.322350 50.000000
-0.346705 -0.425979 -0.308978 53.000000
-0.574976 -0.309456 -0.307068 50.000000
0.181471 -0.269341 -0.308978 51.000000
-0.689589 -0.251194 -0.313754 50.000000
0.041070 -0.252149 -0.314709 51.000000
-0.035339 -0.212990 -0.308023 51.000000
0.451767 -0.206304 -0.307068 50.000000
0.003820 -0.192932 -0.310888 50.000000
-0.345750 -0.156638 -0.315664 53.000000
0.003820 -0.153773 -0.310888 50.000000
-0.245463 0.062082 -0.308023 50.000000
-0.361987 0.141356 -0.308978 50.000000
-0.341929 0.180516 -0.313754 50.000000
0.527221 0.421203 -0.307068 50.000000
0.616046 0.425979 -0.309933 50.000000
-0.358166 0.431710 -0.307068 50.000000
-0.218720 0.432665 -0.307068 50.000000
0.042025 0.437440 -0.314709 50.000000
-0.773639 0.455587 -0.311844 50.000000
-0.534862 0.450812 -0.315664 50.000000
0.333333 0.450812 -0.313754 50.000000
0.376313 0.453677 -0.311844 50.000000
0.779370 0.461318 -0.308978 50.000000
-0.792741 0.476600 -0.315664 50.000000
-0.397326 0.471824 -0.315664 50.000000
-0.198663 0.473734 -0.315664 50.000000
0.292264 0.469914 -0.314709 50.000000
0.970392 0.476600 -0.314709 50.000000
0.001910 -0.465139 -0.298472 51.000000
-0.289398 -0.425979 -0.302292 53.000000
-0.326648 -0.367717 -0.297517 53.000000
0.989494 -0.361032 -0.305158 50.000000
0.599809 -0.344795 -0.302292 50.000000
-0.016237 -0.309456 -0.302292 51.000000
-0.345750 -0.232092 -0.299427 53.000000
0.390640 -0.226361 -0.297517 50.000000
-0.440306 -0.095511 -0.300382 53.000000
-0.247373 -0.095511 -0.302292 50.000000
0.312321 -0.007641 -0.302292 52.000000
-0.303725 0.022923 -0.298472 50.000000
-0.321872 0.162369 -0.305158 50.000000
0.074499 0.209169 -0.306113 50.000000
0.486151 0.421203 -0.297517 50.000000
-0.995225 0.445081 -0.303248 50.000000
-0.813754 0.439351 -0.299427 50.000000
0.442216 0.439351 -0.301337 50.000000
-0.157593 0.458453 -0.297517 50.000000
0.759312 0.462273 -0.299427 50.000000
0.210124 0.469914 -0.302292 50.000000
-0.094556 -0.386820 -0.293696 51.000000
-0.132760 -0.309456 -0.289876 50.000000
0.476600 -0.244508 -0.290831 51.000000
-0.441261 -0.192932 -0.293696 53.000000
0.520535 -0.163324 -0.295607 50.000000
-0.011461 -0.053486 -0.295607 52.000000
-0.148042 0.024833 -0.296562 50.000000
0.274116 0.032474 -0.295607 52.000000
-0.574976 0.064947 -0.291786 50.000000
-0.956065 0.404011 -0.288921 50.000000
-0.338109 0.413563 -0.294651 50.000000
-0.674308 0.437440 -0.291786 50.000000
-0.734480 0.439351 -0.292741 50.000000
0.127030 0.446036 -0.293696 50.000000
0.422159 0.439351 -0.295607 50.000000
-0.237822 0.457498 -0.294651 50.000000
-0.256925 0.458453 -0.289876 50.000000
0.424069 0.461318 -0.295607 50.000000
-0.229226 -0.405922 -0.278415 50.000000
0.105062 -0.385864 -0.279370 51.000000
0.371538 -0.325693 -0.279370 51.000000
-0.032474 -0.269341 -0.279370 51.000000
0.106972 -0.248329 -0.280325 51.000000
0.027698 -0.150907 -0.287011 50.000000
-0.187202 -0.053486 -0.285100 50.000000
-0.028653 -0.011461 -0.280325 52.000000
-0.711557 0.007641 -0.286055 50.000000
-0.420248 0.024833 -0.286055 50.000000
0.153773 0.031519 -0.281280 52.000000
-0.126075 0.047756 -0.279370 50.000000
-0.105062 0.127985 -0.285100 50.000000
0.400191 0.396371 -0.287011 50.000000
0.004776 0.424069 -0.280325 50.000000
0.086915 0.425979 -0.283190 50.000000
-0.236867 0.440306 -0.278415 50.000000
-0.137536 0.440306 -0.287011 50.000000
-0.014327 0.445081 -0.280325 50.000000
0.170965 0.450812 -0.285100 50.000000
-0.515759 0.460363 -0.280325 50.000000
-0.034384 0.465138 -0.284145 50.000000
0.742120 0.465138 -0.282235 50.000000
0.955110 0.460363 -0.286055 50.000000
-0.957975 0.468959 -0.287011 50.000000
0.088825 0.469914 -0.283190 50.000000
0.193887 0.475645 -0.278415 50.000000
0.583572 0.475645 -0.282235 50.000000
0.268386 -0.345750 -0.277460 51.000000
0.543458 -0.323782 -0.275549 50.000000
-0.691500 -0.267431 -0.273639 50.000000
-0.169054 -0.249284 -0.268864 50.000000
0.374403 -0.225406 -0.276504 51.000000
-0.691500 -0.209169 -0.272684 50.000000
-0.247373 -0.210124 -0.274594 50.000000
0.252149 -0.206304 -0.269819 51.000000
-0.479465 -0.150907 -0.270774 53.000000
-0.691500 -0.129895 -0.274594 53.000000
-0.303725 -0.091691 -0.269819 50.000000
-0.751672 -0.010506 -0.272684 53.000000
0.200573 0.137536 -0.270774 52.000000
0.181471 0.177650 -0.272684 50.000000
-0.021012 0.213945 -0.270774 50.000000
-0.021012 0.234002 -0.276504 50.000000
-0.794651 0.360076 -0.272684 50.000000
0.046800 0.426934 -0.274594 50.000000
-0.695320 0.443171 -0.272684 50.000000
-0.175740 0.443171 -0.271729 50.000000
-0.816619 0.467049 -0.276504 50.000000
0.028653 0.469914 -0.273639 50.000000
0.048711 0.470869 -0.274594 50.000000
0.172875 0.474690 -0.277460 50.000000
0.562560 0.475645 -0.276504 50.000000
-0.442216 -0.424069 -0.263133 53.000000
0.188157 -0.404967 -0.265998 51.000000
-0.460363 -0.287488 -0.263133 53.000000
0.048711 -0.267431 -0.264088 51.000000
0.357211 -0.204394 -0.264088 50.000000
0.050621 -0.188157 -0.264088 50.000000
0.191977 -0.186246 -0.265043 50.000000
-0.147087 -0.169054 -0.259312 50.000000
-0.048711 -0.169054 -0.259312 50.000000
0.070678 -0.168099 -0.264088 50.000000
0.485196 -0.161414 -0.267908 50.000000
-0.731614 -0.148042 -0.264088 53.000000
-0.245463 -0.129895 -0.259312 50.000000
-0.479465 -0.110793 -0.265043 53.000000
0.339064 -0.103152 -0.264088 52.000000
-0.712512 -0.049666 -0.267908 53.000000
-0.439351 -0.012416 -0.267908 50.000000
-0.811843 0.052531 -0.261223 50.000000
-0.104107 0.070678 -0.262178 50.000000
-0.143267 0.091691 -0.259312 50.000000
-0.615091 0.129895 -0.266953 50.000000
0.020057 0.236867 -0.267908 50.000000
-0.157593 0.359121 -0.266953 50.000000
-0.958930 0.389685 -0.261223 50.000000
0.584527 0.414518 -0.261223 50.000000
-0.396371 0.465138 -0.264088 50.000000
-0.276027 0.466094 -0.264088 50.000000
-0.980898 0.476600 -0.265998 50.000000
0.498567 0.474690 -0.265998 50.000000
0.863419 -0.464183 -0.258357 50.000000
0.440306 -0.343840 -0.257402 51.000000
0.551098 -0.281757 -0.254537 50.000000
0.822350 -0.276982 -0.254537 50.000000
0.131805 -0.206304 -0.256447 51.000000
0.276027 -0.204394 -0.254537 51.000000
-0.654250 -0.148042 -0.250716 53.000000
-0.225406 -0.128940 -0.252627 50.000000
-0.205349 -0.089780 -0.255492 50.000000
0.178606 0.036294 -0.257402 52.000000
-0.201528 0.092646 -0.249761 50.000000
0.140401 0.097421 -0.252627 52.000000
-0.201528 0.172875 -0.258357 50.000000
0.001910 0.239733 -0.252627 50.000000
-0.237822 0.297994 -0.253582 50.000000
-0.054441 0.365807 -0.250716 50.000000
-0.918816 0.390640 -0.253582 50.000000
-0.376313 0.403056 -0.252627 50.000000
0.521490 0.434575 -0.251672 50.000000
-0.879656 0.453677 -0.253582 50.000000
0.410697 0.448902 -0.255492 50.000000
-0.555874 0.468959 -0.251672 50.000000
0.550143 -0.403056 -0.248806 51.000000
0.423114 -0.342884 -0.242121 51.000000
-0.362942 -0.325693 -0.242121 53.000000
-0.087870 -0.305635 -0.241165 51.000000
0.011461 -0.286533 -0.247851 51.000000
0.132760 -0.285578 -0.244031 51.000000
0.339064 -0.263610 -0.244986 51.000000
0.320917 -0.182426 -0.241165 50.000000
-0.085960 -0.148042 -0.245941 50.000000
-0.106017 -0.127985 -0.244986 50.000000
-0.694365 -0.106972 -0.241165 53.000000
-0.282713 -0.107927 -0.242121 50.000000
-0.713467 -0.086915 -0.244031 53.000000
-0.341929 -0.088825 -0.245941 50.000000
0.239733 -0.063037 -0.245941 52.000000
0.097421 -0.024833 -0.245941 52.000000
-0.616046 0.175740 -0.244986 50.000000
-0.160459 0.175740 -0.246896 50.000000
0.250239 0.227316 -0.248806 50.000000
-0.318052 0.256925 -0.245941 50.000000
0.024833 0.263610 -0.242121 50.000000
0.747851 0.385864 -0.243076 50.000000
-0.276027 0.406877 -0.241165 50.000000
-0.376313 0.428844 -0.240210 50.000000
-0.010506 0.433620 -0.244986 50.000000
0.071633 0.435530 -0.247851 50.000000
-0.336199 0.447947 -0.248806 50.000000
-0.153773 0.450812 -0.247851 50.000000
-0.112703 0.451767 -0.247851 50.000000
0.221585 0.465138 -0.242121 50.000000
-0.172875 0.473734 -0.242121 50.000000
-0.088825 -0.444126 -0.239255 51.000000
0.340019 -0.424069 -0.232569 51.000000
0.153773 -0.404011 -0.231614 51.000000
-0.422159 -0.364852 -0.235435 53.000000
0.236867 -0.323782 -0.232569 51.000000
0.972302 -0.315186 -0.234480 50.000000
0.257880 -0.283668 -0.235435 51.000000
0.299904 -0.282713 -0.230659 51.000000
0.624642 -0.278892 -0.230659 50.000000
-0.576886 -0.265521 -0.236390 53.000000
-0.556829 -0.226361 -0.239255 53.000000
0.155683 -0.204394 -0.234480 51.000000
0.406877 -0.200573 -0.235435 50.000000
-0.106017 -0.167144 -0.236390 50.000000
-0.420248 -0.147087 -0.230659 53.000000
-0.124164 -0.127030 -0.233525 50.000000
-0.085005 -0.126075 -0.234480 50.000000
-0.064948 -0.106972 -0.237345 52.000000
-0.262655 -0.087870 -0.234480 50.000000
-0.024833 -0.085960 -0.237345 52.000000
-0.734480 -0.004776 -0.233525 53.000000
-0.221586 0.054441 -0.232569 50.000000
-0.081184 0.055396 -0.233525 50.000000
-0.201528 0.074499 -0.235435 50.000000
-0.240688 0.094556 -0.233525 50.000000
-0.339064 0.134670 -0.237345 50.000000
0.229226 0.145177 -0.232569 50.000000
0.064947 0.202483 -0.236390 52.000000
0.085005 0.202483 -0.239255 52.000000
0.106017 0.204394 -0.235435 52.000000
-0.215855 0.344795 -0.238300 50.000000
-0.677173 0.389685 -0.234480 50.000000
0.502388 0.416428 -0.233525 50.000000
-0.678128 0.433620 -0.231614 50.000000
-0.213945 0.431710 -0.232569 50.000000
0.200573 0.445081 -0.231614 50.000000
0.115568 0.461318 -0.239255 50.000000
-0.314231 0.474690 -0.230659 50.000000
0.133715 -0.444126 -0.229704 51.000000
0.760267 -0.443171 -0.223973 50.000000
0.384909 -0.403056 -0.221108 51.000000
-0.343840 -0.364852 -0.228749 53.000000
-0.085960 -0.245463 -0.227794 51.000000
-0.596944 -0.224451 -0.223018 53.000000
-0.675263 -0.204394 -0.224928 53.000000
0.076409 -0.204394 -0.223018 51.000000
-0.401146 -0.146132 -0.226839 53.000000
-0.042980 -0.125119 -0.223973 50.000000
-0.813754 -0.123209 -0.224928 53.000000
0.200573 -0.122254 -0.226839 50.000000
-0.242598 -0.106017 -0.225884 50.000000
-0.813754 -0.103152 -0.223973 53.000000
0.223496 -0.020057 -0.228749 52.000000
-0.576886 0.015282 -0.222063 50.000000
-0.059217 0.078319 -0.223973 52.000000
-0.556829 0.097421 -0.221108 50.000000
-0.072588 0.350525 -0.225884 50.000000
-0.536772 0.410697 -0.228749 50.000000
-0.234002 0.432665 -0.229704 50.000000
-0.274117 0.454632 -0.226839 50.000000
0.712512 0.454632 -0.228749 50.000000
-0.456543 0.475645 -0.225884 50.000000
-0.126075 -0.423114 -0.219198 51.000000
-0.005731 -0.423114 -0.214422 51.000000
0.197708 -0.423114 -0.216332 51.000000
0.157593 -0.342884 -0.213467 51.000000
-0.341929 -0.264565 -0.216332 53.000000
-0.224451 -0.265521 -0.218243 50.000000
-0.341929 -0.244508 -0.211557 53.000000
-0.184336 -0.225406 -0.217288 50.000000
-0.557784 -0.184336 -0.214422 53.000000
-0.361987 -0.185291 -0.219198 53.000000
0.036294 -0.184336 -0.220153 50.000000
-0.459408 -0.146132 -0.220153 53.000000
-0.021968 -0.123209 -0.211557 50.000000
-0.400191 -0.044890 -0.212512 50.000000
0.081184 -0.000955 -0.220153 52.000000
-0.835721 0.000000 -0.216332 50.000000
0.247373 0.002865 -0.219198 52.000000
0.166189 0.021968 -0.212512 52.000000
-0.496657 0.159503 -0.214422 50.000000
-0.337154 0.243553 -0.212512 50.000000
-0.496657 0.392550 -0.211557 50.000000
0.506208 0.399236 -0.213467 50.000000
0.201528 0.404967 -0.216332 50.000000
0.620821 0.427889 -0.217288 50.000000
0.376313 0.456543 -0.220153 50.000000
0.240688 -0.382999 -0.209647 51.000000
0.745941 -0.359121 -0.202006 50.000000
-0.637058 -0.322827 -0.204871 50.000000
0.262655 -0.322827 -0.209647 51.000000
0.056351 -0.303725 -0.209647 51.000000
0.655205 -0.297039 -0.202961 50.000000
-0.557784 -0.283668 -0.207737 53.000000
0.243553 -0.281757 -0.202961 51.000000
-0.361987 -0.244508 -0.210602 53.000000
-0.183381 -0.244508 -0.206781 50.000000
0.701051 -0.234002 -0.206781 50.000000
0.307545 -0.199618 -0.208692 50.000000
-0.000000 -0.102197 -0.203916 52.000000
-0.140401 -0.083095 -0.202961 50.000000
-0.101242 -0.063037 -0.208692 52.000000
-0.260745 -0.042980 -0.202961 50.000000
-0.259790 -0.022923 -0.202006 50.000000
-0.857689 0.083095 -0.208692 50.000000
0.212034 0.087870 -0.202006 52.000000
-0.378224 0.099331 -0.205826 50.000000
0.108882 0.127030 -0.202961 52.000000
0.150907 0.169054 -0.205826 52.000000
-0.677173 0.205349 -0.206781 50.000000
-0.944604 0.360076 -0.206781 50.000000
0.330468 0.390640 -0.210602 50.000000
0.420248 0.397326 -0.202961 50.000000
0.668577 0.411652 -0.206781 50.000000
0.401146 0.440306 -0.202961 50.000000
0.468004 0.444126 -0.202961 50.000000
0.121299 0.448902 -0.202961 50.000000
-0.659026 0.462273 -0.203916 50.000000
-0.516714 0.460363 -0.203916 50.000000
-0.989494 0.471824 -0.203916 50.000000
-0.022923 -0.443171 -0.193410 51.000000
0.327603 -0.443171 -0.192455 51.000000
-0.023878 -0.403056 -0.199141 51.000000
-0.022923 -0.382999 -0.192455 51.000000
0.589303 -0.360076 -0.193410 50.000000
-0.441261 -0.342884 -0.193410 53.000000
0.181471 -0.322827 -0.199141 51.000000
0.161414 -0.301815 -0.199141 51.000000
0.461318 -0.195798 -0.192455 50.000000
0.572111 -0.172875 -0.193410 50.000000
-0.300860 -0.163324 -0.192455 50.000000
0.639924 -0.150907 -0.193410 50.000000
0.663801 -0.128940 -0.194365 50.000000
-0.439351 -0.123209 -0.197230 53.000000
-0.537727 -0.102197 -0.194365 53.000000
-0.459408 -0.103152 -0.201051 53.000000
-0.020057 -0.102197 -0.201051 52.000000
-0.360076 -0.083095 -0.197230 50.000000
-0.219675 -0.021012 -0.193410 50.000000
-0.077364 0.000955 -0.192455 52.000000
0.210124 0.045845 -0.201051 52.000000
-0.557784 0.080229 -0.198186 50.000000
-0.318052 0.100286 -0.201051 50.000000
-0.438395 0.121299 -0.200096 50.000000
-0.027698 0.379179 -0.200096 50.000000
-0.025788 0.424069 -0.198186 50.000000
0.359121 0.441261 -0.192455 50.000000
-0.065903 0.467049 -0.197230 50.000000
0.018147 0.469914 -0.196275 50.000000
0.080229 0.470869 -0.199141 50.000000
0.892073 0.476600 -0.198186 50.000000
0.017192 -0.443171 -0.191500 51.000000
-0.082139 -0.362942 -0.184814 51.000000
-0.577842 -0.321872 -0.189589 53.000000
0.225406 -0.320917 -0.184814 51.000000
-0.401146 -0.302770 -0.184814 53.000000
-0.420248 -0.262655 -0.186724 53.000000
0.753582 -0.253104 -0.186724 50.000000
-0.121299 -0.242598 -0.188634 51.000000
0.572111 -0.193887 -0.191500 50.000000
-0.160459 -0.182426 -0.184814 50.000000
0.000955 -0.161414 -0.190545 50.000000
0.207259 -0.158548 -0.185769 50.000000
0.397326 -0.155683 -0.190545 50.000000
-0.140401 -0.142311 -0.189589 50.000000
-0.677173 -0.120344 -0.186724 53.000000
-0.717288 -0.100287 -0.191500 53.000000
0.105062 -0.098376 -0.183859 52.000000
-0.698185 -0.018147 -0.184814 53.000000
-0.418338 0.020057 -0.185769 50.000000
-0.236867 0.145177 -0.183859 50.000000
-0.659026 0.209169 -0.182904 50.000000
-0.356256 0.228271 -0.187679 50.000000
-0.170965 0.379179 -0.190545 50.000000
-0.436485 0.420248 -0.190545 50.000000
-0.293219 0.422159 -0.184814 50.000000
0.844317 0.429799 -0.182904 50.000000
-0.106972 0.446991 -0.184814 50.000000
0.701051 0.441261 -0.187679 50.000000
-0.618911 0.466094 -0.187679 50.000000
-0.456543 0.466094 -0.183859 50.000000
0.944604 0.460363 -0.186724 50.000000
0.184336 -0.402101 -0.178128 51.000000
0.571156 -0.380134 -0.179083 50.000000
0.289398 -0.361032 -0.177173 51.000000
0.531041 -0.234957 -0.176218 50.000000
-0.638013 -0.200573 -0.179083 53.000000
-0.518625 -0.181471 -0.180993 53.000000
-0.798472 -0.117479 -0.173353 53.000000
0.002865 -0.119389 -0.177173 52.000000
-0.439351 -0.100287 -0.176218 53.000000
0.149952 -0.034384 -0.176218 52.000000
-0.517670 0.126074 -0.175263 50.000000
-0.397326 0.146132 -0.176218 50.000000
0.009551 0.149952 -0.176218 52.000000
-0.597899 0.189112 -0.178128 50.000000
0.114613 0.193887 -0.181948 52.000000
-0.679083 0.231137 -0.180993 50.000000
-0.313276 0.424069 -0.177173 50.000000
0.748806 0.424069 -0.179083 50.000000
0.634193 0.461318 -0.180993 50.000000
-0.951290 0.476600 -0.181948 50.000000
0.408787 0.469914 -0.177173 50.000000
0.271251 -0.381089 -0.164757 51.000000
0.355301 -0.381089 -0.170487 51.000000
-0.100287 -0.301815 -0.168577 51.000000
0.063992 -0.280802 -0.166667 51.000000
-0.099331 -0.240688 -0.165712 51.000000
0.784145 -0.230182 -0.169532 50.000000
-0.440306 -0.220630 -0.169532 53.000000
-0.160459 -0.221586 -0.171442 50.000000
-0.118434 -0.220630 -0.163802 51.000000
0.625597 -0.170010 -0.166667 50.000000
-0.538682 -0.160458 -0.170487 53.000000
-0.518625 -0.160458 -0.169532 53.000000
-0.419293 -0.159503 -0.163802 53.000000
0.231137 -0.156638 -0.171442 50.000000
-0.479465 -0.119389 -0.167622 53.000000
-0.498567 -0.099331 -0.164757 53.000000
0.108882 -0.075454 -0.164757 52.000000
-0.419293 -0.059217 -0.167622 50.000000
-0.278892 -0.059217 -0.171442 50.000000
-0.538682 -0.037249 -0.163802 53.000000
-0.497612 -0.038204 -0.166667 53.000000
0.047755 -0.034384 -0.164757 52.000000
-0.458453 -0.017192 -0.166667 50.000000
-0.075454 -0.016237 -0.165712 52.000000
-0.679083 0.004776 -0.168577 53.000000
-0.074499 0.025788 -0.165712 52.000000
-0.073543 0.046800 -0.164757 52.000000
-0.841452 0.089780 -0.169532 50.000000
-0.638969 0.086915 -0.168577 50.000000
-0.740210 0.130850 -0.164757 50.000000
-0.356256 0.191022 -0.164757 50.000000
-0.680993 0.361987 -0.172397 50.000000
-0.043935 0.409742 -0.165712 50.000000
0.319962 0.401146 -0.163802 50.000000
0.894938 0.413563 -0.172397 50.000000
0.384909 0.425024 -0.171442 50.000000
0.388730 0.449857 -0.164757 50.000000
0.432665 0.451767 -0.167622 50.000000
-0.415473 0.468959 -0.172397 50.000000
-0.188157 0.471824 -0.168577 50.000000
-0.084050 0.473734 -0.171442 50.000000
0.316141 -0.360076 -0.154250 51.000000
-0.079274 -0.340974 -0.161891 51.000000
0.402101 -0.339064 -0.157116 51.000000
0.316141 -0.298949 -0.157116 51.000000
0.381089 -0.297994 -0.158071 51.000000
0.043935 -0.279847 -0.158071 51.000000
0.338109 -0.277937 -0.157116 51.000000
0.003820 -0.259790 -0.154250 51.000000
0.274116 -0.257880 -0.159026 51.000000
0.468959 -0.255969 -0.158071 51.000000
0.190067 -0.197708 -0.162846 51.000000
0.212034 -0.196753 -0.158071 51.000000
0.447947 -0.193887 -0.159981 50.000000
-0.097421 -0.138491 -0.161891 50.000000
-0.319007 -0.118434 -0.154250 50.000000
-0.399236 -0.077364 -0.156161 50.000000
-0.115568 -0.076409 -0.156161 52.000000
-0.439351 -0.057307 -0.156161 50.000000
-0.458453 -0.037249 -0.158071 50.000000
0.069723 -0.033429 -0.155205 52.000000
-0.338109 -0.016237 -0.159981 50.000000
0.304680 0.034384 -0.155205 52.000000
-0.174785 0.087870 -0.158071 50.000000
-0.153773 0.108882 -0.159026 50.000000
-0.091691 0.109838 -0.156161 50.000000
-0.477555 0.191977 -0.158071 50.000000
-0.027698 0.195798 -0.157116 50.000000
0.035339 0.218720 -0.156161 52.000000
0.141356 0.242598 -0.158071 50.000000
-0.024833 0.303725 -0.157116 50.000000
-0.619866 0.408787 -0.156161 50.000000
0.255014 0.421203 -0.162846 50.000000
-0.126075 0.430755 -0.160936 50.000000
0.592168 0.440306 -0.159981 50.000000
0.932187 0.467049 -0.155205 50.000000
0.317096 -0.442216 -0.146609 51.000000
-0.078319 -0.421203 -0.146609 51.000000
-0.479465 -0.400191 -0.150430 53.000000
0.446991 -0.380134 -0.147564 51.000000
-0.199618 -0.361032 -0.145654 50.000000
0.360076 -0.339064 -0.152340 51.000000
-0.178606 -0.279847 -0.149475 50.000000
0.627507 -0.253104 -0.151385 50.000000
-0.238778 -0.218720 -0.145654 50.000000
0.653295 -0.209169 -0.147564 50.000000
-0.258835 -0.198663 -0.144699 50.000000
-0.197708 -0.117479 -0.150430 50.000000
-0.054441 -0.116523 -0.144699 50.000000
0.048711 -0.114613 -0.144699 52.000000
0.173830 -0.093601 -0.153295 52.000000
0.388730 -0.067813 -0.150430 52.000000
-0.418338 -0.035339 -0.147564 50.000000
-0.175740 -0.015282 -0.153295 50.000000
0.092646 -0.010506 -0.144699 52.000000
0.009551 0.008596 -0.149475 52.000000
-0.438395 0.025788 -0.149475 50.000000
0.010506 0.029608 -0.148520 52.000000
-0.680038 0.069723 -0.148520 50.000000
0.264565 0.097421 -0.151385 52.000000
-0.864375 0.114613 -0.147564 50.000000
-0.558739 0.130850 -0.150430 50.000000
-0.417383 0.172875 -0.149475 50.000000
0.034384 0.176695 -0.151385 52.000000
-0.294174 0.215855 -0.144699 50.000000
-0.375358 0.279847 -0.145654 50.000000
0.951289 0.378223 -0.146609 50.000000
0.546323 0.395415 -0.148520 50.000000
0.617001 0.400191 -0.145654 50.000000
-0.250239 0.431710 -0.152340 50.000000
-0.640879 0.454632 -0.150430 50.000000
-0.537727 0.454632 -0.148520 50.000000
0.737345 0.453677 -0.148520 50.000000
0.506208 0.461318 -0.145654 50.000000
0.325692 0.472779 -0.152340 50.000000
-0.199618 -0.441261 -0.138013 50.000000
0.024833 -0.401146 -0.138969 51.000000
0.065903 -0.381089 -0.141834 51.000000
-0.400191 -0.360076 -0.135148 53.000000
0.128940 -0.340019 -0.143744 51.000000
0.191977 -0.339064 -0.140879 51.000000
-0.479465 -0.319007 -0.137058 53.000000
-0.420248 -0.319962 -0.138969 53.000000
0.340974 -0.318052 -0.143744 51.000000
0.450812 -0.317097 -0.138969 51.000000
-0.599809 -0.298949 -0.140879 53.000000
-0.419293 -0.197708 -0.138013 53.000000
-0.115568 -0.156638 -0.139924 50.000000
-0.518625 -0.136581 -0.141834 53.000000
0.174785 -0.133715 -0.141834 50.000000
-0.639924 -0.115568 -0.141834 53.000000
0.133715 -0.113658 -0.138013 52.000000
0.660936 -0.080229 -0.135148 50.000000
-0.518625 -0.075454 -0.140879 53.000000
-0.721108 -0.052531 -0.137058 53.000000
-0.072588 -0.053486 -0.138013 52.000000
-0.031519 -0.033429 -0.142789 52.000000
-0.010506 -0.032474 -0.140879 52.000000
-0.578797 -0.012416 -0.136103 53.000000
-0.802292 0.030564 -0.141834 50.000000
-0.558739 0.028653 -0.136103 50.000000
-0.721108 0.051576 -0.136103 50.000000
0.201528 0.076409 -0.140879 52.000000
-0.110793 0.112703 -0.140879 50.000000
0.290353 0.122254 -0.137058 52.000000
0.161414 0.138491 -0.142789 52.000000
0.142311 0.182426 -0.138013 52.000000
-0.314231 0.216810 -0.138969 50.000000
0.080229 0.244508 -0.142789 50.000000
0.187202 0.268386 -0.143744 50.000000
0.019102 0.287488 -0.136103 50.000000
-0.849093 0.395415 -0.141834 50.000000
0.215855 0.403056 -0.139924 50.000000
-0.456543 0.433620 -0.141834 50.000000
-0.352436 0.434575 -0.138013 50.000000
-0.228271 0.436485 -0.135148 50.000000
-0.103152 0.436485 -0.142789 50.000000
0.909265 0.445081 -0.142789 50.000000
-0.724928 0.458453 -0.143744 50.000000
0.630372 -0.399236 -0.132283 50.000000
-0.380134 -0.319007 -0.129418 53.000000
-0.278892 -0.319962 -0.131328 50.000000
0.130850 -0.319007 -0.130373 51.000000
-0.237822 -0.298949 -0.126552 50.000000
-0.177650 -0.298949 -0.133238 50.000000
0.257880 -0.297039 -0.131328 51.000000
-0.659981 -0.256925 -0.129418 53.000000
0.411652 -0.254059 -0.126552 51.000000
-0.579752 -0.237822 -0.132283 53.000000
-0.539637 -0.237822 -0.131328 53.000000
0.048711 -0.237822 -0.133238 51.000000
0.634193 -0.230182 -0.132283 50.000000
0.091691 -0.215855 -0.125597 51.000000
0.636103 -0.208214 -0.127507 50.000000
-0.599809 -0.155683 -0.131328 53.000000
-0.297039 -0.094556 -0.125597 50.000000
-0.113658 -0.094556 -0.132283 52.000000
0.010506 -0.072588 -0.132283 52.000000
-0.619866 -0.031519 -0.128462 53.000000
-0.193887 -0.011461 -0.127507 50.000000
0.033429 -0.008596 -0.127507 52.000000
-0.701051 0.010506 -0.130373 53.000000
-0.192932 0.051576 -0.126552 50.000000
-0.275072 0.071633 -0.129418 50.000000
-0.680993 0.156638 -0.134193 50.000000
0.188157 0.228271 -0.129418 50.000000
-0.313276 0.261700 -0.133238 50.000000
0.105062 0.291309 -0.126552 50.000000
-0.000000 0.310411 -0.130373 50.000000
0.461318 0.417383 -0.131328 50.000000
0.938873 0.427889 -0.125597 50.000000
-0.558739 0.436485 -0.133238 50.000000
0.003820 0.443171 -0.129418 50.000000
-0.809933 0.465138 -0.126552 50.000000
-0.185291 0.461318 -0.129418 50.000000
0.047755 0.467049 -0.128462 50.000000
0.816619 0.464183 -0.131328 50.000000
0.656160 -0.419293 -0.123687 50.000000
-0.600764 -0.399236 -0.118911 50.000000
0.111748 -0.400191 -0.117956 51.000000
-0.380134 -0.379179 -0.117956 53.000000
0.431710 -0.379179 -0.123687 51.000000
-0.479465 -0.359121 -0.123687 53.000000
0.475645 -0.358166 -0.124642 51.000000
0.008596 -0.339064 -0.117001 51.000000
0.258835 -0.338109 -0.124642 51.000000
-0.013372 -0.298949 -0.124642 51.000000
0.007641 -0.277937 -0.123687 51.000000
-0.640879 -0.174785 -0.121777 53.000000
-0.498567 -0.134670 -0.123687 53.000000
0.618911 -0.143266 -0.116046 50.000000
-0.619866 -0.113658 -0.119866 53.000000
0.031519 -0.091691 -0.124642 52.000000
-0.743075 -0.049666 -0.117001 53.000000
-0.397326 -0.051576 -0.116046 50.000000
-0.559694 -0.030564 -0.118911 53.000000
-0.538682 -0.010506 -0.117001 50.000000
-0.518625 0.010506 -0.117001 50.000000
0.034384 0.012416 -0.123687 52.000000
-0.518625 0.072588 -0.124642 50.000000
-0.417383 0.072588 -0.119866 50.000000
-0.212034 0.114613 -0.121777 50.000000
0.165234 0.164279 -0.120822 52.000000
-0.437440 0.178606 -0.119866 50.000000
-0.416428 0.199618 -0.120822 50.000000
-0.702961 0.202483 -0.117956 50.000000
0.167144 0.207259 -0.121777 50.000000
-0.703916 0.289398 -0.116046 50.000000
0.001910 0.355301 -0.122732 50.000000
0.029608 -0.420248 -0.108405 51.000000
-0.359121 -0.399236 -0.111270 53.000000
0.176695 -0.379179 -0.109360 51.000000
0.112703 -0.359121 -0.111270 51.000000
-0.968481 -0.294174 -0.113181 50.000000
-0.439351 -0.276982 -0.111270 53.000000
-0.155683 -0.256925 -0.115091 50.000000
0.093601 -0.255969 -0.112225 51.000000
0.483286 -0.230182 -0.106495 50.000000
0.507163 -0.166189 -0.108405 50.000000
-0.498567 -0.154728 -0.115091 53.000000
0.244508 -0.129895 -0.111270 50.000000
-0.418338 -0.112703 -0.109360 50.000000
-0.091691 -0.091691 -0.114136 52.000000
-0.681949 -0.069723 -0.108405 53.000000
-0.313276 0.180516 -0.108405 50.000000
-0.000955 0.184336 -0.107450 52.000000
-0.332378 0.288443 -0.110315 50.000000
-0.018147 0.335244 -0.112225 50.000000
0.533906 0.382044 -0.106495 50.000000
-0.725884 0.400191 -0.113181 50.000000
-0.517670 0.442216 -0.112225 50.000000
0.422159 0.442216 -0.113181 50.000000
-0.056352 0.469914 -0.108405 50.000000
-0.339064 -0.399236 -0.100764 53.000000
-0.399236 -0.338109 -0.101719 53.000000
0.241643 -0.337154 -0.104585 51.000000
-0.887297 -0.314231 -0.101719 50.000000
-0.479465 -0.297039 -0.105540 53.000000
0.157593 -0.296084 -0.101719 51.000000
0.461318 -0.293219 -0.099809 51.000000
0.617956 -0.292264 -0.104585 50.000000
0.308500 -0.274117 -0.096944 51.000000
0.438395 -0.273161 -0.105540 51.000000
0.158548 -0.234002 -0.103629 51.000000
0.439351 -0.231137 -0.102674 50.000000
0.622732 -0.206304 -0.097899 50.000000
0.531041 -0.187202 -0.100764 50.000000
-0.459408 -0.173830 -0.099809 53.000000
0.332378 -0.169054 -0.099809 50.000000
-0.048711 -0.151862 -0.096944 50.000000
0.601719 -0.142311 -0.097899 50.000000
-0.640879 -0.131805 -0.103629 53.000000
-0.213945 -0.132760 -0.100764 50.000000
-0.152818 -0.132760 -0.102674 50.000000
0.014327 -0.048711 -0.105540 52.000000
0.183381 -0.045845 -0.105540 52.000000
-0.336199 -0.028653 -0.096944 50.000000
0.122254 0.017192 -0.099809 52.000000
-0.538682 0.096466 -0.105540 50.000000
0.124164 0.102197 -0.104585 52.000000
-0.600764 0.119389 -0.098854 50.000000
-0.106017 0.141356 -0.098854 50.000000
-0.293219 0.160458 -0.105540 50.000000
-0.169054 0.161414 -0.103629 50.000000
-0.021012 0.185291 -0.099809 50.000000
-0.395416 0.203438 -0.098854 50.000000
-0.395416 0.224451 -0.101719 50.000000
-0.332378 0.312321 -0.098854 50.000000
0.067813 0.318052 -0.102674 50.000000
0.423114 0.400191 -0.099809 50.000000
0.654250 0.391595 -0.096944 50.000000
0.094556 0.453677 -0.100764 50.000000
0.471824 0.448902 -0.098854 50.000000
-0.476600 0.466094 -0.103629 50.000000
-0.706781 0.468959 -0.101719 50.000000
0.308500 -0.378224 -0.092168 51.000000
-0.215855 -0.358166 -0.095034 50.000000
-0.174785 -0.358166 -0.094078 50.000000
-0.540592 -0.337154 -0.092168 53.000000
0.221585 -0.316141 -0.095989 51.000000
0.669532 -0.290353 -0.088348 50.000000
0.694365 -0.247373 -0.087393 50.000000
-0.028653 -0.234957 -0.092168 51.000000
0.398281 -0.230182 -0.092168 50.000000
-0.276027 -0.173830 -0.095989 50.000000
-0.438395 -0.152818 -0.091213 53.000000
-0.068768 -0.151862 -0.090258 50.000000
0.489971 -0.144222 -0.090258 50.000000
-0.316141 -0.131805 -0.093123 50.000000
0.423114 -0.124164 -0.091213 50.000000
-0.539637 -0.110793 -0.091213 53.000000
-0.254059 -0.089780 -0.090258 50.000000
0.315186 -0.062082 -0.090258 52.000000
-0.703916 0.036294 -0.095989 50.000000
0.102197 0.039160 -0.094078 52.000000
0.061127 0.061127 -0.087393 52.000000
-0.891118 0.083095 -0.089303 50.000000
-0.190067 0.077364 -0.095034 50.000000
-0.063992 0.101242 -0.090258 52.000000
-0.292264 0.141356 -0.091213 50.000000
-0.188157 0.142311 -0.089303 50.000000
-0.416428 0.161414 -0.095034 50.000000
-0.374403 0.163324 -0.087393 50.000000
-0.104107 0.165234 -0.087393 50.000000
0.001910 0.231137 -0.094078 50.000000
-0.312321 0.247373 -0.095989 50.000000
-0.061127 0.251194 -0.094078 50.000000
-0.290353 0.270296 -0.093123 50.000000
-0.726839 0.295129 -0.090258 50.000000
0.089780 0.298949 -0.091213 50.000000
-0.726839 0.318052 -0.087393 50.000000
-0.538682 0.403056 -0.089303 50.000000
-0.580707 0.425979 -0.090258 50.000000
-0.685769 0.447947 -0.095989 50.000000
-0.854823 0.453677 -0.090258 50.000000
-0.034384 0.450812 -0.095034 50.000000
0.073543 0.454632 -0.093123 50.000000
0.739255 -0.375358 -0.084527 50.000000
-0.214900 -0.337154 -0.083572 50.000000
0.055396 -0.337154 -0.079752 51.000000
0.075454 -0.337154 -0.082617 51.000000
0.764088 -0.288443 -0.085483 50.000000
0.097421 -0.274117 -0.082617 51.000000
-0.172875 -0.255014 -0.084527 50.000000
-0.255014 -0.234957 -0.086438 50.000000
0.291308 -0.210124 -0.083572 50.000000
0.559694 -0.184336 -0.080707 50.000000
0.673352 -0.161414 -0.086438 50.000000
-0.026743 -0.129895 -0.085483 50.000000
0.583572 -0.119389 -0.084527 50.000000
-0.066858 -0.087870 -0.080707 52.000000
-0.828080 -0.043935 -0.084527 53.000000
-0.376313 -0.047756 -0.081662 50.000000
-0.314231 -0.005731 -0.085483 50.000000
0.040115 0.039160 -0.084527 52.000000
-0.601719 0.059217 -0.079752 50.000000
-0.169054 0.058262 -0.085483 50.000000
-0.106017 0.059217 -0.081662 50.000000
0.126074 0.084050 -0.086438 52.000000
-0.497612 0.121299 -0.085483 50.000000
-0.580707 0.186246 -0.085483 50.000000
-0.642789 0.274117 -0.081662 50.000000
-0.476600 0.425979 -0.084527 50.000000
-0.182426 0.428844 -0.081662 50.000000
-0.160459 0.450812 -0.085483 50.000000
-0.792741 0.476600 -0.081662 50.000000
-0.173830 -0.419293 -0.075931 50.000000
-0.089780 -0.336199 -0.068290 51.000000
-0.499523 -0.316141 -0.074976 53.000000
-0.296084 -0.316141 -0.074021 53.000000
0.446991 -0.292264 -0.068290 51.000000
0.700096 -0.224451 -0.070201 50.000000
-0.377268 -0.212034 -0.069245 53.000000
0.515759 -0.206304 -0.072111 50.000000
-0.724928 -0.190067 -0.070201 53.000000
0.016237 -0.128940 -0.076886 50.000000
0.473734 -0.120344 -0.068290 50.000000
0.750716 -0.113658 -0.072111 50.000000
-0.519580 -0.087870 -0.076886 53.000000
-0.417383 -0.087870 -0.072111 50.000000
-0.417383 -0.067813 -0.075931 50.000000
-0.498567 -0.045845 -0.071156 53.000000
-0.063992 -0.022923 -0.069245 52.000000
0.190067 0.000955 -0.074976 52.000000
-0.914040 0.043935 -0.068290 50.000000
0.213945 0.044890 -0.069245 52.000000
0.279847 0.067813 -0.072111 52.000000
-0.725884 0.083095 -0.072111 50.000000
-0.146132 0.082139 -0.070201 50.000000
-0.622732 0.103152 -0.074021 50.000000
-0.788921 0.106017 -0.068290 50.000000
0.325692 0.113658 -0.069245 52.000000
-0.497612 0.144222 -0.074976 50.000000
-0.019102 0.148042 -0.071156 52.000000
0.153773 0.216810 -0.074976 50.000000
-0.768864 0.234002 -0.074976 50.000000
-0.353391 0.230181 -0.076886 50.000000
-0.352436 0.275072 -0.071156 50.000000
-0.289398 0.296084 -0.074021 50.000000
0.028653 0.344795 -0.076886 50.000000
0.476600 0.410697 -0.069245 50.000000
0.546323 0.414518 -0.068290 50.000000
-0.009551 0.435530 -0.069245 50.000000
0.883477 0.435530 -0.074021 50.000000
0.207259 0.442216 -0.073066 50.000000
-0.602674 0.451767 -0.076886 50.000000
0.341929 0.449857 -0.069245 50.000000
0.836676 0.456543 -0.071156 50.000000
0.206304 -0.440306 -0.059694 51.000000
-0.213945 -0.377268 -0.059694 50.000000
0.469914 -0.355301 -0.062560 51.000000
0.699140 -0.353391 -0.065425 50.000000
-0.419293 -0.335244 -0.058739 53.000000
0.993314 -0.327603 -0.062560 50.000000
0.250239 -0.293219 -0.063515 51.000000
0.538682 -0.269341 -0.064470 50.000000
0.631328 -0.246418 -0.065425 50.000000
-0.335244 -0.170010 -0.061605 50.000000
-0.725884 -0.147087 -0.062560 53.000000
-0.002865 -0.148042 -0.060650 50.000000
0.276027 -0.102197 -0.064470 52.000000
-0.148997 -0.086915 -0.065425 50.000000
-0.539637 -0.043935 -0.061605 53.000000
-0.809933 -0.020057 -0.061605 53.000000
-0.539637 0.019102 -0.063515 50.000000
-0.021012 0.042025 -0.065425 52.000000
-0.311366 0.147087 -0.058739 50.000000
0.068768 0.172875 -0.061605 52.000000
-0.123209 0.191022 -0.066380 50.000000
-0.080229 0.191022 -0.066380 50.000000
0.112703 0.217765 -0.063515 52.000000
-0.415473 0.233047 -0.060650 50.000000
-0.052531 0.413563 -0.062560 50.000000
0.593123 0.417383 -0.067335 50.000000
0.935053 0.418338 -0.064470 50.000000
-0.179561 0.457498 -0.060650 50.000000
-0.879656 0.461318 -0.063515 50.000000
0.143266 0.464183 -0.065425 50.000000
0.366762 0.474690 -0.066380 50.000000
-0.520535 -0.376313 -0.052054 53.000000
-0.024833 -0.356256 -0.051099 51.000000
0.208214 -0.356256 -0.054919 51.000000
-0.024833 -0.335244 -0.052054 51.000000
0.038204 -0.335244 -0.051099 51.000000
-0.336199 -0.315186 -0.053964 53.000000
-0.254059 -0.315186 -0.055874 50.000000
0.209169 -0.293219 -0.053009 51.000000
-0.479465 -0.273161 -0.051099 53.000000
0.061127 -0.189112 -0.051099 50.000000
-0.479465 -0.169054 -0.054919 53.000000
-0.106017 -0.127030 -0.053009 50.000000
0.106017 -0.082139 -0.051099 52.000000
-0.560650 -0.064947 -0.057784 53.000000
0.063992 -0.062082 -0.050143 52.000000
-0.231137 -0.043935 -0.057784 50.000000
-0.126075 -0.042980 -0.054919 52.000000
-0.146132 0.000000 -0.049188 50.000000
0.022923 0.001910 -0.052054 52.000000
-0.810888 0.023878 -0.053009 50.000000
-0.539637 0.041070 -0.053964 50.000000
-0.083095 0.042025 -0.057784 52.000000
-0.747851 0.086915 -0.053009 50.000000
-0.333333 0.104107 -0.057784 50.000000
-0.852913 0.130850 -0.057784 50.000000
-0.059217 0.128940 -0.053009 50.000000
-0.685769 0.150907 -0.051099 50.000000
-0.602674 0.148997 -0.053964 50.000000
-0.664757 0.213945 -0.057784 50.000000
0.072588 0.262655 -0.053964 50.000000
0.094556 0.284623 -0.056829 50.000000
-0.212990 -0.439351 -0.044413 50.000000
0.166189 -0.335244 -0.047278 51.000000
-0.439351 -0.314231 -0.048233 53.000000
0.430755 -0.290353 -0.046323 51.000000
-0.438395 -0.252149 -0.048233 53.000000
0.191022 -0.229226 -0.042502 51.000000
0.234002 -0.208214 -0.046323 51.000000
-0.459408 -0.189112 -0.046323 53.000000
-0.458453 -0.147087 -0.042502 53.000000
0.106972 -0.124164 -0.040592 50.000000
-0.561605 -0.104107 -0.039637 53.000000
0.106017 -0.103152 -0.048233 52.000000
-0.209169 -0.084050 -0.040592 50.000000
0.482330 -0.074499 -0.042502 52.000000
-0.831901 -0.060172 -0.043458 53.000000
0.808978 -0.065903 -0.047278 50.000000
-0.602674 0.000955 -0.042502 53.000000
-0.560650 0.000955 -0.043458 50.000000
-0.623687 0.063992 -0.048233 50.000000
-0.374403 0.063037 -0.048233 50.000000
-0.038204 0.086915 -0.046323 52.000000
-0.706781 0.107927 -0.048233 50.000000
-0.184336 0.172875 -0.041547 50.000000
-0.162369 0.195798 -0.039637 50.000000
0.093601 0.220630 -0.048233 52.000000
-0.456543 0.236867 -0.044413 50.000000
-0.623687 0.238777 -0.042502 50.000000
-0.707736 0.260745 -0.044413 50.000000
-0.623687 0.259790 -0.046323 50.000000
0.182426 0.267431 -0.048233 50.000000
0.074499 0.286533 -0.046323 50.000000
0.460363 0.416428 -0.041547 50.000000
0.190067 0.426934 -0.039637 50.000000
-0.774594 0.464183 -0.041547 50.000000
-0.924546 0.468959 -0.043458 50.000000
-0.043935 -0.439351 -0.030086 51.000000
-0.253104 -0.418338 -0.032951 50.000000
0.254059 -0.418338 -0.038682 51.000000
0.019102 -0.397326 -0.034862 51.000000
-0.086915 -0.376313 -0.036772 51.000000
-0.106972 -0.314231 -0.038682 51.000000
-0.148042 -0.293219 -0.032951 51.000000
0.234957 -0.291309 -0.031041 51.000000
0.366762 -0.290353 -0.032951 51.000000
-0.541547 -0.271251 -0.032951 53.000000
-0.106017 -0.272206 -0.034862 51.000000
0.234002 -0.270296 -0.037727 51.000000
0.411652 -0.268386 -0.031996 51.000000
0.042025 -0.250239 -0.034862 51.000000
-0.520535 -0.230182 -0.036772 53.000000
-0.231137 -0.230182 -0.031041 50.000000
0.345750 -0.226361 -0.032951 51.000000
-0.063037 -0.209169 -0.032951 50.000000
0.085005 -0.208214 -0.031041 51.000000
0.256925 -0.206304 -0.036772 51.000000
-0.355301 -0.147087 -0.033906 50.000000
0.482330 -0.138491 -0.033906 50.000000
-0.602674 -0.125119 -0.038682 53.000000
-0.561605 -0.125119 -0.031996 53.000000
-0.167144 -0.083095 -0.034862 50.000000
0.002865 -0.039160 -0.032951 52.000000
0.263610 -0.013372 -0.031996 52.000000
-0.790831 0.025788 -0.033906 50.000000
0.026743 0.069723 -0.030086 52.000000
-0.665712 0.087870 -0.038682 50.000000
-0.332378 0.086915 -0.032951 50.000000
-0.056352 0.154728 -0.033906 50.000000
-0.498567 0.173830 -0.032951 50.000000
-0.098376 0.218720 -0.035817 50.000000
-0.372493 0.238777 -0.034862 50.000000
-0.477555 0.259790 -0.037727 50.000000
-0.266476 0.283668 -0.033906 50.000000
-0.202483 0.328558 -0.034862 50.000000
0.576886 0.378223 -0.032951 50.000000
-0.903534 0.446991 -0.034862 50.000000
-0.667622 0.442216 -0.033906 50.000000
-0.710602 0.465138 -0.033906 50.000000
-0.646609 0.463228 -0.037727 50.000000
-0.048711 0.466094 -0.038682 50.000000
0.925501 0.471824 -0.036772 50.000000
-0.043935 -0.418338 -0.024355 51.000000
0.366762 -0.396371 -0.025311 51.000000
-0.562560 -0.333333 -0.023400 53.000000
-0.479465 -0.333333 -0.020535 53.000000
0.736390 -0.329513 -0.025311 50.000000
0.832856 -0.328558 -0.024355 50.000000
-0.459408 -0.313276 -0.025311 53.000000
-0.189112 -0.313276 -0.020535 50.000000
0.084050 -0.313276 -0.028176 51.000000
-0.356256 -0.292264 -0.026266 53.000000
0.763133 -0.262655 -0.020535 50.000000
-0.603629 -0.228271 -0.025311 53.000000
-0.314231 -0.229226 -0.022445 50.000000
-0.125119 -0.208214 -0.021490 50.000000
-0.313276 -0.146132 -0.024355 50.000000
-0.271251 -0.145177 -0.021490 50.000000
-0.292264 -0.125119 -0.026266 50.000000
-0.396371 -0.104107 -0.026266 50.000000
-0.312321 -0.083095 -0.027221 50.000000
-0.770774 0.005731 -0.021490 53.000000
-0.332378 0.023878 -0.024355 50.000000
-0.666667 0.047756 -0.021490 50.000000
-0.898758 0.072588 -0.021490 50.000000
-0.856734 0.093601 -0.023400 50.000000
0.292264 0.142311 -0.022445 50.000000
0.051576 0.157593 -0.025311 52.000000
0.073543 0.158548 -0.026266 52.000000
-0.730659 0.222541 -0.020535 50.000000
0.075454 0.224451 -0.026266 52.000000
-0.731614 0.355301 -0.022445 50.000000
-0.264565 0.353391 -0.020535 50.000000
0.924546 0.404011 -0.021490 50.000000
0.349570 0.414518 -0.027221 50.000000
0.329513 0.438395 -0.020535 50.000000
0.703916 0.435530 -0.021490 50.000000
-0.582617 0.467049 -0.021490 50.000000
-0.377268 -0.437440 -0.016715 53.000000
0.258835 -0.375358 -0.015759 51.000000
-0.417383 -0.270296 -0.010984 53.000000
0.439351 -0.267431 -0.012894 51.000000
-0.313276 -0.249284 -0.010984 53.000000
-0.708692 -0.163324 -0.011939 53.000000
-0.124164 -0.165234 -0.013849 50.000000
0.220630 -0.098376 -0.014804 52.000000
0.242598 -0.076409 -0.013849 52.000000
-0.519580 -0.039160 -0.018625 53.000000
-0.206304 -0.016237 -0.010984 50.000000
0.093601 0.051576 -0.012894 52.000000
-0.247373 0.068768 -0.015759 50.000000
-0.772684 0.157593 -0.018625 50.000000
-0.096466 0.201528 -0.012894 50.000000
-0.372493 0.219675 -0.018625 50.000000
-0.224451 0.220630 -0.019580 50.000000
0.298949 0.234002 -0.010984 50.000000
-0.307545 0.331423 -0.018625 50.000000
-0.753582 0.335244 -0.013849 50.000000
-0.710602 0.380134 -0.011939 50.000000
0.417383 0.373448 -0.017670 50.000000
-0.797517 0.449857 -0.011939 50.000000
0.539637 0.450812 -0.013849 50.000000
-0.132760 0.469914 -0.015759 50.000000
0.831901 0.469914 -0.014804 50.000000
0.085960 -0.459408 -0.010029 51.000000
-0.314231 -0.417383 -0.008119 53.000000
-0.604585 -0.374403 -0.010029 53.000000
-0.479465 -0.374403 -0.003343 53.000000
-0.376313 -0.354346 -0.008119 53.000000
0.438395 -0.352436 -0.008119 51.000000
-0.041070 -0.333333 -0.006208 51.000000
0.718243 -0.328558 -0.008119 50.000000
-0.397326 -0.312321 -0.005253 53.000000
0.023878 -0.312321 -0.002388 51.000000
0.152818 -0.269341 -0.010029 51.000000
0.066858 -0.248329 -0.008119 51.000000
-0.687679 -0.226361 -0.008119 53.000000
-0.102197 -0.185291 -0.004298 50.000000
0.512894 -0.156638 -0.001433 50.000000
-0.353391 -0.080229 -0.010029 50.000000
-0.374403 -0.059217 -0.009074 50.000000
0.267431 -0.052531 -0.006208 52.000000
-0.353391 -0.038204 -0.010029 50.000000
-0.772684 -0.013372 -0.004298 53.000000
-0.227316 -0.016237 -0.010029 50.000000
-0.836676 0.052531 -0.005253 50.000000
-0.773639 0.073543 -0.001433 50.000000
-0.097421 0.115568 -0.004298 50.000000
-0.075454 0.158548 -0.009074 50.000000
0.208214 0.165234 -0.002388 52.000000
0.011461 0.182426 -0.009074 52.000000
-0.688634 0.203438 -0.002388 50.000000
-0.435530 0.245463 -0.003343 50.000000
-0.243553 0.312321 -0.005253 50.000000
0.038204 0.339064 -0.008119 50.000000
0.443171 0.377268 -0.009074 50.000000
-0.024833 0.406877 -0.004298 50.000000
-0.625597 0.425979 -0.006208 50.000000
-0.110793 0.449857 -0.005253 50.000000
0.020057 0.452722 -0.008119 50.000000
0.001910 -0.417383 0.002388 51.000000
0.578797 -0.394460 0.002388 50.000000
0.023878 -0.354346 0.000478 51.000000
0.002865 -0.333333 0.001433 51.000000
-0.229226 -0.312321 0.000478 50.000000
0.510984 -0.308500 0.004298 51.000000
-0.417383 -0.290353 0.000478 53.000000
0.068768 -0.290353 0.006208 51.000000
0.131805 -0.290353 0.000478 51.000000
0.510984 -0.265521 -0.000478 51.000000
-0.688634 -0.246418 0.007163 53.000000
-0.081184 -0.248329 0.000478 51.000000
0.177650 -0.246418 0.007163 51.000000
0.025788 -0.226361 0.006208 51.000000
-0.479465 -0.206304 0.001433 53.000000
-0.479465 -0.185291 -0.000478 53.000000
-0.080229 -0.185291 0.000478 50.000000
-0.037249 -0.163324 0.002388 50.000000
0.156638 -0.140401 0.001433 50.000000
0.289398 -0.116523 0.001433 52.000000
0.201528 -0.096466 0.000478 52.000000
-0.458453 -0.036294 -0.000478 50.000000
-0.478510 0.006686 -0.000478 50.000000
-0.034384 0.008596 0.002388 52.000000
-0.562560 0.072588 0.008118 50.000000
-0.519580 0.071633 0.004298 50.000000
-0.498567 0.071633 0.001433 50.000000
-0.436485 0.093601 0.003343 50.000000
-0.688634 0.138491 -0.000478 50.000000
0.032474 0.140401 -0.000478 52.000000
0.019102 0.408787 0.001433 50.000000
0.333333 0.422159 0.006208 50.000000
-0.304680 0.450812 0.007163 50.000000
0.688634 0.465138 0.004298 50.000000
-0.195798 0.474690 0.005253 50.000000
0.381089 0.468959 0.000478 50.000000
0.723018 -0.459408 0.013849 50.000000
0.067813 -0.417383 0.012894 51.000000
0.309456 -0.395416 0.016714 51.000000
-0.397326 -0.374403 0.011939 53.000000
-0.355301 -0.374403 0.016714 53.000000
-0.229226 -0.374403 0.015759 50.000000
-0.081184 -0.353391 0.016714 51.000000
0.004776 -0.353391 0.015759 51.000000
0.047755 -0.353391 0.016714 51.000000
-0.059217 -0.311366 0.011939 51.000000
0.679083 -0.305635 0.017669 50.000000
0.399236 -0.287488 0.010984 51.000000
-0.375358 -0.268386 0.015759 53.000000
-0.015282 -0.268386 0.017669 51.000000
0.004776 -0.268386 0.012894 51.000000
0.157593 -0.246418 0.017669 51.000000
-0.499523 -0.226361 0.010029 53.000000
0.113658 -0.225406 0.015759 51.000000
-0.037249 -0.184336 0.010029 50.000000
-0.227316 -0.163324 0.010984 50.000000
-0.604585 -0.162369 0.011939 53.000000
-0.520535 -0.099331 0.009073 53.000000
-0.710602 -0.054441 0.014804 53.000000
0.226361 -0.051576 0.009073 52.000000
-0.773639 -0.031519 0.014804 53.000000
-0.710602 0.074499 0.011939 50.000000
-0.583572 0.074499 0.017669 50.000000
-0.351480 0.138491 0.011939 50.000000
-0.775549 0.185291 0.011939 50.000000
0.301815 0.193887 0.012894 50.000000
-0.328558 0.205349 0.017669 50.000000
-0.136581 0.206304 0.015759 50.000000
-0.264565 0.248329 0.009073 50.000000
-0.392550 0.270296 0.010029 50.000000
-0.626552 0.295129 0.014804 50.000000
-0.003820 0.319962 0.010029 50.000000
-0.413563 0.337154 0.009073 50.000000
0.107927 0.368672 0.013849 50.000000
0.379179 0.379179 0.015759 50.000000
-0.153773 0.386819 0.016714 50.000000
-0.712512 0.408787 0.010984 50.000000
-0.951290 0.414518 0.009073 50.000000
-0.931232 0.437440 0.013849 50.000000
-0.735435 0.456543 0.016714 50.000000
-0.887297 0.459408 0.012894 50.000000
0.068768 -0.459408 0.023400 51.000000
-0.438395 -0.352436 0.023400 53.000000
-0.459408 -0.289398 0.018624 53.000000
0.562560 -0.284623 0.022445 50.000000
-0.584527 -0.267431 0.027220 53.000000
0.426934 -0.242598 0.026265 50.000000
-0.438395 -0.225406 0.027220 53.000000
-0.121299 -0.225406 0.023400 51.000000
0.223496 -0.223496 0.018624 51.000000
-0.013372 -0.182426 0.027220 50.000000
0.684814 -0.172875 0.026265 50.000000
-0.752627 -0.138491 0.020535 53.000000
-0.499523 -0.097421 0.026265 53.000000
0.452722 -0.089780 0.024355 52.000000
-0.310411 -0.054441 0.026265 50.000000
-0.689589 -0.009551 0.025310 53.000000
-0.457498 0.031519 0.024355 50.000000
-0.266476 0.074499 0.022445 50.000000
-0.073543 0.077364 0.026265 52.000000
0.013371 0.078319 0.025310 52.000000
-0.008596 0.120344 0.018624 52.000000
-0.285578 0.206304 0.023400 50.000000
-0.156638 0.231137 0.027220 50.000000
-0.048711 0.231137 0.022445 50.000000
0.282712 0.239733 0.020535 50.000000
0.171920 0.259790 0.023400 50.000000
-0.497612 0.430755 0.020535 50.000000
0.816619 0.430755 0.026265 50.000000
-0.312321 -0.436485 0.034861 53.000000
-0.143267 -0.437440 0.033906 51.000000
-0.079274 -0.395416 0.034861 51.000000
-0.542502 -0.372493 0.029131 53.000000
-0.459408 -0.331423 0.028176 53.000000
-0.881566 -0.264565 0.033906 50.000000
-0.142311 -0.267431 0.036772 51.000000
-0.479465 -0.245463 0.035817 53.000000
-0.247373 -0.204394 0.030086 50.000000
0.733524 -0.193887 0.028176 50.000000
-0.374403 -0.139446 0.035817 50.000000
-0.690544 -0.116523 0.035817 53.000000
-0.331423 -0.096466 0.033906 50.000000
-0.268386 -0.097421 0.031041 50.000000
0.740210 -0.080229 0.036772 50.000000
0.230181 -0.070678 0.033906 52.000000
-0.817574 -0.050621 0.029131 53.000000
-0.904489 -0.005731 0.033906 53.000000
-0.860554 -0.006686 0.029131 53.000000
-0.818529 0.014327 0.031996 53.000000
-0.415473 0.010506 0.032951 50.000000
-0.925502 0.038204 0.030086 50.000000
0.321872 0.040115 0.028176 52.000000
-0.690544 0.055396 0.029131 50.000000
-0.605540 0.055396 0.031996 50.000000
-0.754537 0.057307 0.032951 50.000000
0.349570 0.153773 0.031041 50.000000
-0.110793 0.277937 0.036772 50.000000
-0.282713 0.366762 0.036772 50.000000
0.523400 0.389685 0.029131 50.000000
-1.000000 0.423114 0.036772 50.000000
-0.368672 0.434575 0.034861 50.000000
-0.085960 0.436485 0.030086 50.000000
-0.194842 0.457498 0.028176 50.000000
-0.375358 -0.415473 0.041547 53.000000
0.072588 -0.373448 0.042502 51.000000
-0.459408 -0.372493 0.041547 53.000000
-0.648520 -0.350525 0.037727 50.000000
0.117478 -0.330468 0.045368 51.000000
-0.627507 -0.308500 0.046323 53.000000
0.117478 -0.287488 0.044413 51.000000
0.685769 -0.282713 0.037727 50.000000
-0.626552 -0.244508 0.039637 53.000000
0.227316 -0.243553 0.040592 51.000000
-0.605540 -0.180516 0.041547 53.000000
0.596944 -0.149952 0.046323 50.000000
-0.394460 -0.138491 0.044413 50.000000
-0.479465 -0.052531 0.039637 50.000000
-0.479465 -0.030564 0.044413 50.000000
-0.711557 -0.007641 0.038682 53.000000
-0.499523 0.012416 0.041547 50.000000
-0.073543 0.013372 0.038682 52.000000
-0.243553 0.100286 0.044413 50.000000
-0.820439 0.213945 0.038682 50.000000
-0.067813 0.235912 0.044413 50.000000
0.356256 0.246418 0.044413 50.000000
-0.477555 0.255969 0.045368 50.000000
-0.001910 0.258835 0.044413 50.000000
-0.735435 0.301815 0.039637 50.000000
-0.325693 0.367717 0.042502 50.000000
0.819484 0.387775 0.045368 50.000000
-0.693410 0.394460 0.046323 50.000000
-0.455587 0.436485 0.041547 50.000000
-0.759312 0.464183 0.046323 50.000000
-0.650430 0.462273 0.046323 50.000000
0.138491 0.468959 0.040592 50.000000
0.161414 -0.437440 0.053008 51.000000
0.095511 -0.416428 0.049188 51.000000
-0.311366 -0.372493 0.055874 53.000000
0.206304 -0.351480 0.052053 51.000000
0.009551 -0.309456 0.049188 51.000000
-0.332378 -0.287488 0.051098 53.000000
-0.627507 -0.265521 0.050143 53.000000
0.762178 -0.258835 0.049188 50.000000
0.502388 -0.239733 0.052053 50.000000
-0.479465 -0.223496 0.049188 53.000000
0.230181 -0.199618 0.049188 51.000000
-0.203438 -0.137536 0.053008 50.000000
-0.733524 -0.114613 0.052053 53.000000
-0.648520 0.037249 0.053008 50.000000
-0.885387 0.063037 0.054919 50.000000
-0.520535 0.058262 0.053008 50.000000
-0.541547 0.079274 0.050143 50.000000
0.060172 0.083095 0.052053 52.000000
-0.541547 0.102197 0.053008 50.000000
-0.155683 0.147087 0.053964 50.000000
-0.713467 0.170010 0.050143 50.000000
-0.541547 0.167144 0.048233 50.000000
-0.713467 0.214900 0.052053 50.000000
-0.198663 0.212989 0.050143 50.000000
0.266476 0.245463 0.054919 50.000000
-0.088825 0.258835 0.052053 50.000000
0.766953 0.314231 0.053008 50.000000
-0.714422 0.371538 0.048233 50.000000
-0.978033 0.378223 0.047278 50.000000
-0.519580 0.416428 0.050143 50.000000
-0.171920 0.417383 0.050143 50.000000
0.675263 0.426934 0.050143 50.000000
-0.519580 0.463228 0.053964 50.000000
-0.060172 0.467049 0.055874 50.000000
-0.353391 -0.414518 0.059694 53.000000
-0.012416 -0.394460 0.058739 51.000000
-0.521490 -0.329513 0.060649 53.000000
0.644699 -0.281757 0.061604 50.000000
0.788921 -0.279847 0.056829 50.000000
-0.458453 -0.243553 0.062559 53.000000
0.504298 -0.216810 0.060649 50.000000
-0.542502 -0.200573 0.059694 53.000000
-0.095511 -0.158548 0.058739 50.000000
0.167144 -0.155683 0.064470 50.000000
-0.584527 -0.092646 0.058739 53.000000
-0.606495 -0.027698 0.063515 53.000000
-0.136581 -0.027698 0.065425 52.000000
-0.307545 -0.006686 0.064470 50.000000
-0.821395 0.084050 0.057784 50.000000
-0.307545 0.081184 0.063515 50.000000
-0.520535 0.125119 0.061604 50.000000
-0.133715 0.126074 0.062559 50.000000
-0.584527 0.236867 0.058739 50.000000
0.338109 0.295129 0.057784 50.000000
0.316141 0.317097 0.056829 50.000000
-0.737345 0.399236 0.063515 50.000000
0.163324 -0.458453 0.066380 51.000000
-0.501433 -0.413563 0.072111 53.000000
0.186246 -0.393505 0.067335 51.000000
0.276982 -0.393505 0.074976 51.000000
0.575931 -0.370583 0.074021 50.000000
-0.543458 -0.350525 0.066380 53.000000
-0.009551 -0.307545 0.071156 51.000000
-0.972302 -0.303725 0.073066 50.000000
-0.030564 -0.286533 0.073066 51.000000
-0.331423 -0.264565 0.073066 53.000000
0.144222 -0.263610 0.073066 51.000000
0.056351 -0.221586 0.067335 51.000000
-0.008596 -0.199618 0.070201 50.000000
-0.500478 -0.178606 0.067335 53.000000
0.279847 -0.174785 0.073066 50.000000
0.772684 -0.166189 0.073066 50.000000
-0.627507 -0.156638 0.067335 53.000000
-0.158548 -0.135626 0.070201 50.000000
0.258835 -0.109838 0.074021 52.000000
-0.136581 -0.091691 0.071156 52.000000
-0.436485 -0.004776 0.072111 50.000000
-0.135626 -0.004776 0.067335 50.000000
-0.886342 0.021012 0.068290 53.000000
0.106017 0.042025 0.069245 52.000000
0.172875 0.064947 0.066380 52.000000
-0.197708 0.171920 0.069245 50.000000
0.312321 0.181471 0.067335 50.000000
-0.672397 0.285578 0.072111 50.000000
-0.759312 0.377268 0.067335 50.000000
0.071633 0.381089 0.068290 50.000000
-0.607450 0.444126 0.068290 50.000000
-0.585482 0.445081 0.073066 50.000000
-0.411652 0.443171 0.068290 50.000000
0.963706 0.452722 0.074976 50.000000
-0.479465 -0.413563 0.084527 53.000000
-0.117479 -0.393505 0.079752 51.000000
-0.095511 -0.371538 0.080707 51.000000
0.367717 -0.371538 0.077841 51.000000
0.553964 -0.348615 0.077841 51.000000
0.998090 -0.275072 0.076886 50.000000
-0.266476 -0.242598 0.081662 50.000000
-0.094556 -0.242598 0.083572 51.000000
-0.265521 -0.177650 0.081662 50.000000
0.802292 -0.142311 0.084527 50.000000
0.901624 -0.139446 0.080707 50.000000
-0.564470 -0.133715 0.081662 53.000000
-0.671442 -0.089780 0.084527 53.000000
-0.004776 -0.046800 0.075931 52.000000
-0.800382 -0.000955 0.076886 53.000000
-0.520535 0.018147 0.080707 50.000000
-0.736390 0.020057 0.082617 53.000000
0.173830 0.022923 0.078797 52.000000
-0.499523 0.062082 0.081662 50.000000
-0.888252 0.088825 0.076886 50.000000
-0.000955 0.109838 0.083572 52.000000
-0.671442 0.130850 0.083572 50.000000
-0.737345 0.264565 0.076886 50.000000
-0.237822 0.308500 0.077841 50.000000
-0.760267 0.334288 0.077841 50.000000
-0.893028 0.428844 0.076886 50.000000
-0.389685 0.446991 0.084527 50.000000
0.785100 0.441261 0.079752 50.000000
0.564470 0.451767 0.080707 50.000000
-0.828080 0.476600 0.084527 50.000000
-0.563515 0.471824 0.084527 50.000000
-0.224451 -0.414518 0.093123 50.000000
-0.094556 -0.393505 0.089303 51.000000
0.510029 -0.392550 0.093123 51.000000
-0.565425 -0.348615 0.089303 53.000000
0.824260 -0.345750 0.091213 50.000000
-0.309456 -0.328558 0.093123 50.000000
0.147087 -0.305635 0.091213 51.000000
0.581662 -0.302770 0.091213 50.000000
0.677173 -0.301815 0.092168 50.000000
-0.437440 -0.284623 0.094078 53.000000
-0.500478 -0.154728 0.091213 53.000000
-0.585482 -0.132760 0.092168 53.000000
0.149952 -0.130850 0.094078 50.000000
0.330468 -0.128940 0.092168 50.000000
-0.693410 0.021012 0.090258 53.000000
-0.737345 0.043935 0.093123 50.000000
0.000955 0.155683 0.091213 52.000000
-0.825215 0.178606 0.089303 50.000000
-0.869150 0.201528 0.087392 50.000000
-0.759312 0.244508 0.086437 50.000000
0.342884 0.277937 0.085482 50.000000
-0.324737 0.288443 0.094078 50.000000
0.185291 0.319962 0.090258 50.000000
0.990449 0.384909 0.093123 50.000000
0.008596 0.430755 0.087392 50.000000
-0.029608 -0.457498 0.095033 51.000000
-0.072588 -0.436485 0.095033 51.000000
0.395415 -0.348615 0.095033 51.000000
-0.500478 -0.327603 0.099809 53.000000
0.060172 -0.305635 0.102674 51.000000
0.126074 -0.305635 0.100764 51.000000
0.559694 -0.302770 0.095988 51.000000
0.562560 -0.235912 0.102674 50.000000
-0.372493 -0.219675 0.101719 53.000000
-0.178606 -0.197708 0.103629 50.000000
-0.672397 -0.131805 0.097899 53.000000
-0.780325 -0.107927 0.099809 53.000000
0.785100 -0.072588 0.097899 50.000000
-0.694365 -0.064947 0.101719 53.000000
-0.607450 0.042980 0.095988 50.000000
-0.349570 0.042025 0.098854 50.000000
0.178606 0.048711 0.101719 52.000000
0.200573 0.048711 0.102674 52.000000
-0.036294 0.362942 0.101719 50.000000
-0.057307 0.408787 0.102674 50.000000
0.237822 0.441261 0.101719 50.000000
-0.895893 0.457498 0.095033 50.000000
-0.158548 -0.435530 0.111270 51.000000
0.779370 -0.390640 0.109360 50.000000
0.730659 -0.367717 0.110315 50.000000
-0.501433 -0.348615 0.108405 53.000000
-0.543458 -0.304680 0.112225 53.000000
-0.522445 -0.261700 0.110315 53.000000
-0.070678 -0.262655 0.106495 51.000000
-0.543458 -0.239733 0.111270 53.000000
0.588348 -0.234957 0.111270 50.000000
-0.242598 -0.109838 0.108405 50.000000
0.198663 -0.062082 0.108405 52.000000
0.131805 -0.041070 0.105540 52.000000
0.131805 -0.019102 0.104584 52.000000
0.407832 0.031519 0.109360 52.000000
-0.478510 0.066858 0.113181 50.000000
-0.236867 0.247373 0.111270 50.000000
0.028653 0.250239 0.109360 50.000000
-0.015282 0.272206 0.110315 50.000000
0.055396 0.412607 0.106495 50.000000
0.592168 0.411652 0.106495 50.000000
-0.919771 0.438395 0.112225 50.000000
0.780325 -0.457498 0.116046 50.000000
-0.522445 -0.412607 0.117001 53.000000
-0.565425 -0.390640 0.121776 53.000000
0.106017 -0.348615 0.114136 51.000000
0.262655 -0.348615 0.114136 51.000000
-0.372493 -0.326648 0.121776 53.000000
-0.565425 -0.304680 0.114136 53.000000
-0.046800 -0.261700 0.118911 51.000000
0.219675 -0.259790 0.117956 51.000000
0.424069 -0.258835 0.115091 51.000000
0.357211 -0.214900 0.117956 50.000000
-0.198663 -0.196753 0.117001 50.000000
0.837631 -0.184336 0.119866 50.000000
-0.263610 -0.109838 0.115091 50.000000
0.843362 -0.068768 0.121776 50.000000
0.500478 -0.055396 0.117956 52.000000
-0.065903 -0.042025 0.117956 52.000000
0.138491 0.140401 0.118911 52.000000
-0.127985 0.203438 0.116046 50.000000
-0.105062 0.204394 0.119866 50.000000
-0.498567 0.247373 0.116046 50.000000
-0.652340 0.295129 0.116046 50.000000
0.008596 0.297994 0.117956 50.000000
-0.256925 0.340019 0.119866 50.000000
0.998090 0.366762 0.117956 50.000000
0.353391 0.378223 0.114136 50.000000
-0.056352 0.389685 0.119866 50.000000
0.148042 0.395415 0.119866 50.000000
-0.520535 0.456543 0.117956 50.000000
-0.099331 0.459408 0.117956 50.000000
0.288443 0.469914 0.114136 50.000000
-0.330468 -0.434575 0.124642 53.000000
0.447947 -0.435530 0.125597 51.000000
0.242598 -0.413563 0.131327 51.000000
-0.264565 -0.369628 0.131327 50.000000
-0.024833 -0.369628 0.128462 51.000000
-0.630373 -0.324737 0.130372 53.000000
0.639924 -0.299905 0.127507 50.000000
-0.500478 -0.282713 0.125597 53.000000
0.865330 -0.251194 0.132283 50.000000
-0.458453 -0.216810 0.132283 53.000000
-0.415473 -0.195798 0.126552 53.000000
0.789876 -0.184336 0.124642 50.000000
-0.197708 -0.151862 0.123687 50.000000
0.338109 -0.080229 0.124642 52.000000
0.821394 -0.067813 0.132283 50.000000
-0.586438 0.003820 0.131327 50.000000
0.395415 0.217765 0.125597 50.000000
-0.015282 0.230181 0.125597 50.000000
0.304680 0.238777 0.132283 50.000000
-0.697230 0.319962 0.124642 50.000000
-0.367717 0.319007 0.127507 50.000000
0.402101 0.336199 0.129417 50.000000
-0.675263 0.343840 0.128462 50.000000
0.332378 0.379179 0.123687 50.000000
0.127030 0.419293 0.126552 50.000000
0.453677 0.432665 0.123687 50.000000
-0.564470 0.459408 0.126552 50.000000
-0.990449 0.469914 0.130372 50.000000
0.314231 0.473734 0.123687 50.000000
0.288443 -0.457498 0.134193 51.000000
0.762178 -0.412607 0.133238 50.000000
-0.566380 -0.368672 0.133238 53.000000
-0.285578 -0.369628 0.141834 50.000000
0.841452 -0.365807 0.141834 50.000000
0.336199 -0.324737 0.140879 51.000000
-0.241643 -0.260745 0.135148 50.000000
-0.500478 -0.237822 0.136103 53.000000
-0.415473 -0.216810 0.137058 53.000000
0.156638 -0.148997 0.134193 50.000000
0.697230 -0.139446 0.140879 50.000000
-0.652340 -0.127030 0.140879 53.000000
0.067813 -0.127030 0.137058 50.000000
-0.020057 -0.106017 0.139923 52.000000
-0.018147 0.005731 0.140879 52.000000
-0.850048 0.051576 0.135148 50.000000
-0.939828 0.100286 0.141834 50.000000
0.209169 0.099331 0.138968 52.000000
-0.718243 0.117478 0.133238 50.000000
0.185291 0.121299 0.133238 52.000000
-0.543458 0.160458 0.135148 50.000000
-0.785100 0.163324 0.136103 50.000000
0.423114 0.244508 0.138013 50.000000
0.353391 0.265521 0.138013 50.000000
-0.808978 0.347660 0.135148 50.000000
0.383954 0.407832 0.136103 50.000000
-0.365807 0.436485 0.133238 50.000000
0.292264 0.453677 0.141834 50.000000
0.410697 0.457498 0.138968 50.000000
0.909265 0.464183 0.140879 50.000000
-0.285578 -0.347660 0.143744 50.000000
0.573066 -0.322827 0.147564 50.000000
-0.066858 -0.303725 0.146609 51.000000
0.000955 -0.236867 0.150430 51.000000
-0.587393 -0.148997 0.146609 53.000000
0.435530 -0.121299 0.147564 50.000000
-0.370583 -0.105062 0.151385 50.000000
0.096466 0.076409 0.148520 52.000000
-0.147087 0.186246 0.146609 50.000000
0.352435 0.197708 0.148520 50.000000
-0.565425 0.207259 0.142789 50.000000
-0.075454 0.396371 0.148520 50.000000
0.504298 0.391595 0.145654 50.000000
0.654250 0.447947 0.143744 50.000000
0.223496 0.451767 0.145654 50.000000
0.157593 -0.324737 0.158070 51.000000
-0.522445 -0.302770 0.152340 53.000000
-0.021968 -0.302770 0.152340 51.000000
-0.566380 -0.279847 0.156160 53.000000
-0.501433 -0.258835 0.152340 53.000000
0.159503 -0.212990 0.158070 51.000000
0.900669 -0.179561 0.154250 50.000000
0.002865 -0.148042 0.156160 50.000000
0.047755 -0.147087 0.159026 50.000000
0.115568 -0.125119 0.154250 50.000000
-0.173830 -0.105062 0.153295 50.000000
0.604585 -0.094556 0.155205 50.000000
0.298949 -0.077364 0.155205 52.000000
-0.017192 -0.014327 0.152340 52.000000
-0.895893 0.055396 0.152340 50.000000
-0.103152 0.142311 0.154250 50.000000
-0.498567 0.278892 0.155205 50.000000
0.382044 0.293219 0.154250 50.000000
0.014327 0.329513 0.157115 50.000000
-0.276982 0.418338 0.152340 50.000000
-0.811843 0.446991 0.156160 50.000000
-0.432665 0.443171 0.159981 50.000000
0.914040 0.444126 0.160936 50.000000
0.085960 0.448902 0.152340 50.000000
0.941738 0.469914 0.158070 50.000000
0.976122 -0.456543 0.164756 50.000000
-0.480420 -0.433620 0.164756 53.000000
-0.349570 -0.346705 0.162846 53.000000
0.850048 -0.319007 0.165712 50.000000
0.505253 -0.299905 0.162846 51.000000
0.002865 -0.279847 0.166667 51.000000
-0.020057 -0.235912 0.162846 51.000000
0.904489 -0.225406 0.168577 50.000000
-0.282713 -0.191977 0.170487 50.000000
-0.697230 -0.191022 0.165712 53.000000
-0.719198 -0.102197 0.166667 53.000000
-0.435530 -0.103152 0.167622 50.000000
0.117478 -0.079274 0.166667 52.000000
-0.125119 0.099331 0.166667 50.000000
0.033429 0.191977 0.164756 52.000000
-0.277937 0.304680 0.166667 50.000000
0.435530 0.369628 0.166667 50.000000
0.785100 0.412607 0.168577 50.000000
-0.925502 0.427889 0.164756 50.000000
-0.744986 0.448902 0.168577 50.000000
-0.789876 0.471824 0.162846 50.000000
-0.545368 -0.410697 0.179083 53.000000
0.205349 -0.345750 0.171442 51.000000
-0.808023 -0.298949 0.175262 50.000000
-0.676218 -0.300860 0.174307 53.000000
-0.195798 -0.279847 0.178128 50.000000
-0.215855 -0.125119 0.177173 50.000000
-0.632283 -0.123209 0.180038 53.000000
-0.897803 -0.008596 0.174307 53.000000
-0.170010 0.009551 0.178128 50.000000
0.376313 0.063037 0.171442 52.000000
-0.810888 0.194842 0.179083 50.000000
-0.255969 0.237822 0.179083 50.000000
-0.255014 0.260745 0.180038 50.000000
-0.722063 0.333333 0.180038 50.000000
-0.253104 0.423114 0.173352 50.000000
-0.116523 0.450812 0.179083 50.000000
0.540592 0.449857 0.179083 50.000000
0.638968 0.454632 0.176218 50.000000
-0.284623 -0.433620 0.181948 50.000000
0.655205 -0.410697 0.186724 50.000000
-0.632283 -0.277937 0.180993 53.000000
-0.238778 -0.279847 0.184814 50.000000
-0.348615 -0.256925 0.180993 53.000000
-0.237822 -0.147087 0.180993 50.000000
0.539637 -0.138491 0.185769 50.000000
0.256925 -0.120344 0.183859 52.000000
0.326648 -0.119389 0.186724 52.000000
0.914040 -0.083095 0.180993 50.000000
-0.831901 -0.008596 0.185769 53.000000
-0.011461 0.081184 0.187679 52.000000
-0.854823 0.105062 0.181948 50.000000
0.475645 0.114613 0.184814 50.000000
-0.389685 0.124164 0.189589 50.000000
0.404967 0.134670 0.181948 50.000000
-0.655205 0.216810 0.188634 50.000000
0.269341 0.294174 0.180993 50.000000
0.248329 0.319007 0.186724 50.000000
-0.455587 0.332378 0.187679 50.000000
0.367717 0.370583 0.184814 50.000000
0.947469 0.426934 0.183859 50.000000
0.949379 0.451767 0.183859 50.000000
0.232092 -0.433620 0.198185 51.000000
0.441261 -0.433620 0.197230 51.000000
0.831901 -0.386820 0.190545 50.000000
0.050621 -0.366762 0.198185 51.000000
0.208214 -0.367717 0.190545 51.000000
0.560649 -0.365807 0.195320 51.000000
-0.238778 -0.344795 0.199140 50.000000
0.759312 -0.340974 0.198185 50.000000
-0.038204 -0.234002 0.196275 51.000000
0.515759 -0.229226 0.196275 50.000000
0.887297 -0.200573 0.191500 50.000000
0.029608 -0.189112 0.194365 50.000000
-0.281757 -0.167144 0.197230 50.000000
0.121299 -0.166189 0.197230 50.000000
-0.765998 -0.143266 0.196275 53.000000
0.374403 -0.140401 0.190545 50.000000
-0.124164 -0.032474 0.198185 52.000000
-0.324737 -0.010506 0.195320 50.000000
0.261700 0.017192 0.192455 52.000000
0.102197 0.060172 0.190545 52.000000
-0.810888 0.082139 0.190545 50.000000
-0.300860 0.080229 0.199140 50.000000
0.287488 0.086915 0.190545 52.000000
-0.345750 0.102197 0.192455 50.000000
-0.010506 0.104107 0.190545 52.000000
-0.610315 0.148997 0.193410 50.000000
-0.456543 0.147087 0.191500 50.000000
0.814709 0.369628 0.191500 50.000000
-0.860554 0.432665 0.191500 50.000000
-0.409742 0.450812 0.191500 50.000000
0.446991 0.472779 0.192455 50.000000
0.936963 -0.456543 0.200095 50.000000
-0.127985 -0.411652 0.205826 51.000000
-0.061127 -0.411652 0.204871 51.000000
-0.039160 -0.389685 0.202005 51.000000
0.187202 -0.388730 0.203916 51.000000
0.074499 -0.366762 0.205826 51.000000
-0.215855 -0.344795 0.207736 50.000000
0.711557 -0.318052 0.204871 50.000000
0.637058 -0.296084 0.201050 50.000000
0.589303 -0.251194 0.201050 50.000000
0.688634 -0.180516 0.201050 50.000000
-0.633238 -0.166189 0.201050 53.000000
-0.279847 -0.076409 0.207736 50.000000
0.381089 -0.001910 0.204871 52.000000
-0.878701 0.085005 0.201050 50.000000
0.554919 0.120344 0.207736 50.000000
-0.744986 0.151862 0.201050 50.000000
-0.188157 0.149952 0.202961 50.000000
-0.656161 0.173830 0.203916 50.000000
-0.005731 0.222541 0.204871 52.000000
-0.186246 0.265521 0.202005 50.000000
-0.231137 0.312321 0.202961 50.000000
-0.679083 0.384909 0.205826 50.000000
0.846227 0.399236 0.202961 50.000000
0.350525 0.422159 0.202005 50.000000
0.695320 0.439351 0.202005 50.000000
-0.282713 -0.410697 0.210602 50.000000
-0.193887 -0.410697 0.213467 50.000000
0.097421 -0.388730 0.212512 51.000000
-0.612225 -0.254059 0.217287 53.000000
0.542502 -0.251194 0.209647 50.000000
-0.523400 -0.187202 0.218243 53.000000
0.214900 -0.186246 0.211557 50.000000
-0.170010 -0.166189 0.210602 50.000000
0.795607 -0.153773 0.217287 50.000000
0.821394 -0.128940 0.217287 50.000000
-0.589303 -0.097421 0.215377 53.000000
-0.545368 -0.098376 0.212512 53.000000
0.080229 -0.028653 0.210602 52.000000
-0.567335 0.060172 0.212512 50.000000
-0.478510 0.060172 0.213467 50.000000
-0.366762 0.151862 0.218243 50.000000
0.085960 0.178606 0.215377 52.000000
0.368672 0.234002 0.215377 50.000000
-0.521490 0.268386 0.218243 50.000000
-0.001910 0.318052 0.215377 50.000000
0.398281 0.354346 0.218243 50.000000
-0.432665 0.384909 0.214422 50.000000
-0.066858 0.461318 0.217287 50.000000
-0.502388 -0.387775 0.219198 53.000000
0.667622 -0.340974 0.225883 50.000000
0.795607 -0.246418 0.227794 50.000000
-0.346705 -0.097421 0.223973 50.000000
-0.612225 -0.051576 0.224928 53.000000
-0.144222 -0.028653 0.226838 52.000000
-0.097421 0.085005 0.222063 52.000000
0.040115 0.133715 0.226838 52.000000
-0.455587 0.270296 0.227794 50.000000
-0.138491 0.294174 0.224928 50.000000
0.234002 0.397326 0.220153 50.000000
0.826170 0.402101 0.221108 50.000000
-0.021012 0.415473 0.226838 50.000000
-0.318052 0.434575 0.219198 50.000000
0.260745 0.448902 0.226838 50.000000
-0.259790 -0.432665 0.232569 50.000000
-0.125119 -0.387775 0.237345 51.000000
-0.325693 -0.320917 0.229704 50.000000
0.574021 -0.272206 0.236390 50.000000
-0.168099 -0.209169 0.236390 50.000000
-0.055396 -0.141356 0.228749 50.000000
0.391595 0.142311 0.229704 50.000000
-0.769819 0.180516 0.232569 50.000000
-0.906399 0.206304 0.228749 50.000000
-0.680038 0.202483 0.230659 50.000000
-0.115568 0.296084 0.233524 50.000000
-0.092646 0.296084 0.228749 50.000000
-0.045845 0.321872 0.234480 50.000000
-0.295129 0.413563 0.231614 50.000000
-0.181471 0.414518 0.230659 50.000000
0.454632 0.433620 0.234480 50.000000
0.167144 0.446991 0.234480 50.000000
0.601719 0.440306 0.228749 50.000000
-0.680993 0.464183 0.235435 50.000000
0.073543 0.468004 0.230659 50.000000
-0.524355 -0.386820 0.242120 53.000000
-0.502388 -0.364852 0.241165 53.000000
-0.257880 -0.342884 0.245941 50.000000
0.288443 -0.319007 0.244985 51.000000
-0.191022 -0.253104 0.239255 50.000000
0.173830 -0.183381 0.243075 50.000000
0.222541 -0.091691 0.246896 52.000000
-0.367717 -0.049666 0.244985 50.000000
0.129895 -0.047756 0.242120 52.000000
-0.456543 0.086915 0.240210 50.000000
-0.635148 0.180516 0.241165 50.000000
-0.023878 0.252149 0.239255 50.000000
0.757402 0.427889 0.243075 50.000000
0.216810 0.450812 0.244030 50.000000
-0.225406 0.466094 0.245941 50.000000
0.172875 -0.364852 0.251671 51.000000
0.312321 -0.341929 0.248806 51.000000
0.478510 -0.318052 0.247851 51.000000
-0.523400 -0.229226 0.254537 53.000000
-0.435530 -0.162369 0.252626 50.000000
-0.166189 -0.140401 0.247851 50.000000
-0.233047 -0.116523 0.253582 50.000000
-0.613181 -0.024833 0.253582 53.000000
0.201528 -0.021968 0.248806 52.000000
-0.003820 0.066858 0.249761 52.000000
-0.953200 0.140401 0.248806 50.000000
-0.139446 0.135626 0.253582 50.000000
-0.000000 0.208214 0.256447 52.000000
0.068768 0.255014 0.247851 52.000000
-0.021012 0.302770 0.253582 50.000000
0.308500 0.335244 0.254537 50.000000
-0.590258 0.347660 0.253582 50.000000
-0.431710 0.345750 0.249761 50.000000
-0.133715 0.419293 0.250716 50.000000
-0.110793 0.444126 0.248806 50.000000
0.461318 0.464183 0.255492 50.000000
-0.414518 -0.386820 0.257402 53.000000
0.150907 -0.341929 0.260267 51.000000
-0.390640 -0.251194 0.265043 53.000000
-0.658071 -0.046800 0.260267 53.000000
-0.185291 0.067813 0.265998 50.000000
-0.276027 0.089780 0.258357 50.000000
0.520535 0.151862 0.261223 50.000000
-0.954155 0.165234 0.258357 50.000000
-0.862464 0.163324 0.259312 50.000000
-0.159503 0.254059 0.260267 50.000000
0.117478 0.258835 0.260267 50.000000
-0.864375 0.282713 0.265043 50.000000
-0.613181 0.300860 0.257402 50.000000
-0.796562 0.376313 0.262178 50.000000
-0.704871 0.398281 0.261223 50.000000
0.683859 0.402101 0.261223 50.000000
-0.477555 0.420248 0.260267 50.000000
0.124164 0.428844 0.264088 50.000000
0.609360 0.423114 0.263133 50.000000
-0.085960 0.446991 0.260267 50.000000
0.438395 0.465138 0.265043 50.000000
-0.591213 0.470869 0.265998 50.000000
0.125119 0.476600 0.260267 50.000000
-0.636103 -0.340019 0.268863 53.000000
0.021967 0.071633 0.274594 52.000000
-0.478510 0.160458 0.266953 50.000000
0.404967 0.269341 0.269818 50.000000
-0.088825 0.281757 0.275549 50.000000
-0.042025 0.305635 0.271729 50.000000
-0.249284 0.326648 0.269818 50.000000
0.241643 0.384909 0.270773 50.000000
-0.659981 0.400191 0.271729 50.000000
0.412607 0.416428 0.271729 50.000000
0.687679 0.428844 0.268863 50.000000
-0.591213 0.446991 0.266953 50.000000
-0.361987 0.446991 0.272684 50.000000
-0.845272 0.452722 0.274594 50.000000
0.126074 0.454632 0.270773 50.000000
-0.458453 -0.385864 0.278415 53.000000
0.632283 -0.384909 0.278415 50.000000
0.485196 -0.362942 0.277459 51.000000
-0.163324 -0.113658 0.284145 50.000000
0.042980 -0.089780 0.284145 52.000000
-0.001910 -0.021012 0.282235 52.000000
0.184336 0.027698 0.281280 52.000000
-0.933142 0.075454 0.280325 50.000000
-0.478510 0.116523 0.281280 50.000000
0.093601 0.143266 0.277459 52.000000
-0.453677 0.449857 0.284145 50.000000
-0.986629 0.459408 0.283190 50.000000
0.416428 0.467049 0.276504 50.000000
-0.453677 0.474690 0.284145 50.000000
-0.292264 0.473734 0.280325 50.000000
0.592168 0.476600 0.279370 50.000000
0.107927 -0.431710 0.287965 51.000000
0.202483 -0.408787 0.291786 51.000000
0.109838 -0.295129 0.288921 51.000000
-0.547278 -0.272206 0.287010 53.000000
-0.749761 -0.134670 0.287010 53.000000
-0.704871 -0.134670 0.289876 53.000000
0.116523 0.052531 0.294651 52.000000
-0.912130 0.147087 0.290831 50.000000
0.380134 0.150907 0.286055 50.000000
-0.751672 0.260745 0.287010 50.000000
0.340019 0.343840 0.289876 50.000000
-0.385864 0.354346 0.291786 50.000000
-0.361987 0.425979 0.287965 50.000000
-0.915950 0.458453 0.287965 50.000000
-0.338109 0.475645 0.287010 50.000000
-0.269341 0.476600 0.290831 50.000000
0.905444 0.471824 0.287010 50.000000
0.179561 -0.431710 0.295606 51.000000
0.419293 -0.316141 0.303248 51.000000
0.948424 -0.287488 0.295606 50.000000
0.690544 -0.266476 0.299427 50.000000
-0.003820 -0.249284 0.296561 51.000000
-0.161414 -0.042980 0.300382 52.000000
-0.501433 -0.020057 0.298472 50.000000
-0.682904 -0.018147 0.302292 53.000000
-0.637058 0.143266 0.296561 50.000000
-0.500478 0.166189 0.298472 50.000000
0.121299 0.170965 0.300382 52.000000
0.288443 0.198663 0.302292 50.000000
-0.591213 0.309456 0.298472 50.000000
-0.408787 0.332378 0.297517 50.000000
-0.151863 0.456543 0.303248 50.000000
0.830946 0.470869 0.304203 50.000000
0.253104 -0.408787 0.313753 51.000000
-0.277937 -0.384909 0.307068 50.000000
0.135626 -0.385864 0.308978 51.000000
-0.118434 -0.362942 0.307068 51.000000
-0.705826 -0.269341 0.311843 53.000000
-0.276982 -0.249284 0.305158 50.000000
0.303725 -0.199618 0.312798 50.000000
-0.389685 -0.157593 0.306113 50.000000
0.932187 -0.141356 0.314708 50.000000
-0.229226 -0.064947 0.309933 50.000000
0.234957 -0.061127 0.313753 52.000000
-0.089780 0.051576 0.310888 52.000000
-0.891118 0.219675 0.305158 50.000000
-0.569246 0.262655 0.308023 50.000000
0.318052 0.321872 0.305158 50.000000
0.296084 0.346705 0.312798 50.000000
0.544413 0.405922 0.308978 50.000000
0.154728 0.416428 0.313753 50.000000
-0.941738 0.439351 0.310888 50.000000
-0.684814 0.457498 0.306113 50.000000
0.857689 0.448902 0.310888 50.000000
-0.661891 0.458453 0.311843 50.000000
0.108882 0.464183 0.312798 50.000000
0.400191 0.475645 0.314708 50.000000
0.159503 -0.454632 0.316619 51.000000
0.300860 -0.454632 0.315664 51.000000
0.420248 -0.454632 0.315664 51.000000
0.928367 -0.310411 0.316619 50.000000
-0.139446 -0.293219 0.322350 51.000000
-0.729704 -0.107927 0.322350 53.000000
0.140401 -0.085005 0.317574 52.000000
-0.615091 -0.063037 0.318529 53.000000
-0.638013 0.218720 0.322350 50.000000
-0.478510 0.241643 0.322350 50.000000
-0.569246 0.289398 0.319484 50.000000
0.396371 0.377268 0.320439 50.000000
-0.661891 0.386819 0.320439 50.000000
-0.245463 0.409742 0.316619 50.000000
-0.104107 0.436485 0.321394 50.000000
-0.895893 0.465138 0.318529 50.000000
-0.412608 -0.429799 0.329990 53.000000
0.184336 -0.407832 0.326170 51.000000
-0.162369 -0.361987 0.330945 51.000000
-0.593123 -0.338109 0.328080 53.000000
-0.115568 -0.293219 0.329035 51.000000
-0.275072 -0.270296 0.333811 50.000000
0.701051 -0.216810 0.329035 50.000000
-0.683859 -0.176695 0.329990 53.000000
-0.181471 -0.016237 0.327125 50.000000
-0.661891 0.126074 0.331901 50.000000
-0.823305 0.150907 0.329035 50.000000
-0.040115 0.149952 0.329035 52.000000
0.148042 0.151862 0.327125 52.000000
0.440306 0.184336 0.332856 50.000000
0.080229 0.224451 0.333811 52.000000
-0.454632 0.265521 0.325215 50.000000
-0.871060 0.272206 0.332856 50.000000
-0.384909 0.410697 0.325215 50.000000
0.351480 0.426934 0.330945 50.000000
0.835721 0.425979 0.328080 50.000000
0.234002 -0.407832 0.337631 51.000000
-0.458453 -0.338109 0.341452 53.000000
-0.115568 -0.338109 0.340496 51.000000
0.116523 -0.338109 0.335721 51.000000
0.940783 -0.163324 0.340496 50.000000
-0.297039 -0.154728 0.341452 50.000000
0.756447 -0.143266 0.337631 50.000000
-0.730659 0.009551 0.335721 53.000000
-0.777459 0.127985 0.334766 50.000000
-0.847183 0.177650 0.339541 50.000000
-0.616046 0.366762 0.338586 50.000000
-0.010506 0.367717 0.334766 50.000000
-0.850048 0.443171 0.334766 50.000000
0.948424 0.460363 0.336676 50.000000
0.830946 -0.382044 0.344317 50.000000
-0.594078 -0.314231 0.350048 53.000000
0.453677 -0.313276 0.346227 51.000000
0.914040 -0.284623 0.349093 50.000000
0.628462 -0.264565 0.348138 50.000000
-0.297039 -0.177650 0.343362 50.000000
-0.251194 -0.176695 0.349093 50.000000
0.361032 -0.125119 0.352913 50.000000
0.815664 -0.068768 0.351003 50.000000
-0.846227 -0.034384 0.343362 53.000000
0.028653 -0.036294 0.345272 52.000000
-0.661891 0.010506 0.345272 53.000000
-0.638969 0.105062 0.351003 50.000000
-0.824260 0.129895 0.343362 50.000000
0.127030 0.154728 0.346227 52.000000
0.454632 0.435530 0.348138 50.000000
0.922636 0.434575 0.346227 50.000000
0.606495 0.441261 0.344317 50.000000
0.234002 0.452722 0.351003 50.000000
0.763133 0.450812 0.347183 50.000000
0.118434 -0.476600 0.360554 51.000000
-0.252149 -0.383954 0.356733 50.000000
-0.617001 -0.336199 0.359599 53.000000
0.998090 -0.307545 0.359599 50.000000
-0.685769 -0.267431 0.354823 53.000000
0.971347 -0.258835 0.357688 50.000000
0.513849 0.044890 0.354823 50.000000
-0.061127 0.083095 0.360554 52.000000
-0.803247 0.276027 0.357688 50.000000
-0.197708 0.320917 0.356733 50.000000
-0.780325 0.348615 0.359599 50.000000
0.478510 0.387775 0.353868 50.000000
0.896848 0.409742 0.356733 50.000000
0.687679 0.448902 0.356733 50.000000
-0.336199 0.467049 0.354823 50.000000
0.191022 -0.453677 0.366285 51.000000
-0.159503 -0.382999 0.370105 51.000000
0.168099 -0.360076 0.366285 51.000000
-0.662846 -0.312321 0.363419 53.000000
0.868195 -0.212034 0.366285 50.000000
0.410697 -0.170965 0.362464 50.000000
0.925501 -0.136581 0.372015 50.000000
-0.662846 -0.009551 0.369150 53.000000
-0.225406 0.011461 0.365329 50.000000
-0.131805 0.013372 0.372015 52.000000
0.495702 0.167144 0.362464 50.000000
-0.220630 0.323782 0.368195 50.000000
-0.734480 0.424069 0.369150 50.000000
-0.336199 0.446036 0.370105 50.000000
0.823305 0.459408 0.369150 50.000000
-0.806113 0.474690 0.368195 50.000000
-0.477555 0.469914 0.364374 50.000000
-0.296084 -0.244508 0.375836 50.000000
-0.295129 -0.127985 0.377746 50.000000
0.565425 -0.071633 0.374881 50.000000
0.033429 0.062082 0.374881 52.000000
-0.432665 0.130850 0.372970 50.000000
-0.454632 0.203438 0.376791 50.000000
-0.477555 0.276027 0.375836 50.000000
0.016237 0.304680 0.380611 50.000000
0.745941 0.456543 0.376791 50.000000
0.411652 0.464183 0.372970 50.000000
-0.429799 0.471824 0.374881 50.000000
-0.503343 -0.427889 0.388252 53.000000
0.897803 -0.428844 0.388252 50.000000
-0.525310 -0.266476 0.384431 53.000000
-0.571156 -0.219675 0.385387 53.000000
0.055396 -0.195798 0.390162 50.000000
0.873926 -0.186246 0.382521 50.000000
-0.594078 -0.148997 0.390162 53.000000
-0.201528 -0.080229 0.382521 50.000000
-0.594078 0.015282 0.388252 50.000000
-0.780325 0.064947 0.386342 50.000000
-0.944604 0.114613 0.381566 50.000000
-0.454632 0.253104 0.383476 50.000000
0.484241 0.343840 0.386342 50.000000
-0.359121 0.425979 0.389207 50.000000
0.289398 0.462273 0.386342 50.000000
-0.405922 0.473734 0.383476 50.000000
-0.458453 -0.427889 0.399713 53.000000
-0.411652 -0.404967 0.393983 53.000000
-0.063037 -0.336199 0.395893 51.000000
0.957020 -0.256925 0.394938 50.000000
-0.640879 0.016237 0.391118 50.000000
-0.995225 0.166189 0.398758 50.000000
-0.781280 0.185291 0.391118 50.000000
-0.876791 0.235912 0.393028 50.000000
-0.547278 0.255969 0.398758 50.000000
-0.782235 0.258835 0.398758 50.000000
0.461318 0.345750 0.397803 50.000000
-0.025788 0.430755 0.396848 50.000000
0.491882 0.447947 0.397803 50.000000
0.266476 0.463228 0.392073 50.000000
-0.618911 -0.287488 0.407354 53.000000
0.418338 -0.286533 0.408309 51.000000
0.225406 -0.145177 0.408309 50.000000
-0.687679 -0.123209 0.402579 53.000000
-0.595033 -0.005731 0.407354 50.000000
0.064947 0.212034 0.403534 52.000000
-0.478510 0.233047 0.405444 50.000000
-0.077364 0.234957 0.408309 50.000000
0.243553 0.441261 0.408309 50.000000
-0.808978 0.459408 0.408309 50.000000
0.569246 -0.309456 0.414040 51.000000
0.914995 -0.084050 0.414040 50.000000
-0.853868 0.166189 0.414995 50.000000
0.435530 0.272206 0.411175 50.000000
-0.429799 0.406877 0.414995 50.000000
0.944604 0.425024 0.415950 50.000000
-0.477555 0.432665 0.416906 50.000000
0.318052 0.444126 0.412130 50.000000
-0.713467 0.458453 0.411175 50.000000
0.345750 0.472779 0.418816 50.000000
0.470869 -0.357211 0.426456 51.000000
0.882522 -0.355301 0.419771 50.000000
0.991404 -0.329513 0.419771 50.000000
-0.153773 -0.240688 0.422636 51.000000
-0.735435 -0.238777 0.421681 53.000000
0.944604 -0.106972 0.422636 50.000000
-0.688634 -0.027698 0.419771 53.000000
-0.876791 0.046800 0.419771 50.000000
-0.688634 0.140401 0.419771 50.000000
-0.407832 0.188157 0.425501 50.000000
0.462273 0.226361 0.427411 50.000000
-0.689589 0.261700 0.421681 50.000000
0.166189 0.291309 0.422636 50.000000
-0.714422 0.411652 0.426456 50.000000
-0.642789 0.410697 0.426456 50.000000
-0.120344 0.410697 0.424546 50.000000
0.319007 0.421203 0.419771 50.000000
-0.453677 0.458453 0.421681 50.000000
-0.924546 -0.307545 0.430277 50.000000
-0.294174 -0.286533 0.437918 50.000000
-0.642789 -0.191977 0.433142 53.000000
-0.595989 -0.168099 0.433142 53.000000
0.162369 0.072588 0.436963 52.000000
0.092646 0.193887 0.436963 52.000000
0.312321 0.197708 0.431232 50.000000
-0.524355 0.261700 0.429322 50.000000
-0.880611 0.267431 0.434097 50.000000
-0.022923 0.414518 0.434097 50.000000
0.787010 0.445081 0.430277 50.000000
-0.142311 0.463228 0.434097 50.000000
0.155683 -0.427889 0.446514 51.000000
-0.223496 -0.357211 0.440783 50.000000
-0.129895 -0.357211 0.441738 51.000000
-0.127030 -0.049666 0.440783 52.000000
-0.808023 -0.046800 0.445559 53.000000
-0.833811 0.269341 0.445559 50.000000
0.833811 0.294174 0.439828 50.000000
0.448902 0.430755 0.440783 50.000000
0.845272 0.450812 0.441738 50.000000
-0.500478 0.464183 0.446514 50.000000
-0.836676 0.468959 0.446514 50.000000
0.504298 -0.331423 0.457020 51.000000
-0.270296 -0.309456 0.453199 50.000000
0.984718 -0.027698 0.452244 50.000000
0.212989 0.027698 0.456065 52.000000
0.264565 0.126074 0.455110 52.000000
-0.762178 0.220630 0.455110 50.000000
-0.572111 0.341929 0.457020 50.000000
-0.548233 0.341929 0.457020 50.000000
-0.046800 0.367717 0.449379 50.000000
-0.069723 0.393505 0.453199 50.000000
0.028653 0.445081 0.450334 50.000000
0.085005 -0.451767 0.457975 51.000000
-0.667622 -0.165234 0.459885 53.000000
-0.076409 -0.022923 0.462751 52.000000
-0.431710 0.072588 0.459885 50.000000
-0.882522 0.222541 0.457975 50.000000
-0.478510 0.219675 0.466571 50.000000
0.497612 0.258835 0.465616 50.000000
0.504298 0.386819 0.465616 50.000000
-0.117479 0.394460 0.463706 50.000000
-0.165234 0.418338 0.457975 50.000000
-0.620821 0.443171 0.460841 50.000000
-0.453677 0.442216 0.459885 50.000000
-0.404967 0.467049 0.458930 50.000000
0.558739 0.465138 0.459885 50.000000
-0.150907 -0.308500 0.471346 51.000000
-0.268386 -0.213945 0.469436 50.000000
-0.787011 0.052531 0.474212 50.000000
-0.787966 0.297994 0.473257 50.000000
-0.788921 0.398281 0.471346 50.000000
-0.548233 0.395415 0.473257 50.000000
0.353391 0.407832 0.473257 50.000000
-0.139446 0.446991 0.472302 50.000000
0.993314 0.440306 0.476122 50.000000
0.032474 0.476600 0.476122 50.000000
0.483286 -0.451767 0.484718 51.000000
0.186246 -0.379179 0.484718 51.000000
0.877746 -0.277937 0.480898 50.000000
0.963706 -0.176695 0.484718 50.000000
-0.691500 -0.139446 0.483763 53.000000
-0.192932 0.075454 0.481853 50.000000
0.170965 0.152818 0.479943 52.000000
-0.501433 0.172875 0.479943 50.000000
-0.596944 0.371538 0.478988 50.000000
0.533906 0.416428 0.477077 50.000000
-0.332378 0.447947 0.484718 50.000000
0.356256 0.460363 0.477077 50.000000
-0.211079 0.473734 0.479943 50.000000
-0.064948 0.476600 0.485673 50.000000
-0.123209 -0.140401 0.492359 50.000000
0.999045 -0.048711 0.494269 50.000000
-0.573066 0.028653 0.492359 50.000000
0.367717 0.034384 0.487584 52.000000
-0.070678 0.176695 0.495224 52.000000
0.052531 0.276982 0.487584 52.000000
-0.477555 0.399236 0.494269 50.000000
-0.477555 0.424069 0.489494 50.000000
0.307545 0.436485 0.491404 50.000000
0.539637 0.446036 0.494269 50.000000
-0.596944 0.450812 0.492359 50.000000
0.262655 -0.450812 0.500955 51.000000
0.994269 -0.275072 0.502865 50.000000
-0.645654 -0.017192 0.503820 53.000000
-0.910220 0.083095 0.504776 50.000000
-0.693410 0.105062 0.504776 50.000000
0.481375 0.265521 0.503820 50.000000
0.567335 0.424069 0.504776 50.000000
0.861509 0.437440 0.500000 50.000000
-0.549188 0.451767 0.499045 50.000000
0.414518 -0.475645 0.514327 51.000000
-0.076409 -0.403056 0.509551 51.000000
0.190067 -0.403056 0.511461 51.000000
-0.100287 -0.306590 0.505731 51.000000
0.371538 -0.011461 0.514327 52.000000
-0.190067 0.153773 0.514327 50.000000
-0.113658 0.379179 0.507641 50.000000
0.413563 0.445081 0.511461 50.000000
-0.038204 0.456543 0.506686 50.000000
-0.890162 0.459408 0.506686 50.000000
0.838586 0.464183 0.506686 50.000000
0.544413 0.475645 0.507641 50.000000
0.191022 -0.474690 0.516237 51.000000
-0.314231 -0.354346 0.517192 50.000000
-0.455587 0.007641 0.521012 50.000000
0.300860 0.112703 0.522922 52.000000
-0.136581 0.430755 0.515282 50.000000
0.212034 0.465138 0.520057 50.000000
0.706781 0.461318 0.523878 50.000000
0.314231 0.469914 0.522922 50.000000
