0.204006 0.201806 -1.000000 50.000000
0.051866 0.247071 0.445655 51.000000
0.056895 0.206207 0.448766 51.000000
0.289821 -0.151826 0.446544 53.000000
-0.081728 0.117877 0.448766 50.000000
0.105304 -0.145225 0.445210 50.000000
-0.248957 0.030491 0.446988 50.000000
-0.375950 0.145539 0.447433 50.000000
-0.396382 0.164085 0.445655 50.000000
-0.156541 -0.083929 0.446099 50.000000
-0.031120 -0.213122 0.448322 50.000000
-0.042750 -0.200234 0.446988 50.000000
0.046522 -0.295794 0.445210 50.000000
0.186089 -0.442904 0.447877 50.000000
0.106247 -0.364319 0.447877 50.000000
-0.263417 0.005344 0.447433 50.000000
-0.411785 0.151197 0.447877 50.000000
-0.302709 0.041493 0.447877 50.000000
0.179802 -0.450449 0.448322 50.000000
0.087701 -0.356461 0.445210 50.000000
-0.462708 0.182631 0.446099 50.000000
0.167543 0.165343 0.449211 51.000000
0.068840 0.241413 0.450545 51.000000
0.231040 0.054066 0.450989 50.000000
0.015717 0.270646 0.449655 50.000000
0.051237 0.211865 0.449211 51.000000
-0.112219 0.147111 0.449655 50.000000
-0.370606 0.151512 0.453212 50.000000
-0.442590 0.201492 0.452323 50.000000
-0.073555 -0.170686 0.453212 50.000000
-0.251157 0.005029 0.450989 50.000000
-0.276619 0.029234 0.449655 50.000000
0.039921 -0.291078 0.450100 50.000000
-0.283849 0.035206 0.451878 50.000000
-0.405498 0.157484 0.450545 50.000000
-0.428130 0.176344 0.451878 50.000000
0.063497 -0.331628 0.450989 50.000000
-0.140510 -0.128250 0.450100 50.000000
-0.311510 0.033949 0.452767 50.000000
0.166914 -0.452020 0.451878 50.000000
0.044951 -0.325027 0.450100 50.000000
0.161885 0.194262 0.454101 50.000000
0.190175 0.094931 0.456768 50.000000
0.109076 0.153398 0.455879 51.000000
0.014460 0.141767 0.454545 51.000000
-0.069469 0.200549 0.454545 50.000000
0.218780 -0.103418 0.456768 53.000000
-0.244556 0.023575 0.454101 50.000000
-0.265617 0.028919 0.456768 50.000000
0.087701 -0.333200 0.456324 50.000000
-0.220666 -0.025461 0.454545 50.000000
-0.311510 0.059096 0.455879 50.000000
0.093359 -0.353318 0.455879 50.000000
-0.401726 0.138624 0.457213 50.000000
-0.099331 -0.171944 0.454545 50.000000
-0.190490 -0.080785 0.454545 50.000000
-0.332571 0.064440 0.457213 50.000000
-0.298623 0.022318 0.453656 50.000000
-0.148683 -0.136423 0.456768 50.000000
-0.154655 -0.130451 0.456324 50.000000
0.137995 0.135795 0.459880 51.000000
0.248643 -0.098074 0.460769 53.000000
0.272532 -0.135795 0.458991 53.000000
0.254615 -0.166914 0.458102 53.000000
0.129822 -0.049037 0.459880 50.000000
-0.401097 0.214065 0.458102 50.000000
-0.209350 -0.026090 0.462103 50.000000
-0.293593 0.052495 0.462103 50.000000
-0.093045 -0.153712 0.459880 50.000000
-0.273161 0.022004 0.458991 50.000000
-0.401726 0.151197 0.458102 50.000000
-0.241727 -0.020746 0.459880 50.000000
-0.368406 0.107190 0.462103 50.000000
-0.454535 0.182631 0.461658 50.000000
0.073555 0.235440 0.462547 51.000000
0.212494 -0.161256 0.462547 53.000000
-0.432217 0.214380 0.462547 50.000000
-0.172572 -0.050294 0.466104 50.000000
-0.390095 0.150883 0.465659 50.000000
-0.342001 0.095245 0.466548 50.000000
0.002200 -0.256501 0.464325 50.000000
-0.076385 -0.186089 0.462547 50.000000
-0.106561 -0.155284 0.463881 50.000000
-0.250214 -0.015403 0.466548 50.000000
-0.341687 0.069783 0.463436 50.000000
-0.369035 0.094616 0.462992 50.000000
-0.389781 0.113477 0.462547 50.000000
0.007230 -0.289192 0.462992 50.000000
0.333200 -0.063811 0.467882 50.000000
0.308996 -0.113162 0.468326 53.000000
-0.075127 0.032063 0.468326 52.000000
-0.262788 0.033634 0.470994 50.000000
-0.045894 -0.192690 0.468326 50.000000
-0.237326 -0.003143 0.470549 50.000000
0.068526 -0.317169 0.468771 50.000000
0.148368 -0.408327 0.469660 50.000000
0.031434 -0.290764 0.469215 50.000000
0.007544 -0.263731 0.467882 50.000000
0.086129 -0.351746 0.469660 50.000000
-0.023575 -0.245814 0.470994 50.000000
-0.245185 -0.034892 0.469660 50.000000
0.012259 0.331943 0.475439 50.000000
0.376264 -0.096188 0.471438 50.000000
0.170686 -0.082357 0.474994 50.000000
0.218780 -0.157484 0.472772 53.000000
0.242670 -0.209036 0.471438 53.000000
-0.414300 0.195205 0.472772 50.000000
-0.071984 -0.182317 0.474550 50.000000
-0.120078 -0.131708 0.471438 50.000000
-0.378779 0.125736 0.472327 50.000000
-0.157798 -0.108447 0.474105 50.000000
-0.176030 -0.089587 0.472327 50.000000
-0.305224 0.032063 0.474550 50.000000
-0.214380 -0.065697 0.472772 50.000000
0.072298 0.188289 0.477662 51.000000
-0.006601 0.182317 0.478995 51.000000
-0.156541 0.304595 0.478995 50.000000
-0.013202 0.116620 0.477217 50.000000
0.151512 -0.165028 0.477217 53.000000
0.156855 -0.237012 0.477662 50.000000
0.028605 -0.179802 0.477662 50.000000
0.174144 -0.367463 0.476773 50.000000
-0.332257 0.119449 0.479884 50.000000
-0.071041 -0.156855 0.476328 50.000000
-0.271904 0.038978 0.478106 50.000000
-0.304281 0.070098 0.475883 50.000000
-0.246757 0.001886 0.479440 50.000000
-0.304595 0.057210 0.475883 50.000000
0.166914 -0.419329 0.478551 50.000000
-0.048408 -0.221609 0.476328 50.000000
-0.072927 -0.196462 0.478106 50.000000
-0.280077 0.006915 0.478995 50.000000
-0.353946 0.075127 0.478106 50.000000
0.160313 -0.440390 0.475883 50.000000
0.131394 0.152455 0.480774 51.000000
0.249271 0.008173 0.483885 53.000000
0.237641 -0.028605 0.484330 53.000000
-0.068840 0.279134 0.482996 50.000000
0.065383 0.134852 0.481218 51.000000
-0.074498 0.188604 0.480329 50.000000
0.087386 0.002200 0.481218 50.000000
0.075756 0.014460 0.480774 50.000000
0.261530 -0.192061 0.480329 53.000000
0.002515 0.012888 0.483441 50.000000
-0.027976 0.030805 0.484330 52.000000
-0.139252 0.103103 0.482107 52.000000
-0.390095 0.169743 0.484330 50.000000
-0.410527 0.175716 0.480774 50.000000
-0.017603 -0.228525 0.481218 50.000000
-0.030491 -0.216266 0.484330 50.000000
-0.146168 -0.096817 0.482552 50.000000
0.148054 -0.398583 0.481663 50.000000
0.091787 -0.349231 0.482996 50.000000
-0.128251 -0.128565 0.483885 50.000000
-0.140824 -0.115991 0.484330 50.000000
-0.375636 0.118820 0.482107 50.000000
-0.122907 -0.147111 0.482552 50.000000
-0.241413 -0.029862 0.480329 50.000000
0.029234 0.254615 0.486553 51.000000
0.136423 0.110962 0.486108 51.000000
0.016660 0.158427 0.485663 51.000000
-0.008173 0.170058 0.488775 51.000000
0.164085 -0.129194 0.488775 50.000000
-0.034263 0.049037 0.486108 52.000000
-0.139252 0.139567 0.485663 50.000000
-0.280077 0.057210 0.484774 50.000000
-0.327542 0.087701 0.484774 50.000000
-0.097760 -0.147111 0.486108 50.000000
-0.348603 0.106247 0.486108 50.000000
-0.262159 0.012888 0.488331 50.000000
-0.301766 0.037406 0.485219 50.000000
-0.093045 -0.179488 0.486108 50.000000
-0.037721 -0.237326 0.486108 50.000000
-0.062868 -0.212179 0.488775 50.000000
0.083300 0.260273 0.490998 51.000000
0.100589 0.134223 0.491887 51.000000
0.183574 0.025462 0.491887 53.000000
0.249586 -0.054381 0.489220 53.000000
-0.039607 0.224753 0.493221 51.000000
0.189232 -0.029234 0.490553 53.000000
0.286363 -0.155912 0.489664 53.000000
0.261845 -0.155912 0.491887 53.000000
0.116306 -0.041807 0.489664 50.000000
0.225067 -0.154969 0.489664 53.000000
0.249586 -0.207778 0.490998 53.000000
-0.216894 -0.017917 0.490109 50.000000
-0.142081 -0.104675 0.491443 50.000000
-0.371549 0.124793 0.490109 50.000000
-0.043379 -0.205264 0.490998 50.000000
-0.105618 -0.154969 0.491443 50.000000
-0.148997 -0.111590 0.491887 50.000000
-0.180117 -0.080471 0.490998 50.000000
-0.205264 -0.055324 0.490553 50.000000
-0.444162 0.188604 0.490109 50.000000
-0.044322 -0.218780 0.491443 50.000000
-0.056267 -0.205578 0.490109 50.000000
-0.394182 0.131080 0.492776 50.000000
-0.143024 -0.130765 0.490998 50.000000
0.128251 -0.410213 0.491443 50.000000
0.115677 -0.395125 0.490109 50.000000
0.118192 0.115991 0.494110 51.000000
-0.064440 0.273475 0.494999 50.000000
0.159056 0.012888 0.497222 53.000000
-0.153712 0.299251 0.494999 50.000000
0.173201 -0.418700 0.495443 50.000000
0.059724 -0.319683 0.495888 50.000000
0.028919 -0.285735 0.496777 50.000000
0.078271 -0.340744 0.497222 50.000000
-0.162199 -0.099646 0.494999 50.000000
-0.246128 -0.019489 0.496777 50.000000
-0.409270 0.143653 0.494554 50.000000
0.053438 -0.325970 0.494110 50.000000
-0.278819 0.011316 0.496777 50.000000
0.159999 -0.433160 0.493665 50.000000
0.045894 0.285106 0.500333 50.000000
0.015088 0.206521 0.499444 51.000000
-0.021375 0.242984 0.499444 51.000000
0.057210 0.115363 0.500333 51.000000
0.195205 -0.037092 0.498555 53.000000
0.147111 0.000314 0.499444 50.000000
0.256187 -0.164085 0.499889 53.000000
0.098074 -0.012259 0.499889 50.000000
-0.117877 0.089901 0.499444 52.000000
-0.218152 0.031748 0.502112 50.000000
-0.224124 0.038349 0.499889 50.000000
-0.366834 0.143968 0.498111 50.000000
0.192061 -0.428759 0.501667 50.000000
-0.143968 -0.093988 0.502112 50.000000
-0.156541 -0.093988 0.499889 50.000000
-0.456107 0.194891 0.499889 50.000000
-0.021061 -0.247071 0.499000 50.000000
-0.046208 -0.234497 0.499000 50.000000
-0.070726 -0.208721 0.499000 50.000000
-0.221609 -0.057838 0.501222 50.000000
-0.235126 -0.045579 0.502112 50.000000
0.063497 0.170058 0.503445 51.000000
0.122592 0.036149 0.506112 50.000000
0.262473 -0.145854 0.503445 53.000000
0.249900 -0.158427 0.503445 53.000000
0.037406 -0.199920 0.505668 50.000000
-0.149940 -0.075441 0.503890 50.000000
0.004401 -0.234812 0.506112 50.000000
-0.279134 0.049351 0.502556 50.000000
-0.188289 -0.050294 0.502556 50.000000
-0.398268 0.155912 0.504334 50.000000
-0.384123 0.130451 0.504779 50.000000
-0.273475 0.017289 0.503445 50.000000
-0.197091 -0.083614 0.504779 50.000000
0.330056 -0.064440 0.507891 53.000000
0.201492 -0.032063 0.507891 53.000000
0.176030 -0.107818 0.508780 50.000000
-0.024204 0.096188 0.507891 50.000000
0.029234 -0.020746 0.510113 50.000000
-0.037721 -0.150569 0.511002 50.000000
-0.399526 0.194891 0.508335 50.000000
-0.143653 -0.069155 0.507002 50.000000
-0.108133 -0.145539 0.507002 50.000000
-0.437246 0.188604 0.509224 50.000000
-0.177916 -0.077013 0.509224 50.000000
-0.190804 -0.064754 0.510558 50.000000
-0.288878 0.028919 0.509224 50.000000
-0.065697 -0.204321 0.509224 50.000000
-0.159685 -0.121649 0.507446 50.000000
-0.178859 -0.103103 0.507891 50.000000
-0.216894 -0.065068 0.507002 50.000000
0.038349 0.267503 0.515003 51.000000
0.032377 0.273475 0.512336 51.000000
0.020118 0.273790 0.511892 50.000000
0.171629 0.109076 0.513225 51.000000
0.105618 0.175716 0.513670 51.000000
0.013517 0.182317 0.512336 51.000000
0.104361 0.078271 0.515003 51.000000
0.244242 -0.077328 0.515003 53.000000
-0.024519 0.182003 0.515448 51.000000
-0.049351 0.194262 0.515448 50.000000
0.300509 -0.200863 0.511447 50.000000
0.133280 -0.064440 0.515003 50.000000
0.121335 -0.051866 0.512781 50.000000
0.120392 -0.102475 0.512781 50.000000
0.052495 -0.084243 0.512336 50.000000
0.017289 -0.208721 0.511447 50.000000
-0.234183 0.042750 0.511892 50.000000
-0.208093 0.005344 0.511447 50.000000
0.065068 -0.304909 0.515003 50.000000
-0.242984 -0.015088 0.511892 50.000000
-0.116620 -0.154026 0.513670 50.000000
-0.141767 -0.129508 0.515448 50.000000
-0.360547 0.078585 0.515003 50.000000
-0.373750 0.091158 0.513225 50.000000
0.445733 -0.133594 0.518115 50.000000
0.256815 0.022632 0.517226 53.000000
0.408013 -0.158741 0.517226 50.000000
-0.088015 0.318426 0.516337 50.000000
-0.011945 0.206521 0.515892 51.000000
-0.005972 0.138938 0.516781 51.000000
0.151826 -0.045894 0.516337 50.000000
0.194890 -0.115991 0.516781 53.000000
-0.050609 0.095559 0.517226 50.000000
0.004401 0.002829 0.515892 50.000000
-0.402983 0.220981 0.517226 50.000000
-0.276619 0.066954 0.518560 50.000000
-0.425616 0.188289 0.517226 50.000000
0.109076 -0.355204 0.519004 50.000000
0.159684 -0.412728 0.517671 50.000000
0.140510 -0.406127 0.519004 50.000000
0.045579 -0.313082 0.516781 50.000000
-0.036149 -0.238898 0.515892 50.000000
-0.084557 0.452020 0.523005 50.000000
0.056267 0.248957 0.520338 51.000000
0.389467 -0.152769 0.523894 50.000000
0.250843 -0.009116 0.521227 53.000000
0.189547 0.052809 0.524339 50.000000
-0.081728 0.275047 0.520338 50.000000
0.158741 0.022004 0.521671 50.000000
0.024518 0.144911 0.522116 51.000000
0.036463 0.120392 0.521671 51.000000
0.072927 0.059410 0.520782 51.000000
-0.057210 0.188289 0.523005 50.000000
0.029862 0.064754 0.522116 50.000000
-0.001886 0.058153 0.523894 50.000000
0.022004 -0.003458 0.521671 50.000000
0.032691 -0.080157 0.523005 50.000000
-0.008802 -0.185775 0.523005 50.000000
-0.231040 0.022632 0.523005 50.000000
-0.298308 0.072927 0.521671 50.000000
-0.173830 -0.059724 0.524339 50.000000
-0.098074 -0.148683 0.522561 50.000000
-0.180431 -0.066326 0.522116 50.000000
-0.347974 0.091158 0.522561 50.000000
0.114734 -0.377836 0.521671 50.000000
-0.328170 0.058782 0.524339 50.000000
-0.355204 0.084557 0.520782 50.000000
0.152769 -0.436618 0.520338 50.000000
0.099017 0.255244 0.525672 51.000000
0.178230 0.163457 0.527895 51.000000
0.099017 0.243299 0.525672 51.000000
0.287935 -0.073241 0.525228 53.000000
0.091787 0.101532 0.527451 51.000000
-0.155598 0.345773 0.527006 50.000000
0.244242 -0.066640 0.525672 53.000000
0.078271 0.040235 0.526561 50.000000
0.182317 -0.079528 0.528340 50.000000
0.225696 -0.137366 0.526117 53.000000
0.250843 -0.177602 0.527006 53.000000
0.045579 -0.029548 0.528340 50.000000
-0.028291 0.032377 0.527895 52.000000
0.199920 -0.258701 0.527895 50.000000
0.043693 -0.132023 0.524783 50.000000
-0.190175 0.074184 0.528784 52.000000
-0.027662 -0.166914 0.526117 50.000000
-0.167857 -0.053752 0.527895 50.000000
0.127936 -0.350803 0.527451 50.000000
-0.226324 0.002829 0.527006 50.000000
-0.162199 -0.085815 0.525672 50.000000
-0.239841 -0.010059 0.525228 50.000000
-0.293279 0.040235 0.524783 50.000000
0.026090 -0.281020 0.525228 50.000000
0.076384 -0.337601 0.528340 50.000000
-0.030805 -0.234812 0.527451 50.000000
-0.188918 -0.074184 0.527895 50.000000
-0.234497 -0.029862 0.527451 50.000000
0.120706 -0.388209 0.528784 50.000000
-0.221924 -0.055638 0.527895 50.000000
-0.235126 -0.043065 0.528340 50.000000
-0.248957 -0.030491 0.528784 50.000000
0.061611 0.231040 0.529673 51.000000
0.108447 -0.004401 0.531896 50.000000
0.213122 -0.165028 0.531007 53.000000
0.193633 -0.238584 0.530562 50.000000
0.179173 -0.410842 0.531896 50.000000
-0.111591 -0.123850 0.529229 50.000000
-0.365577 0.129508 0.532341 50.000000
-0.322512 0.078271 0.530562 50.000000
-0.416500 0.174773 0.531896 50.000000
-0.036778 -0.215637 0.531007 50.000000
-0.221295 -0.029862 0.530118 50.000000
-0.255558 0.001257 0.532785 50.000000
-0.415871 0.162199 0.530118 50.000000
0.006287 -0.263102 0.532785 50.000000
-0.005658 -0.249271 0.531451 50.000000
-0.138309 -0.125421 0.530562 50.000000
-0.209664 -0.055952 0.532785 50.000000
-0.012574 -0.256815 0.533230 50.000000
-0.165028 -0.113791 0.532785 50.000000
-0.380037 0.103103 0.530118 50.000000
-0.387266 0.109705 0.529673 50.000000
-0.013202 -0.270018 0.530118 50.000000
0.135166 0.181374 0.536341 51.000000
0.134852 0.144596 0.537675 51.000000
0.004715 0.262159 0.535008 51.000000
0.078585 0.100903 0.537675 51.000000
0.107504 -0.055638 0.536341 50.000000
-0.221295 0.034263 0.537675 50.000000
-0.387581 0.187975 0.535008 50.000000
-0.188604 -0.022947 0.535897 50.000000
-0.418072 0.201492 0.536786 50.000000
-0.425616 0.181374 0.535897 50.000000
0.101532 -0.353946 0.535452 50.000000
-0.062868 -0.190175 0.534119 50.000000
-0.263417 0.007230 0.536786 50.000000
-0.339487 0.077013 0.537675 50.000000
-0.359290 0.096817 0.533674 50.000000
-0.243299 -0.024833 0.535008 50.000000
0.036778 -0.313082 0.537675 50.000000
-0.448248 0.175087 0.534563 50.000000
0.106875 -0.391353 0.537230 50.000000
0.147425 0.206207 0.541676 51.000000
0.295165 -0.056581 0.540787 53.000000
0.263731 -0.024518 0.539453 53.000000
0.200549 -0.127307 0.539898 53.000000
0.194262 -0.134223 0.540342 53.000000
-0.029234 0.069155 0.539009 50.000000
-0.048723 0.087386 0.542121 52.000000
-0.119135 0.131394 0.540342 50.000000
0.136738 -0.193633 0.538564 50.000000
-0.229154 0.014460 0.539009 50.000000
-0.144911 -0.081100 0.539009 50.000000
-0.235755 0.007858 0.538564 50.000000
-0.270332 0.039292 0.539898 50.000000
0.012259 -0.271589 0.538120 50.000000
-0.312454 0.038664 0.539009 50.000000
-0.077328 -0.205892 0.539898 50.000000
-0.185775 -0.095559 0.538564 50.000000
0.047780 0.268760 0.543010 51.000000
0.214380 0.075756 0.546566 50.000000
0.207778 -0.018860 0.546121 53.000000
0.058153 0.044636 0.544343 50.000000
0.094616 -0.031434 0.544343 50.000000
0.181060 -0.187661 0.542565 53.000000
-0.264674 0.032377 0.544788 50.000000
-0.185146 -0.056581 0.543454 50.000000
-0.245185 0.000314 0.545677 50.000000
0.158741 -0.438818 0.543899 50.000000
-0.129194 -0.154655 0.543899 50.000000
0.171944 0.181060 0.549233 51.000000
0.066326 0.225067 0.547900 51.000000
0.028291 0.212808 0.547900 51.000000
0.251472 -0.026090 0.551011 53.000000
-0.087072 0.314340 0.547900 50.000000
-0.035520 0.250843 0.549678 50.000000
0.170372 0.018546 0.550567 53.000000
0.232297 -0.083614 0.549233 53.000000
0.264360 -0.129508 0.547900 53.000000
0.126364 -0.000314 0.548789 50.000000
-0.023575 0.125107 0.548789 50.000000
0.169743 -0.083300 0.547900 50.000000
0.001572 0.087386 0.548344 50.000000
-0.005029 0.093359 0.550567 50.000000
0.200549 -0.156227 0.549678 53.000000
-0.062868 0.087072 0.549233 52.000000
0.025147 -0.013517 0.547010 50.000000
-0.430960 0.194891 0.549678 50.000000
-0.038978 -0.206521 0.547455 50.000000
-0.266246 0.018860 0.548344 50.000000
-0.407698 0.161571 0.547900 50.000000
-0.142081 -0.116620 0.551011 50.000000
0.042750 -0.308996 0.547455 50.000000
-0.103732 -0.168172 0.548344 50.000000
-0.174144 -0.096502 0.547010 50.000000
-0.220352 -0.052180 0.547455 50.000000
0.008801 0.219095 0.552790 51.000000
-0.148054 0.309310 0.555012 50.000000
-0.061925 0.213122 0.554568 50.000000
0.232611 -0.097131 0.551900 53.000000
-0.018232 0.093359 0.553234 50.000000
0.232297 -0.176659 0.551900 53.000000
-0.102789 0.086129 0.555012 52.000000
0.193319 -0.259644 0.555012 50.000000
-0.151826 -0.023890 0.551456 50.000000
-0.386952 0.194891 0.553234 50.000000
-0.409584 0.187975 0.552790 50.000000
-0.274418 0.050923 0.555012 50.000000
-0.417443 0.181374 0.553679 50.000000
0.192061 -0.435046 0.554123 50.000000
0.113791 -0.359919 0.552345 50.000000
0.029862 -0.282277 0.552345 50.000000
-0.282277 0.031120 0.555457 50.000000
-0.148683 -0.110019 0.551456 50.000000
-0.373750 0.115048 0.554123 50.000000
0.165343 -0.435989 0.555457 50.000000
-0.310253 0.043379 0.555012 50.000000
-0.086129 -0.189547 0.555012 50.000000
-0.124478 -0.149940 0.554123 50.000000
-0.149311 -0.123850 0.551900 50.000000
0.159056 0.168800 0.557679 51.000000
0.308996 -0.008801 0.559902 53.000000
0.270961 -0.033634 0.557235 53.000000
-0.056267 0.270332 0.558569 50.000000
0.083300 0.106247 0.556346 51.000000
0.188604 -0.052495 0.558124 53.000000
0.019175 0.093044 0.559902 50.000000
0.047465 -0.105618 0.557235 50.000000
-0.091473 0.034577 0.558569 52.000000
0.104046 -0.165343 0.559013 50.000000
-0.220038 0.025462 0.558569 50.000000
-0.195205 -0.039607 0.559902 50.000000
-0.248328 0.011631 0.558569 50.000000
-0.255872 0.017917 0.559902 50.000000
-0.411470 0.174773 0.557679 50.000000
0.172258 -0.413985 0.558124 50.000000
-0.098074 -0.149311 0.557679 50.000000
0.055009 -0.311825 0.557679 50.000000
-0.054066 -0.209664 0.558569 50.000000
-0.060668 -0.203063 0.559013 50.000000
0.028919 -0.298308 0.557235 50.000000
-0.229154 -0.047151 0.555901 50.000000
-0.389781 0.114734 0.557235 50.000000
0.083614 0.219095 0.563903 51.000000
0.164085 0.074498 0.562125 50.000000
0.083614 0.143653 0.560791 51.000000
-0.056581 0.244870 0.560347 50.000000
0.138624 0.023890 0.560347 50.000000
0.277562 -0.132651 0.561680 53.000000
-0.032063 0.117877 0.564348 50.000000
-0.032063 0.105304 0.560791 50.000000
-0.013517 0.060982 0.561680 50.000000
0.055324 -0.021689 0.563903 50.000000
0.042750 -0.021689 0.560791 50.000000
0.143024 -0.139567 0.564348 50.000000
-0.010059 -0.061296 0.561236 50.000000
-0.155284 -0.039292 0.563903 50.000000
-0.110333 -0.110647 0.561680 50.000000
-0.208407 -0.013831 0.561680 50.000000
-0.332571 0.115363 0.562125 50.000000
0.139567 -0.363691 0.563014 50.000000
-0.368406 0.134852 0.560791 50.000000
-0.290135 0.050294 0.560791 50.000000
0.165343 -0.408327 0.563459 50.000000
-0.053752 -0.196777 0.561236 50.000000
-0.072927 -0.176344 0.560347 50.000000
-0.086443 -0.164085 0.563903 50.000000
-0.150569 -0.098703 0.563014 50.000000
-0.203692 -0.047465 0.564348 50.000000
-0.028919 -0.237326 0.561236 50.000000
-0.080157 -0.184203 0.562569 50.000000
0.145225 -0.415242 0.560791 50.000000
-0.451392 0.181374 0.561236 50.000000
0.146797 0.231354 0.564792 51.000000
0.083300 0.206207 0.567015 51.000000
0.051552 0.237955 0.568793 51.000000
0.157798 0.093359 0.565237 51.000000
0.032063 0.168800 0.567904 51.000000
-0.117563 0.277562 0.568349 50.000000
0.207464 -0.060668 0.567015 53.000000
0.022947 -0.003143 0.566570 50.000000
0.019489 -0.148683 0.568793 50.000000
-0.220666 0.064440 0.564792 52.000000
-0.123850 -0.085186 0.567015 50.000000
-0.284477 0.056581 0.565237 50.000000
-0.190175 -0.047151 0.566570 50.000000
-0.231040 -0.008801 0.568793 50.000000
-0.265303 0.023575 0.568793 50.000000
-0.061296 -0.191118 0.566570 50.000000
-0.158113 -0.093044 0.566126 50.000000
-0.244556 -0.009116 0.566570 50.000000
-0.349546 0.088329 0.567015 50.000000
-0.218780 -0.048723 0.568793 50.000000
-0.401097 0.134223 0.567459 50.000000
-0.004715 -0.280391 0.565237 50.000000
-0.139881 -0.140195 0.568349 50.000000
0.271275 0.041493 0.572794 53.000000
0.038349 0.276304 0.573238 51.000000
0.239841 0.060982 0.570127 50.000000
0.434732 -0.164714 0.569682 50.000000
0.019489 0.244870 0.569238 51.000000
0.176659 0.061296 0.571016 50.000000
0.138938 0.099017 0.571905 51.000000
0.226953 -0.002829 0.570571 53.000000
-0.006915 0.193947 0.571460 51.000000
0.182317 -0.022318 0.571905 53.000000
0.213122 -0.201492 0.570571 53.000000
0.165971 -0.350489 0.569238 50.000000
-0.163142 -0.020746 0.571905 50.000000
-0.183574 -0.014774 0.572794 50.000000
-0.190804 -0.034577 0.571016 50.000000
-0.204635 -0.022004 0.571905 50.000000
-0.251786 0.023261 0.571905 50.000000
-0.068212 -0.172258 0.572349 50.000000
-0.165028 -0.074184 0.571016 50.000000
-0.198348 -0.054695 0.570127 50.000000
-0.344202 0.081100 0.572794 50.000000
-0.372807 0.107818 0.571460 50.000000
0.171001 0.156227 0.574127 51.000000
0.018546 0.296108 0.577684 50.000000
-0.066640 0.368092 0.577239 50.000000
0.188604 -0.003458 0.575461 53.000000
-0.152455 0.297994 0.575017 50.000000
0.297994 -0.210293 0.574572 53.000000
0.086443 -0.016974 0.575461 50.000000
0.004086 0.040864 0.574127 50.000000
-0.099960 0.129822 0.576795 50.000000
0.161885 -0.135166 0.575461 50.000000
0.130137 -0.101532 0.574572 50.000000
0.034577 -0.030491 0.577239 50.000000
-0.068526 0.033006 0.577239 52.000000
-0.153398 0.116620 0.575461 52.000000
-0.238584 0.036463 0.576350 50.000000
-0.062239 -0.179488 0.574572 50.000000
-0.146482 -0.107190 0.573683 50.000000
-0.082043 -0.173515 0.575906 50.000000
-0.226953 -0.029862 0.576795 50.000000
-0.241098 -0.016974 0.577684 50.000000
-0.141453 -0.128565 0.577684 50.000000
-0.213437 -0.055952 0.574127 50.000000
-0.388209 0.120706 0.574127 50.000000
-0.096188 -0.187661 0.574572 50.000000
0.201806 0.085815 0.579462 50.000000
0.157484 0.104989 0.580796 51.000000
0.246128 -0.010688 0.580796 53.000000
0.037406 0.187346 0.580351 51.000000
-0.001257 0.200234 0.578128 51.000000
0.188604 -0.017289 0.580351 53.000000
-0.027348 0.174773 0.579018 51.000000
0.246128 -0.170372 0.582129 53.000000
0.187661 -0.149626 0.580796 53.000000
0.033634 -0.044008 0.579907 50.000000
-0.017289 -0.018860 0.579018 50.000000
-0.075442 0.039292 0.579462 52.000000
0.147425 -0.260273 0.580351 50.000000
-0.272847 0.121649 0.579907 50.000000
-0.017917 -0.228839 0.581685 50.000000
-0.018232 -0.242356 0.579462 50.000000
0.165028 -0.430016 0.579462 50.000000
0.013517 -0.291078 0.578573 50.000000
-0.249271 -0.024518 0.581240 50.000000
0.050294 0.289507 0.583463 51.000000
0.126679 0.199920 0.585241 51.000000
0.259330 0.053438 0.583907 53.000000
0.291078 -0.017917 0.583018 53.000000
0.233240 -0.011002 0.582574 53.000000
0.188918 0.033949 0.584352 53.000000
0.259330 -0.077328 0.586575 53.000000
0.055638 0.116934 0.583907 51.000000
-0.189232 0.318426 0.585241 50.000000
-0.048094 0.168486 0.586130 50.000000
-0.075127 0.116306 0.586130 50.000000
0.206835 -0.198348 0.583463 53.000000
0.020118 -0.058153 0.584352 50.000000
-0.090530 0.012259 0.585686 52.000000
-0.347660 0.134223 0.586575 50.000000
0.002200 -0.221295 0.583463 50.000000
-0.011631 -0.222552 0.586130 50.000000
-0.235440 0.002515 0.586575 50.000000
-0.414614 0.181060 0.584797 50.000000
-0.353946 0.114105 0.582574 50.000000
-0.037721 -0.208407 0.582574 50.000000
-0.175401 -0.070098 0.586575 50.000000
-0.312454 0.060668 0.586575 50.000000
-0.362748 0.107190 0.585686 50.000000
0.039607 -0.305852 0.583463 50.000000
-0.284792 0.021061 0.586575 50.000000
-0.298623 0.034263 0.586130 50.000000
-0.319683 0.054066 0.584797 50.000000
0.151197 -0.431903 0.583907 50.000000
-0.348288 0.066954 0.584352 50.000000
0.158427 0.180745 0.589242 51.000000
0.088644 0.251157 0.587019 51.000000
0.004401 0.283849 0.589242 50.000000
0.062554 0.213122 0.587019 51.000000
0.081728 0.168172 0.589242 51.000000
0.055638 0.155284 0.587908 51.000000
0.175087 -0.084243 0.588797 50.000000
0.035206 0.046208 0.587019 50.000000
0.155598 -0.103732 0.587019 50.000000
0.148997 -0.097131 0.587464 50.000000
0.091473 -0.051552 0.590131 50.000000
0.058467 -0.071355 0.587464 50.000000
0.167543 -0.185460 0.588797 50.000000
0.115677 -0.171944 0.587464 50.000000
0.152769 -0.327856 0.588797 50.000000
0.000629 -0.251157 0.588353 50.000000
-0.051552 -0.196462 0.588353 50.000000
-0.455478 0.201177 0.590131 50.000000
0.131394 -0.395753 0.589242 50.000000
0.091158 -0.366206 0.590131 50.000000
-0.104361 -0.170058 0.587019 50.000000
-0.169743 -0.104046 0.587464 50.000000
-0.190175 -0.084243 0.587908 50.000000
0.171315 0.206207 0.595021 51.000000
0.106875 0.180745 0.593243 51.000000
0.265931 0.007230 0.592798 53.000000
-0.035520 0.297365 0.594132 50.000000
0.311510 -0.066011 0.594132 53.000000
0.304595 -0.085500 0.591909 53.000000
0.099646 0.097445 0.592354 51.000000
0.067897 0.129822 0.592354 51.000000
0.117877 0.000629 0.592798 50.000000
-0.089272 0.129194 0.592354 50.000000
0.084243 -0.071984 0.591909 50.000000
-0.058153 0.031434 0.594576 52.000000
0.180431 -0.214065 0.592354 53.000000
0.206521 -0.256501 0.592354 50.000000
-0.052180 -0.001572 0.595466 52.000000
-0.131394 0.076385 0.594576 52.000000
-0.157798 0.089587 0.591909 52.000000
0.212808 -0.365891 0.591465 50.000000
-0.069155 -0.095245 0.595466 50.000000
-0.102475 -0.102789 0.593687 50.000000
-0.293907 0.040235 0.595021 50.000000
-0.013517 -0.252729 0.591909 50.000000
0.065068 -0.337601 0.591909 50.000000
0.171315 -0.444476 0.595466 50.000000
0.029548 0.297051 0.596799 50.000000
0.350803 -0.040550 0.597688 53.000000
0.125107 0.110333 0.599022 51.000000
0.087072 0.135795 0.599022 51.000000
0.105618 0.078271 0.597244 51.000000
0.265931 -0.086443 0.599022 53.000000
0.060668 0.110019 0.596799 51.000000
0.009116 0.161571 0.597244 51.000000
-0.089901 0.246128 0.599911 50.000000
-0.185460 0.339172 0.596355 50.000000
0.239841 -0.140195 0.598133 53.000000
0.129822 -0.065383 0.595910 50.000000
0.168172 -0.132651 0.596355 50.000000
0.071669 -0.033006 0.598133 50.000000
-0.044322 0.070412 0.595910 52.000000
0.051552 -0.053123 0.597244 50.000000
0.180745 -0.187346 0.596799 53.000000
-0.000314 -0.013831 0.596799 50.000000
-0.019489 -0.007858 0.595910 52.000000
-0.171944 0.141453 0.599022 52.000000
-0.170058 -0.051552 0.597688 50.000000
-0.131080 -0.104989 0.599467 50.000000
0.104675 -0.353946 0.598133 50.000000
-0.092101 -0.157798 0.596355 50.000000
-0.111591 -0.137681 0.596355 50.000000
-0.131394 -0.118506 0.599022 50.000000
-0.138309 -0.112219 0.599911 50.000000
-0.150883 -0.098388 0.597244 50.000000
-0.073241 -0.192376 0.597688 50.000000
-0.132651 -0.145539 0.596799 50.000000
-0.008173 -0.275676 0.597244 50.000000
-0.027976 -0.254615 0.598133 50.000000
-0.186403 -0.093045 0.599911 50.000000
0.022318 0.303652 0.602578 50.000000
0.253358 0.005972 0.603467 53.000000
0.106247 0.154969 0.600356 51.000000
-0.050609 0.272218 0.603912 50.000000
0.066954 0.142081 0.603023 51.000000
-0.024204 0.193633 0.603467 51.000000
0.187975 -0.099646 0.601245 50.000000
0.122907 -0.059725 0.600356 50.000000
-0.090844 0.154655 0.601689 50.000000
0.193947 -0.161571 0.602578 53.000000
-0.181060 0.095245 0.603912 52.000000
-0.051552 -0.144282 0.603023 50.000000
-0.224753 0.014460 0.601689 50.000000
-0.390095 0.167229 0.602134 50.000000
-0.429073 0.201177 0.603023 50.000000
-0.436618 0.208093 0.602134 50.000000
-0.178859 -0.059096 0.603912 50.000000
-0.405498 0.166914 0.601689 50.000000
-0.413985 0.174144 0.603467 50.000000
0.077956 -0.325341 0.600800 50.000000
0.084243 -0.333514 0.603023 50.000000
0.077642 -0.340744 0.601245 50.000000
-0.146482 -0.119763 0.602578 50.000000
0.005029 -0.276304 0.601245 50.000000
-0.055009 -0.228839 0.604356 50.000000
0.384752 -0.102789 0.605246 53.000000
0.240470 0.018860 0.605246 53.000000
0.405812 -0.151512 0.606579 50.000000
0.067269 0.180745 0.607913 51.000000
0.247071 -0.027348 0.605246 53.000000
-0.077642 0.298623 0.607024 50.000000
0.079842 0.115991 0.605690 51.000000
0.073241 0.122592 0.605690 51.000000
0.312768 -0.122592 0.608357 53.000000
0.266560 -0.074498 0.608357 53.000000
0.240155 -0.073870 0.605246 53.000000
0.188289 -0.033949 0.607468 53.000000
0.020746 0.096502 0.605690 50.000000
0.161570 -0.100903 0.607468 50.000000
0.006915 0.044322 0.604801 50.000000
0.200549 -0.154969 0.606135 53.000000
0.259959 -0.232611 0.607468 53.000000
0.077013 -0.054066 0.605246 50.000000
0.038035 -0.015088 0.608357 50.000000
0.226639 -0.253986 0.607468 53.000000
0.017917 -0.048408 0.606579 50.000000
0.213122 -0.253672 0.607024 50.000000
0.153712 -0.203692 0.605690 50.000000
-0.216894 0.087701 0.607024 52.000000
-0.274104 0.087072 0.606135 50.000000
-0.206521 -0.020118 0.608802 50.000000
-0.354889 0.119449 0.607024 50.000000
-0.392610 0.153398 0.607468 50.000000
-0.087072 -0.167229 0.607913 50.000000
0.044322 -0.306167 0.607468 50.000000
-0.128251 -0.154341 0.606579 50.000000
0.118820 0.206521 0.610136 51.000000
0.073555 0.200234 0.609246 51.000000
0.150254 0.109705 0.610580 51.000000
0.047465 0.213122 0.611469 51.000000
0.214694 -0.008173 0.611469 53.000000
-0.018546 0.226324 0.611025 51.000000
-0.153712 0.346402 0.609246 50.000000
0.246756 -0.122592 0.611469 53.000000
0.220666 -0.094616 0.609691 53.000000
0.104046 0.024518 0.612803 50.000000
0.057524 -0.008802 0.612803 50.000000
0.083300 -0.048408 0.610580 50.000000
0.115363 -0.108761 0.611025 50.000000
0.102160 -0.095559 0.613247 50.000000
0.253358 -0.269389 0.611025 53.000000
0.134537 -0.170058 0.610136 50.000000
-0.010688 -0.090215 0.611914 50.000000
0.071984 -0.263416 0.613247 50.000000
-0.423730 0.208407 0.609691 50.000000
-0.107190 -0.120078 0.613247 50.000000
0.097131 -0.350803 0.610580 50.000000
-0.312768 0.052180 0.609691 50.000000
0.004086 -0.265303 0.612803 50.000000
-0.349231 0.085500 0.609246 50.000000
-0.182003 -0.088015 0.611914 50.000000
0.083300 -0.365891 0.609691 50.000000
0.352375 -0.030177 0.616804 53.000000
0.292964 -0.009116 0.613692 53.000000
0.208407 0.076699 0.614136 50.000000
0.086129 0.200234 0.617693 51.000000
0.105618 0.167543 0.615915 51.000000
0.105304 0.141453 0.617248 51.000000
0.027033 0.206521 0.617693 51.000000
0.098703 0.122278 0.614136 51.000000
0.273475 -0.150569 0.613692 53.000000
0.148997 -0.034892 0.614581 50.000000
0.260273 -0.150569 0.614136 53.000000
0.090215 -0.002515 0.616804 50.000000
-0.001572 0.023261 0.616359 52.000000
0.180745 -0.164714 0.617693 53.000000
0.010373 -0.042750 0.614136 50.000000
-0.135166 0.088329 0.614581 52.000000
0.022318 -0.083614 0.616804 50.000000
-0.022947 -0.036463 0.614136 50.000000
-0.036149 -0.023890 0.615470 50.000000
0.159684 -0.227896 0.617248 50.000000
0.171629 -0.374378 0.615470 50.000000
0.124478 -0.336658 0.615025 50.000000
0.104675 -0.314968 0.615025 50.000000
-0.299566 0.065383 0.615915 50.000000
-0.387581 0.146482 0.615025 50.000000
-0.237012 -0.021689 0.615025 50.000000
0.150883 -0.412728 0.614136 50.000000
-0.450449 0.187346 0.616359 50.000000
-0.243927 -0.028605 0.614136 50.000000
0.150569 -0.428759 0.615915 50.000000
-0.036149 -0.237641 0.613692 50.000000
0.086129 0.264988 0.619026 51.000000
0.099017 0.238898 0.622138 51.000000
0.157170 0.141767 0.618582 51.000000
0.286678 -0.016660 0.622138 53.000000
0.156855 0.115677 0.619916 51.000000
0.053123 0.206835 0.619916 51.000000
0.072612 0.160942 0.619471 51.000000
0.143339 0.063182 0.619471 50.000000
0.013517 0.193633 0.618137 51.000000
0.286992 -0.083614 0.620360 53.000000
0.149311 0.043379 0.622138 50.000000
0.188289 0.003772 0.622138 53.000000
-0.121021 0.313082 0.619026 50.000000
0.233869 -0.083300 0.621249 53.000000
0.052180 0.102160 0.620360 51.000000
-0.114105 0.266560 0.620360 50.000000
0.194262 -0.096502 0.619026 50.000000
0.167857 -0.083300 0.622138 50.000000
-0.047780 0.095245 0.619471 52.000000
0.147740 -0.130451 0.618137 50.000000
-0.041493 0.048723 0.618582 52.000000
-0.062868 0.002200 0.618582 52.000000
0.166600 -0.236069 0.622138 50.000000
0.020118 -0.153083 0.620360 50.000000
0.032063 -0.222867 0.618137 50.000000
-0.201177 0.012888 0.619916 50.000000
-0.068212 -0.162199 0.619026 50.000000
-0.088329 -0.142081 0.619916 50.000000
-0.176030 -0.068840 0.621694 50.000000
0.184832 -0.437246 0.618137 50.000000
-0.273161 0.024518 0.620805 50.000000
-0.286678 0.038035 0.619916 50.000000
-0.359604 0.105304 0.618582 50.000000
0.082986 -0.353632 0.618137 50.000000
0.122907 -0.399840 0.620805 50.000000
-0.044008 -0.232926 0.622138 50.000000
-0.231668 -0.042750 0.619916 50.000000
-0.421529 0.145854 0.621694 50.000000
0.447305 -0.046522 0.625695 50.000000
0.111591 0.199920 0.626139 51.000000
-0.047780 0.359290 0.626584 50.000000
0.300194 -0.017603 0.626584 53.000000
0.247700 0.022947 0.626584 53.000000
0.163142 0.108761 0.626584 51.000000
0.111591 0.160942 0.622583 51.000000
0.273475 -0.016660 0.622583 53.000000
0.169429 0.089272 0.626584 50.000000
0.052495 0.193633 0.623472 51.000000
0.214694 0.016346 0.625695 53.000000
0.065068 0.115048 0.624805 51.000000
0.142710 0.023575 0.623916 50.000000
0.307424 -0.174458 0.625250 53.000000
0.253986 -0.118506 0.625695 53.000000
0.200863 -0.103732 0.623027 50.000000
0.194262 -0.110962 0.625695 50.000000
0.108447 -0.077328 0.625695 50.000000
-0.041493 0.075127 0.622583 52.000000
-0.068840 0.074813 0.623916 52.000000
0.121021 -0.132023 0.624361 50.000000
-0.030805 -0.031748 0.623916 50.000000
0.071041 -0.281334 0.623916 50.000000
-0.337601 0.126050 0.623472 50.000000
0.036463 -0.289507 0.623916 50.000000
0.016031 -0.268446 0.625695 50.000000
0.022632 -0.290135 0.625250 50.000000
-0.340744 0.056895 0.626139 50.000000
0.280391 0.002829 0.627473 53.000000
0.293907 -0.078585 0.630140 53.000000
-0.143968 0.347974 0.629695 50.000000
0.110333 0.082357 0.630140 51.000000
0.247385 -0.057838 0.628362 53.000000
0.129508 0.036149 0.628362 50.000000
0.031434 0.107818 0.630585 50.000000
0.122278 0.002515 0.631029 50.000000
0.082986 0.029234 0.630585 50.000000
0.267189 -0.160627 0.627917 53.000000
-0.028605 0.127622 0.631029 50.000000
0.075441 -0.044322 0.627917 50.000000
-0.103418 0.107504 0.629251 52.000000
0.206835 -0.224124 0.630140 53.000000
0.199920 -0.275047 0.631029 50.000000
-0.346402 0.132337 0.627028 50.000000
-0.184517 -0.049666 0.630140 50.000000
-0.369663 0.139252 0.628362 50.000000
-0.143968 -0.104046 0.630140 50.000000
-0.348603 0.091158 0.631029 50.000000
-0.377836 0.118506 0.628806 50.000000
-0.118506 -0.159056 0.629251 50.000000
-0.138309 -0.138624 0.627917 50.000000
-0.227268 -0.050923 0.628362 50.000000
0.367463 -0.045894 0.631918 53.000000
0.234812 0.062239 0.633252 50.000000
0.340744 -0.059410 0.635030 53.000000
-0.055638 0.340115 0.634585 50.000000
0.195519 0.075127 0.635475 50.000000
0.097445 0.160627 0.635475 51.000000
-0.068526 0.313397 0.633252 50.000000
0.025461 0.193633 0.633252 51.000000
0.058153 0.147740 0.631918 51.000000
-0.095874 0.300509 0.632363 50.000000
0.168486 0.022318 0.633696 50.000000
0.175401 0.002200 0.635030 50.000000
0.044636 0.134223 0.634141 51.000000
0.070412 0.081414 0.634585 50.000000
0.128879 -0.004715 0.635030 50.000000
0.083300 0.042121 0.632363 50.000000
-0.055324 0.180745 0.632807 50.000000
0.274418 -0.197405 0.634585 53.000000
0.108761 -0.038035 0.633696 50.000000
0.247385 -0.196777 0.632807 53.000000
0.160942 -0.119763 0.633252 50.000000
0.022318 -0.018232 0.632807 50.000000
0.067897 -0.065697 0.634585 50.000000
0.240470 -0.246442 0.632363 53.000000
0.206835 -0.253672 0.632807 50.000000
0.060353 -0.127307 0.631918 50.000000
0.159056 -0.275047 0.631474 50.000000
-0.252729 0.085186 0.632807 50.000000
0.030491 -0.240784 0.631918 50.000000
0.110019 -0.327856 0.632807 50.000000
-0.191747 -0.029862 0.634141 50.000000
-0.410213 0.187346 0.634585 50.000000
-0.064125 -0.171944 0.633696 50.000000
-0.165343 -0.070726 0.635475 50.000000
-0.205892 -0.030177 0.633252 50.000000
0.184832 -0.427187 0.632363 50.000000
0.055952 -0.298937 0.632807 50.000000
-0.334143 0.091159 0.633252 50.000000
0.109390 -0.358033 0.632363 50.000000
-0.234183 -0.016974 0.632363 50.000000
-0.284163 0.029862 0.634141 50.000000
0.069155 -0.328485 0.632363 50.000000
-0.131708 -0.132023 0.632807 50.000000
-0.220981 -0.044636 0.633696 50.000000
-0.424987 0.159370 0.632363 50.000000
-0.059410 -0.222552 0.635475 50.000000
0.104361 0.232926 0.637697 51.000000
0.150254 0.173830 0.637253 51.000000
-0.035206 0.266874 0.636364 50.000000
0.314339 -0.100274 0.636364 53.000000
0.294536 -0.148997 0.636808 53.000000
0.194262 -0.072612 0.639475 50.000000
0.207150 -0.141453 0.638142 50.000000
0.281648 -0.233554 0.636364 53.000000
0.173830 -0.120706 0.639031 50.000000
-0.023261 0.067583 0.636808 52.000000
0.200549 -0.190804 0.639475 53.000000
-0.092730 0.039607 0.639475 52.000000
-0.403926 0.194262 0.639475 50.000000
0.041493 -0.301452 0.639031 50.000000
-0.126365 -0.139881 0.638142 50.000000
-0.039292 -0.230097 0.639031 50.000000
-0.236069 -0.031434 0.637253 50.000000
0.054695 -0.331000 0.639031 50.000000
0.048094 -0.323141 0.637697 50.000000
-0.033006 -0.251472 0.637697 50.000000
-0.397011 0.117563 0.638586 50.000000
-0.435046 0.152455 0.636808 50.000000
0.143024 0.140824 0.640809 51.000000
0.221924 0.048094 0.641698 53.000000
0.424044 -0.159684 0.641698 50.000000
0.030805 0.173830 0.642587 51.000000
0.201492 -0.012574 0.644365 53.000000
-0.224438 0.329742 0.640365 50.000000
-0.064440 0.147111 0.643921 50.000000
0.141138 -0.072927 0.641698 50.000000
0.042121 0.027348 0.644365 50.000000
-0.050923 0.107190 0.642587 50.000000
0.207150 -0.156541 0.643476 53.000000
0.120706 -0.093988 0.643921 50.000000
0.247385 -0.242041 0.642587 53.000000
0.125736 -0.198977 0.643921 50.000000
0.165028 -0.314968 0.640809 50.000000
0.057210 -0.227896 0.640809 50.000000
-0.248328 0.064440 0.641698 50.000000
0.049980 -0.235755 0.643032 50.000000
-0.105304 -0.118820 0.643032 50.000000
0.035520 -0.265303 0.641698 50.000000
-0.358976 0.124793 0.640809 50.000000
-0.194576 -0.045265 0.643921 50.000000
-0.250214 0.009116 0.641698 50.000000
-0.315597 0.070098 0.643476 50.000000
-0.160313 -0.092730 0.641698 50.000000
0.088329 -0.354575 0.643032 50.000000
0.136109 -0.408013 0.643032 50.000000
-0.154341 -0.113791 0.643921 50.000000
-0.202120 -0.066011 0.641254 50.000000
-0.412728 0.145225 0.640365 50.000000
0.007230 -0.281020 0.642587 50.000000
-0.107818 -0.175401 0.642143 50.000000
-0.147740 -0.134223 0.641254 50.000000
0.156227 0.154026 0.646144 51.000000
0.123535 0.186718 0.648366 51.000000
0.274733 -0.005972 0.644810 53.000000
-0.098703 0.328485 0.646588 50.000000
0.070098 0.133909 0.648366 51.000000
-0.091787 0.294536 0.647477 50.000000
0.016974 0.173830 0.645254 51.000000
0.016974 0.160627 0.644810 51.000000
0.274418 -0.101846 0.646144 53.000000
0.168172 -0.019489 0.646144 50.000000
0.036149 0.113791 0.647922 50.000000
0.056267 0.080471 0.648366 50.000000
-0.119135 0.240784 0.645699 50.000000
0.061925 0.033949 0.648366 50.000000
0.160942 -0.080785 0.646144 50.000000
0.035206 0.033634 0.647922 50.000000
-0.004401 0.073870 0.645254 50.000000
0.213751 -0.178230 0.645699 53.000000
0.054381 -0.040235 0.645254 50.000000
-0.133594 0.133280 0.645254 52.000000
-0.155598 0.126365 0.648366 52.000000
0.005972 -0.061611 0.647477 50.000000
-0.053752 -0.028291 0.645254 50.000000
-0.198034 0.099017 0.645699 52.000000
0.158741 -0.264674 0.646144 50.000000
-0.286049 0.111591 0.648811 50.000000
0.136423 -0.363062 0.648366 50.000000
0.116306 -0.340430 0.648811 50.000000
-0.132966 -0.092416 0.646588 50.000000
-0.294850 0.049351 0.647477 50.000000
-0.012888 -0.245185 0.644810 50.000000
-0.354889 0.076070 0.647922 50.000000
0.117249 0.233240 0.651034 51.000000
0.143339 0.166914 0.650589 51.000000
0.103732 0.206521 0.650589 51.000000
0.288249 -0.006915 0.649700 53.000000
0.162514 0.120706 0.651923 51.000000
-0.037406 0.253986 0.651923 51.000000
0.141767 0.033949 0.652367 50.000000
-0.037721 0.200234 0.651034 50.000000
0.095245 0.054066 0.649700 50.000000
0.174773 -0.026719 0.649255 50.000000
0.095245 0.040864 0.649255 50.000000
0.055638 0.066640 0.651034 50.000000
0.234183 -0.130137 0.651034 53.000000
0.101217 -0.006601 0.650589 50.000000
0.094616 0.000000 0.651478 50.000000
0.140510 -0.088644 0.650589 50.000000
0.133909 -0.095245 0.650144 50.000000
0.186718 -0.179488 0.651034 53.000000
0.000629 -0.000943 0.649700 50.000000
0.126364 -0.144282 0.651478 50.000000
-0.000629 -0.055009 0.649255 50.000000
-0.055324 -0.043065 0.652812 50.000000
-0.102475 -0.009116 0.649255 50.000000
-0.279448 0.118192 0.651923 50.000000
0.082357 -0.289507 0.653256 50.000000
0.034577 -0.253672 0.653256 50.000000
0.068212 -0.304281 0.650589 50.000000
-0.347345 0.110648 0.651478 50.000000
-0.203063 -0.039292 0.649255 50.000000
-0.034577 -0.240470 0.651478 50.000000
-0.054695 -0.219723 0.653256 50.000000
-0.424987 0.151826 0.652367 50.000000
0.176344 0.186718 0.653701 51.000000
0.315283 0.005658 0.656813 53.000000
0.103103 0.193319 0.656813 51.000000
0.241727 0.040235 0.654590 53.000000
-0.058782 0.328170 0.655479 50.000000
0.268132 -0.027662 0.654590 53.000000
-0.079528 0.321884 0.655034 50.000000
0.115677 0.087072 0.654590 51.000000
0.009430 0.166914 0.654590 51.000000
-0.044951 0.220666 0.655479 50.000000
0.128251 0.019803 0.656813 50.000000
0.134537 -0.014145 0.656368 50.000000
-0.025147 0.146797 0.655923 50.000000
0.008487 0.099960 0.654145 50.000000
0.094302 -0.014145 0.654145 50.000000
0.180745 -0.116934 0.654590 50.000000
-0.012888 0.066011 0.656368 52.000000
0.093359 -0.055324 0.657702 50.000000
-0.108133 0.132966 0.656813 52.000000
0.093044 -0.082671 0.655479 50.000000
0.039607 -0.028605 0.657702 50.000000
0.046522 -0.048723 0.655479 50.000000
0.026405 -0.027976 0.653701 50.000000
-0.053752 0.052180 0.654590 52.000000
0.186718 -0.194576 0.655923 53.000000
0.173201 -0.194262 0.654145 50.000000
0.092730 -0.110648 0.657257 50.000000
-0.007858 -0.035835 0.657257 50.000000
0.151826 -0.260273 0.655479 50.000000
0.084557 -0.188604 0.657702 50.000000
0.136423 -0.349860 0.654590 50.000000
-0.245814 0.028605 0.654590 50.000000
0.047780 -0.283220 0.653701 50.000000
-0.176344 -0.067269 0.654590 50.000000
-0.387266 0.144911 0.656813 50.000000
-0.327542 0.075756 0.657702 50.000000
-0.419015 0.159056 0.657702 50.000000
0.177602 -0.443847 0.655034 50.000000
-0.027662 -0.233554 0.654145 50.000000
-0.327856 0.061611 0.657702 50.000000
0.188918 0.133280 0.662147 51.000000
0.175716 0.133280 0.659480 51.000000
-0.052809 0.349231 0.661258 50.000000
0.116306 0.166914 0.658591 51.000000
0.036149 0.247071 0.659924 51.000000
0.398268 -0.120706 0.660814 53.000000
0.142396 0.126993 0.660369 51.000000
0.175401 0.080157 0.658591 50.000000
0.315911 -0.063497 0.660369 53.000000
0.268446 -0.014774 0.658591 53.000000
0.308996 -0.070412 0.661258 53.000000
-0.100903 0.342630 0.658591 50.000000
0.261845 -0.049037 0.660814 53.000000
0.261845 -0.062868 0.659924 53.000000
0.042121 0.159999 0.662147 51.000000
0.134852 0.026405 0.659480 50.000000
0.302709 -0.147111 0.662147 53.000000
0.121335 0.026090 0.660814 50.000000
0.114734 0.032691 0.661703 50.000000
0.101217 0.033006 0.659035 50.000000
0.041493 0.092730 0.662147 50.000000
0.021375 0.099646 0.660814 50.000000
0.180745 -0.076070 0.660369 50.000000
0.248328 -0.159999 0.658591 53.000000
0.007230 0.045894 0.658146 50.000000
0.153398 -0.131708 0.658591 50.000000
0.079842 -0.069469 0.658146 50.000000
-0.081728 0.092101 0.660814 52.000000
0.179802 -0.188289 0.658146 50.000000
0.132651 -0.139252 0.660369 50.000000
-0.068526 0.051866 0.661258 52.000000
-0.116306 0.085186 0.659035 52.000000
0.047465 -0.269703 0.659035 50.000000
0.000314 -0.219409 0.659035 50.000000
-0.014145 -0.234497 0.659480 50.000000
-0.444162 0.194262 0.662147 50.000000
0.073870 -0.329428 0.659035 50.000000
-0.198663 -0.061296 0.658146 50.000000
-0.096502 -0.165343 0.662147 50.000000
0.025462 -0.307424 0.658591 50.000000
0.162199 0.146797 0.663036 51.000000
0.149311 0.159684 0.663481 51.000000
0.109390 0.173201 0.664370 51.000000
0.022318 0.247071 0.663481 51.000000
0.434732 -0.186089 0.663481 50.000000
0.302395 -0.063811 0.663925 53.000000
0.201806 0.039292 0.666593 53.000000
0.154969 0.072927 0.663925 50.000000
-0.032691 0.261216 0.666593 51.000000
-0.080785 0.308681 0.664814 50.000000
0.121649 0.093045 0.666148 51.000000
0.201806 -0.001572 0.665703 53.000000
-0.012259 0.186718 0.664370 51.000000
0.181060 -0.063182 0.665259 50.000000
0.100589 0.005344 0.664370 50.000000
0.275676 -0.190490 0.664814 53.000000
-0.074184 0.153083 0.662592 50.000000
0.153398 -0.105304 0.666593 50.000000
-0.006601 0.045265 0.662592 52.000000
0.207150 -0.204321 0.666148 53.000000
0.018232 -0.049980 0.662592 50.000000
-0.166600 0.132337 0.665259 52.000000
-0.104046 0.044008 0.663925 52.000000
-0.117877 0.044008 0.663925 52.000000
-0.305538 0.138624 0.665259 50.000000
-0.314025 0.075442 0.664370 50.000000
0.177602 -0.431903 0.665703 50.000000
-0.206835 -0.055009 0.662592 50.000000
-0.413356 0.137681 0.662592 50.000000
0.031748 -0.316854 0.664370 50.000000
0.149626 0.213437 0.670149 51.000000
0.262159 0.058781 0.669260 50.000000
0.182317 0.139881 0.669704 51.000000
0.142081 0.099646 0.667482 51.000000
0.041493 0.200234 0.671038 51.000000
0.181688 0.045579 0.669260 50.000000
0.082043 0.146482 0.667482 51.000000
-0.088958 0.316226 0.669704 50.000000
0.241727 -0.029548 0.667926 53.000000
0.161256 0.038978 0.668371 50.000000
0.114734 0.072927 0.667926 51.000000
0.181374 -0.008801 0.667926 50.000000
-0.130451 0.289192 0.668371 50.000000
-0.159685 0.317169 0.670593 50.000000
0.234497 -0.190804 0.668371 53.000000
0.275990 -0.235440 0.670593 53.000000
0.045894 -0.022947 0.667926 50.000000
0.004715 -0.009430 0.667482 50.000000
0.138938 -0.148054 0.669704 50.000000
0.004086 -0.037721 0.670593 50.000000
-0.168172 0.091158 0.670593 52.000000
0.131394 -0.212808 0.669260 50.000000
0.070098 -0.176659 0.667037 50.000000
-0.058782 -0.059724 0.670593 50.000000
-0.176030 0.056267 0.671038 52.000000
-0.374693 0.187032 0.667037 50.000000
-0.075756 -0.158427 0.667926 50.000000
-0.143968 -0.089587 0.667926 50.000000
-0.235126 -0.000314 0.667926 50.000000
0.087386 -0.332257 0.669704 50.000000
-0.124479 -0.124793 0.669260 50.000000
-0.228839 -0.021061 0.667926 50.000000
0.011631 -0.266560 0.670593 50.000000
-0.353946 0.095245 0.670149 50.000000
-0.361805 0.102475 0.670593 50.000000
0.121335 -0.386323 0.670149 50.000000
-0.023261 -0.259959 0.670593 50.000000
0.021061 0.287935 0.674150 51.000000
0.115363 0.179802 0.675483 51.000000
0.088644 0.193319 0.672816 51.000000
0.021061 0.260902 0.673261 51.000000
0.386323 -0.150883 0.673261 53.000000
0.215008 -0.002829 0.675039 53.000000
-0.082357 0.295794 0.672816 50.000000
0.074813 0.126050 0.673705 51.000000
0.020746 0.180117 0.673261 51.000000
0.275676 -0.093045 0.674594 53.000000
0.221609 -0.036463 0.672372 53.000000
0.174773 0.011002 0.675483 50.000000
0.160942 0.011002 0.674594 50.000000
0.147740 0.024833 0.674150 50.000000
0.181060 -0.022947 0.674150 50.000000
-0.103103 0.261845 0.672816 50.000000
0.133909 -0.002829 0.674150 50.000000
0.269075 -0.142396 0.674150 53.000000
0.060353 0.058153 0.673261 50.000000
0.026405 0.092101 0.674594 50.000000
0.160627 -0.044008 0.674150 50.000000
0.186718 -0.156227 0.675483 50.000000
0.132966 -0.113162 0.671483 50.000000
0.126050 -0.106247 0.671927 50.000000
0.058467 -0.051237 0.673261 50.000000
0.234812 -0.235126 0.672372 53.000000
0.118820 -0.127308 0.672372 50.000000
-0.037406 -0.025147 0.674594 50.000000
0.172258 -0.257444 0.673705 50.000000
0.129194 -0.332571 0.672372 50.000000
-0.055324 -0.151826 0.672816 50.000000
0.143024 -0.363376 0.671927 50.000000
-0.207778 -0.014460 0.672816 50.000000
-0.392924 0.172572 0.674150 50.000000
0.053438 -0.280705 0.671927 50.000000
-0.097445 -0.138624 0.674150 50.000000
-0.173515 -0.063182 0.675039 50.000000
-0.309624 0.054066 0.671927 50.000000
-0.174773 -0.091473 0.674150 50.000000
-0.180745 -0.084243 0.671483 50.000000
-0.348603 0.074184 0.675483 50.000000
0.106875 -0.388209 0.674150 50.000000
0.122278 0.226953 0.677262 51.000000
-0.098388 0.434417 0.678151 50.000000
0.182003 0.125736 0.679484 51.000000
0.027348 0.267817 0.678595 51.000000
0.148368 0.132966 0.676372 51.000000
-0.006601 0.247700 0.678151 51.000000
-0.097131 0.309939 0.676817 50.000000
0.134537 0.065068 0.676817 50.000000
-0.111276 0.296422 0.679040 50.000000
0.147425 0.010688 0.679040 50.000000
0.087386 0.071984 0.675928 51.000000
-0.139252 0.296737 0.676372 50.000000
-0.182317 0.310882 0.676372 50.000000
0.173830 -0.058467 0.679484 50.000000
0.303966 -0.193633 0.677262 53.000000
0.193947 -0.093045 0.677262 50.000000
0.079214 -0.017289 0.679929 50.000000
0.214065 -0.171629 0.679484 53.000000
-0.063497 0.084557 0.677706 52.000000
0.118820 -0.114734 0.679929 50.000000
0.138938 -0.136109 0.679484 50.000000
0.172887 -0.185775 0.678151 50.000000
0.104989 -0.114734 0.678595 50.000000
0.186403 -0.215008 0.679929 50.000000
-0.025147 -0.066954 0.677706 50.000000
0.178859 -0.281020 0.677262 50.000000
-0.052809 -0.053752 0.677706 50.000000
0.103103 -0.215323 0.679929 50.000000
0.156855 -0.365891 0.679929 50.000000
-0.132023 -0.104675 0.675928 50.000000
0.016974 -0.290764 0.678151 50.000000
-0.113477 -0.169115 0.678151 50.000000
0.149311 0.240155 0.683930 51.000000
0.149311 0.199920 0.682152 51.000000
0.121964 0.213437 0.683041 51.000000
0.181688 0.112219 0.684374 51.000000
0.235755 0.044322 0.680373 53.000000
0.248957 -0.010373 0.681707 53.000000
0.310567 -0.129822 0.681262 53.000000
0.283220 -0.172887 0.683930 53.000000
0.201177 -0.100903 0.682152 50.000000
0.078271 -0.045265 0.683041 50.000000
0.016974 -0.011002 0.682596 50.000000
0.111591 -0.108133 0.683041 50.000000
0.036149 -0.088015 0.683041 50.000000
0.029234 -0.081100 0.683930 50.000000
0.015717 -0.066954 0.682152 50.000000
-0.011945 -0.067583 0.683041 50.000000
0.089901 -0.187032 0.681707 50.000000
0.171944 -0.275361 0.683485 50.000000
0.185460 -0.305224 0.683041 50.000000
-0.200234 0.076070 0.683041 52.000000
-0.146482 -0.077642 0.682152 50.000000
-0.113477 -0.155284 0.680373 50.000000
0.058153 -0.336972 0.681707 50.000000
0.060982 0.261216 0.687486 51.000000
-0.014460 0.295794 0.685263 51.000000
0.283534 -0.018546 0.687931 53.000000
0.148054 0.118820 0.687931 51.000000
-0.000943 0.268446 0.687931 51.000000
0.127622 0.112219 0.685708 51.000000
0.081100 0.159370 0.684819 51.000000
-0.042436 0.241413 0.686152 51.000000
0.283534 -0.088329 0.688375 53.000000
0.106875 0.064440 0.686597 51.000000
-0.155598 0.311196 0.685263 50.000000
0.011945 0.118506 0.685708 50.000000
0.064125 -0.032377 0.688375 50.000000
0.016974 0.002200 0.686152 50.000000
0.003458 0.015717 0.686597 52.000000
0.049980 -0.060353 0.688375 50.000000
0.063497 -0.102160 0.685708 50.000000
-0.067897 -0.041178 0.687931 50.000000
0.005972 -0.160942 0.687931 50.000000
-0.335400 0.130137 0.687042 50.000000
-0.305852 0.088015 0.688375 50.000000
-0.016660 -0.211865 0.686152 50.000000
-0.218466 -0.023261 0.685708 50.000000
-0.232926 -0.009430 0.686152 50.000000
-0.107504 -0.149311 0.688820 50.000000
0.085500 -0.354261 0.688820 50.000000
-0.073555 -0.199606 0.688375 50.000000
-0.406127 0.122278 0.686152 50.000000
0.148683 0.186089 0.692821 51.000000
0.215637 0.077642 0.692821 50.000000
0.409270 -0.162514 0.689709 53.000000
-0.092730 0.331314 0.690153 50.000000
0.167857 0.043693 0.691042 50.000000
-0.015403 0.227582 0.691487 51.000000
0.228525 -0.032691 0.691931 53.000000
0.119763 0.036463 0.691931 50.000000
0.297680 -0.146482 0.692821 53.000000
0.052495 0.091158 0.690598 50.000000
-0.043379 0.186403 0.690153 50.000000
0.031434 0.070098 0.692376 50.000000
0.084872 -0.026090 0.692821 50.000000
0.064440 -0.018860 0.690153 50.000000
0.036463 -0.019175 0.691931 50.000000
0.029862 -0.011945 0.689264 50.000000
-0.003772 0.021689 0.692821 52.000000
-0.059096 0.076385 0.692821 52.000000
-0.080471 0.041807 0.690598 52.000000
0.207150 -0.255244 0.692376 50.000000
-0.150883 0.096502 0.691042 52.000000
-0.054381 -0.027662 0.693265 50.000000
-0.033949 -0.061925 0.690598 50.000000
-0.047465 -0.048408 0.690153 50.000000
-0.202120 0.103103 0.692376 52.000000
-0.092730 -0.134537 0.690153 50.000000
-0.038349 -0.206521 0.691487 50.000000
0.127622 -0.386323 0.693265 50.000000
-0.164400 -0.108761 0.691931 50.000000
0.087386 0.275047 0.695488 51.000000
0.175087 0.172887 0.696821 51.000000
0.195205 0.084243 0.697266 50.000000
0.046208 0.220666 0.695488 51.000000
0.133909 0.118506 0.695932 51.000000
0.147425 0.077328 0.697711 50.000000
-0.002515 0.214065 0.697266 51.000000
0.086443 0.097445 0.695932 51.000000
-0.016660 0.159056 0.697266 50.000000
0.099017 0.042750 0.697266 50.000000
0.160313 -0.033006 0.696821 50.000000
0.146482 -0.033006 0.694599 50.000000
0.132337 -0.061611 0.697711 50.000000
0.132023 -0.089587 0.695932 50.000000
-0.011002 0.055952 0.696821 52.000000
-0.011631 -0.013202 0.693710 50.000000
0.193004 -0.226010 0.694154 50.000000
0.082986 -0.110962 0.695932 50.000000
-0.005972 -0.034577 0.697711 50.000000
0.158113 -0.218780 0.694154 50.000000
-0.042121 -0.070098 0.697266 50.000000
-0.103418 -0.007544 0.694154 50.000000
-0.125421 -0.001257 0.696377 50.000000
-0.361176 0.137052 0.694599 50.000000
-0.316226 0.080157 0.696377 50.000000
-0.032063 -0.214694 0.695488 50.000000
-0.279134 0.031120 0.695932 50.000000
-0.316854 0.065697 0.697266 50.000000
-0.370606 0.115048 0.697711 50.000000
-0.250214 -0.011002 0.695488 50.000000
-0.039921 -0.237012 0.694154 50.000000
-0.377522 0.093673 0.693710 50.000000
0.127936 0.206835 0.700822 51.000000
0.114420 0.193319 0.699044 51.000000
0.147740 0.145539 0.699044 51.000000
0.270332 0.021689 0.701711 53.000000
0.249586 0.000943 0.700378 53.000000
0.263102 -0.027033 0.701267 53.000000
0.311825 -0.090844 0.700378 53.000000
0.201806 0.021689 0.702156 53.000000
-0.159684 0.382551 0.702156 50.000000
0.249586 -0.055009 0.701267 53.000000
0.079214 0.104046 0.700378 51.000000
0.099017 0.056581 0.698155 50.000000
0.173515 -0.048094 0.702156 50.000000
-0.195205 0.305538 0.700378 50.000000
0.111591 -0.054695 0.700822 50.000000
0.070726 -0.013202 0.701267 50.000000
0.056581 -0.027348 0.702156 50.000000
0.151826 -0.154655 0.701267 50.000000
-0.012574 -0.000314 0.700822 52.000000
-0.159370 0.130765 0.699933 52.000000
-0.159999 0.089272 0.699044 52.000000
-0.097131 0.012574 0.702156 52.000000
-0.167857 0.082043 0.702156 52.000000
0.185460 -0.280076 0.700822 50.000000
0.074184 -0.191433 0.700378 50.000000
-0.157170 -0.059410 0.701711 50.000000
-0.386638 0.158113 0.700378 50.000000
0.127936 -0.357090 0.699489 50.000000
-0.340115 0.100903 0.699933 50.000000
0.155912 -0.403926 0.698155 50.000000
-0.244556 -0.018546 0.700822 50.000000
-0.442590 0.179488 0.699489 50.000000
0.175087 0.145225 0.702601 51.000000
0.127622 0.165657 0.706601 51.000000
0.353318 -0.063182 0.702601 53.000000
0.167857 0.124793 0.705268 51.000000
0.256501 0.007230 0.705268 53.000000
-0.017289 0.241413 0.706157 51.000000
0.325656 -0.105932 0.704379 53.000000
0.263416 -0.041807 0.706157 53.000000
0.277247 -0.070098 0.706157 53.000000
-0.160313 0.368720 0.705712 50.000000
0.147111 0.049351 0.703934 50.000000
0.312139 -0.120706 0.706601 53.000000
0.132337 -0.033949 0.703490 50.000000
-0.088015 0.172572 0.703490 50.000000
0.159370 -0.104989 0.704379 50.000000
0.036149 0.007544 0.702601 50.000000
-0.047465 0.047780 0.706157 52.000000
0.034892 -0.049037 0.703490 50.000000
0.123850 -0.169429 0.703045 50.000000
0.089272 -0.134223 0.705268 50.000000
-0.033949 -0.007858 0.704379 52.000000
-0.047780 0.005972 0.703490 52.000000
0.199920 -0.250529 0.703045 50.000000
0.026719 -0.098703 0.703490 50.000000
-0.076699 -0.022318 0.703045 50.000000
-0.242041 0.109076 0.705712 50.000000
-0.002200 -0.142081 0.703045 50.000000
-0.379408 0.150883 0.702601 50.000000
-0.074498 -0.159056 0.705268 50.000000
0.077956 -0.320941 0.706157 50.000000
-0.412414 0.136109 0.704379 50.000000
-0.055638 -0.225067 0.705712 50.000000
0.133594 0.104361 0.707046 51.000000
-0.024519 0.234812 0.707935 51.000000
0.167229 0.027976 0.707491 50.000000
0.099017 0.096817 0.710158 51.000000
0.319683 -0.157170 0.708380 53.000000
-0.153712 0.305538 0.711047 50.000000
-0.159999 0.298623 0.707046 50.000000
-0.095245 0.221295 0.707935 50.000000
0.263416 -0.141767 0.708824 53.000000
0.200549 -0.149311 0.711047 50.000000
0.028291 -0.000314 0.707491 50.000000
0.137995 -0.126993 0.707491 50.000000
0.048408 -0.035520 0.710602 50.000000
0.172572 -0.163457 0.708380 50.000000
0.061925 -0.063497 0.708380 50.000000
-0.132337 0.116934 0.708824 52.000000
-0.027348 -0.001257 0.707491 52.000000
0.199920 -0.237326 0.709713 50.000000
0.054381 -0.099331 0.710602 50.000000
0.185775 -0.252100 0.709269 50.000000
-0.056267 -0.015717 0.709269 52.000000
0.192376 -0.336658 0.710158 50.000000
-0.067583 -0.152140 0.708380 50.000000
0.169743 -0.424044 0.709713 50.000000
-0.173830 -0.075442 0.708824 50.000000
-0.118192 -0.146168 0.707491 50.000000
-0.160313 -0.104046 0.709269 50.000000
-0.097760 -0.182317 0.707935 50.000000
0.079528 0.296737 0.714159 51.000000
0.195205 0.110648 0.712381 51.000000
0.263731 0.027033 0.715048 53.000000
0.010059 0.269389 0.711936 51.000000
0.030805 0.234812 0.713270 51.000000
-0.053752 0.290450 0.715048 50.000000
0.340744 -0.107818 0.714159 53.000000
0.186718 -0.106561 0.713270 50.000000
0.083929 -0.000629 0.712381 50.000000
-0.069155 0.095874 0.713270 52.000000
0.235440 -0.261530 0.714603 50.000000
0.221295 -0.245499 0.712381 53.000000
0.033949 -0.064440 0.711936 50.000000
-0.029548 -0.058153 0.711491 50.000000
-0.192061 0.101846 0.713714 52.000000
0.101532 -0.194262 0.714603 50.000000
-0.100589 -0.045579 0.713714 50.000000
0.085186 -0.300509 0.715048 50.000000
-0.195519 -0.026090 0.712825 50.000000
-0.269389 0.029548 0.715048 50.000000
-0.423415 0.186718 0.714603 50.000000
0.141453 -0.392610 0.711491 50.000000
-0.097760 -0.154026 0.714603 50.000000
-0.344516 0.085815 0.713270 50.000000
0.169743 -0.441647 0.712825 50.000000
0.027662 -0.301452 0.715048 50.000000
-0.071041 -0.212808 0.714603 50.000000
0.092730 0.227582 0.717715 51.000000
0.092730 0.186089 0.716381 51.000000
0.140195 0.110333 0.717270 51.000000
0.119449 0.117249 0.718604 51.000000
0.277876 -0.043693 0.718160 53.000000
0.222238 -0.028919 0.716826 53.000000
0.256815 -0.064754 0.719049 53.000000
-0.089901 0.242356 0.719049 50.000000
0.000943 0.110019 0.718604 50.000000
-0.069469 0.137681 0.718604 50.000000
-0.022004 -0.009745 0.719493 50.000000
0.143967 -0.195205 0.719493 50.000000
0.136738 -0.202435 0.719493 50.000000
-0.128251 0.053123 0.718604 52.000000
-0.193319 0.115677 0.719493 52.000000
0.156541 -0.315911 0.719049 50.000000
-0.290764 0.136423 0.718604 50.000000
-0.305852 0.136423 0.716826 50.000000
-0.153083 -0.054695 0.719049 50.000000
-0.090530 -0.147425 0.718604 50.000000
0.119135 -0.387266 0.718160 50.000000
-0.091787 -0.176973 0.717715 50.000000
0.257444 0.047151 0.723050 53.000000
0.119763 0.172258 0.724383 51.000000
0.277876 -0.001572 0.721716 53.000000
0.167543 0.110019 0.724383 51.000000
0.015717 0.234812 0.720827 51.000000
-0.026405 0.276933 0.723050 51.000000
0.285106 -0.051552 0.723050 53.000000
0.291707 -0.072612 0.721271 53.000000
-0.082986 0.291393 0.720382 50.000000
0.153398 0.040550 0.723050 50.000000
0.236069 -0.086758 0.723050 53.000000
0.138938 -0.001572 0.722160 50.000000
-0.062239 0.200234 0.721716 50.000000
0.299566 -0.181688 0.722160 53.000000
0.221924 -0.101532 0.723939 50.000000
-0.119449 0.242356 0.722160 50.000000
0.151826 -0.100589 0.720382 50.000000
0.131080 -0.079214 0.721271 50.000000
0.242670 -0.225381 0.720382 53.000000
-0.000943 -0.002515 0.722605 50.000000
-0.114105 0.094931 0.723939 52.000000
0.157798 -0.196462 0.724383 50.000000
0.157484 -0.211236 0.724383 50.000000
-0.050609 -0.010059 0.721271 52.000000
0.199606 -0.286049 0.721716 50.000000
-0.023890 -0.066326 0.720382 50.000000
-0.116620 -0.047151 0.720827 50.000000
-0.255244 0.086443 0.723939 50.000000
-0.211865 0.000943 0.723494 50.000000
-0.346717 0.114420 0.721271 50.000000
-0.198977 -0.056581 0.723939 50.000000
-0.355518 0.077956 0.722160 50.000000
0.181374 0.096188 0.725272 50.000000
0.153712 0.123850 0.725717 51.000000
0.056895 0.151512 0.725272 51.000000
0.104675 0.089272 0.725272 51.000000
0.076384 0.060982 0.728829 50.000000
0.069469 0.054066 0.727050 50.000000
0.242984 -0.123221 0.724828 53.000000
0.013831 0.081414 0.727940 50.000000
0.034577 0.046837 0.726606 50.000000
0.109704 -0.073555 0.728384 50.000000
0.005972 0.004401 0.724828 50.000000
0.067269 -0.087701 0.725717 50.000000
-0.086758 0.024204 0.727050 52.000000
-0.093988 0.031434 0.727495 52.000000
-0.144596 0.051866 0.728829 52.000000
0.148683 -0.341373 0.724828 50.000000
-0.428130 0.215951 0.727940 50.000000
-0.106561 -0.135166 0.728829 50.000000
-0.235755 -0.007230 0.728384 50.000000
-0.243299 -0.000314 0.727940 50.000000
-0.071355 -0.185460 0.724828 50.000000
-0.064754 -0.207778 0.725272 50.000000
0.011945 -0.290135 0.728829 50.000000
-0.445105 0.171944 0.727940 50.000000
0.154341 0.220666 0.732385 51.000000
0.167543 0.137681 0.733274 51.000000
-0.049351 0.326913 0.732385 50.000000
-0.006287 0.256187 0.731940 51.000000
0.187975 0.060668 0.730162 50.000000
0.111905 0.109705 0.731051 51.000000
0.049666 0.171944 0.730607 51.000000
0.207778 -0.116934 0.729718 50.000000
0.144596 -0.109704 0.730607 50.000000
0.018860 -0.010373 0.733274 50.000000
0.130137 -0.139252 0.733274 50.000000
-0.062239 -0.090844 0.732830 50.000000
-0.121021 -0.121335 0.730607 50.000000
0.068840 -0.336343 0.731051 50.000000
-0.179488 -0.093673 0.731496 50.000000
0.075441 -0.360547 0.731940 50.000000
0.327856 -0.025147 0.735941 53.000000
0.250529 0.025147 0.733719 53.000000
0.222867 0.053438 0.737719 53.000000
0.035520 0.228211 0.735497 51.000000
0.160313 0.088329 0.737719 50.000000
-0.028605 0.263417 0.737719 51.000000
0.097760 0.123221 0.736830 51.000000
0.306795 -0.104046 0.735497 53.000000
0.292650 -0.089272 0.735052 53.000000
0.026719 0.052809 0.736386 50.000000
0.123850 -0.060039 0.733719 50.000000
0.143967 -0.139252 0.734163 50.000000
0.228839 -0.259330 0.736386 50.000000
0.066326 -0.104361 0.737275 50.000000
-0.094616 0.059096 0.734163 52.000000
0.143653 -0.184203 0.735941 50.000000
0.171629 -0.228525 0.735052 50.000000
-0.102475 0.037406 0.734608 52.000000
0.163771 -0.282277 0.735052 50.000000
-0.141453 -0.027976 0.737719 50.000000
0.170058 -0.353318 0.737719 50.000000
0.069783 -0.290764 0.734608 50.000000
0.133594 -0.361490 0.737275 50.000000
-0.115363 -0.143967 0.734608 50.000000
-0.431274 0.171944 0.735497 50.000000
-0.002200 -0.261530 0.735941 50.000000
0.096817 -0.369349 0.735497 50.000000
0.047151 -0.314654 0.735941 50.000000
-0.144596 -0.130451 0.735941 50.000000
0.049351 0.297994 0.739498 51.000000
0.174458 0.116306 0.739498 51.000000
0.160313 0.130451 0.739053 51.000000
0.264674 0.010373 0.739498 53.000000
0.181060 0.081414 0.738609 50.000000
0.062868 0.185775 0.742165 51.000000
0.090530 0.129822 0.741720 51.000000
-0.123221 0.342944 0.740831 50.000000
0.062554 0.143968 0.739498 51.000000
0.264360 -0.089901 0.740387 53.000000
-0.007859 0.186089 0.739053 51.000000
0.110647 0.053123 0.740831 50.000000
0.137995 -0.046522 0.741720 50.000000
0.109704 -0.032063 0.739942 50.000000
0.017917 0.002515 0.742165 50.000000
0.193004 -0.207150 0.739498 50.000000
0.221609 -0.282906 0.738164 50.000000
0.156855 -0.245185 0.741276 50.000000
0.149626 -0.253043 0.739942 50.000000
-0.139881 0.029548 0.738164 52.000000
0.177602 -0.330057 0.739498 50.000000
-0.127308 -0.042750 0.739942 50.000000
-0.282591 0.063497 0.739053 50.000000
-0.376579 0.149940 0.741720 50.000000
-0.058153 -0.172887 0.738164 50.000000
-0.151197 -0.079842 0.741720 50.000000
-0.179802 -0.051237 0.740387 50.000000
0.191433 -0.426873 0.740387 50.000000
-0.115991 -0.130137 0.740387 50.000000
-0.408013 0.164400 0.739053 50.000000
-0.450134 0.201492 0.742165 50.000000
-0.392924 0.134852 0.742165 50.000000
-0.269389 -0.009430 0.739498 50.000000
-0.425301 0.149626 0.740831 50.000000
0.070098 0.277247 0.744832 51.000000
0.104989 0.214065 0.744388 51.000000
0.292964 -0.004715 0.745277 53.000000
0.230097 0.059410 0.745277 53.000000
0.229782 -0.011316 0.743943 53.000000
-0.000943 0.221295 0.742610 51.000000
-0.215008 0.432217 0.745721 50.000000
0.117563 0.073870 0.746166 51.000000
-0.051237 0.214380 0.746610 50.000000
0.322198 -0.179802 0.744832 53.000000
0.215008 -0.126679 0.744388 50.000000
-0.045579 0.051552 0.743943 52.000000
0.171944 -0.185460 0.743054 50.000000
-0.078271 -0.093045 0.743943 50.000000
-0.142710 -0.043064 0.742610 50.000000
-0.409899 0.178859 0.745277 50.000000
-0.174144 -0.088329 0.742610 50.000000
-0.418072 0.156855 0.745277 50.000000
0.032063 -0.302709 0.746610 50.000000
-0.361805 0.091158 0.742610 50.000000
0.307424 -0.005344 0.748389 53.000000
0.090844 0.213751 0.747055 51.000000
0.174144 0.101532 0.749278 51.000000
0.132023 0.129822 0.748833 51.000000
0.194262 -0.033006 0.747055 50.000000
-0.139252 0.286049 0.749278 50.000000
0.054066 0.080157 0.751056 50.000000
-0.146168 0.279134 0.747055 50.000000
0.088958 0.016974 0.747499 50.000000
-0.016346 0.108447 0.747055 50.000000
0.243299 -0.187661 0.751056 53.000000
0.236069 -0.179174 0.747499 53.000000
0.164400 -0.209979 0.751056 50.000000
0.078899 -0.135795 0.751056 50.000000
-0.091158 0.007230 0.751056 52.000000
-0.113477 -0.028919 0.747499 50.000000
-0.379408 0.164085 0.751056 50.000000
-0.370292 0.142396 0.747055 50.000000
-0.340430 0.083614 0.750167 50.000000
-0.427816 0.164085 0.748833 50.000000
0.110647 -0.389467 0.748833 50.000000
0.132337 -0.413671 0.747944 50.000000
0.132651 0.199606 0.755057 51.000000
0.019489 0.228525 0.752834 51.000000
-0.140195 0.358033 0.751500 50.000000
0.286363 -0.084872 0.751500 53.000000
0.308053 -0.121649 0.752834 53.000000
0.152140 0.023575 0.754168 50.000000
-0.001886 0.178859 0.751500 51.000000
0.089272 0.073241 0.752834 50.000000
0.208407 -0.062868 0.755057 50.000000
0.067897 0.065697 0.753723 50.000000
0.315597 -0.188918 0.753278 53.000000
0.151512 -0.062554 0.752389 50.000000
0.123221 -0.033634 0.751500 50.000000
-0.060353 0.122278 0.752834 50.000000
-0.097131 0.100589 0.752389 52.000000
0.258073 -0.264045 0.752834 53.000000
-0.011945 0.000943 0.754612 52.000000
0.079528 -0.106875 0.754612 50.000000
-0.048408 -0.007230 0.755501 52.000000
-0.308681 0.156855 0.754612 50.000000
0.206521 -0.367149 0.755501 50.000000
-0.115991 -0.059096 0.755057 50.000000
0.402040 -0.102475 0.759058 53.000000
0.132337 0.143339 0.759502 51.000000
0.215951 0.015717 0.759502 53.000000
0.236698 -0.020118 0.757279 53.000000
-0.046208 0.235755 0.759947 50.000000
0.116934 0.058781 0.757279 50.000000
0.136738 -0.077956 0.757724 50.000000
0.157484 -0.158427 0.755946 50.000000
-0.156541 0.143024 0.757724 52.000000
0.164400 -0.196148 0.755946 50.000000
0.149940 -0.196148 0.756835 50.000000
0.043379 -0.085815 0.758168 50.000000
-0.012888 -0.028291 0.755946 50.000000
-0.113477 0.042750 0.756835 52.000000
0.199606 -0.280391 0.757724 50.000000
-0.035206 -0.049980 0.756835 50.000000
-0.051237 -0.094931 0.759058 50.000000
-0.302395 0.120392 0.759058 50.000000
-0.388838 0.201177 0.756835 50.000000
0.162199 -0.383180 0.756390 50.000000
-0.342001 0.112848 0.757724 50.000000
-0.405812 0.171629 0.757279 50.000000
0.161885 -0.399840 0.756835 50.000000
-0.082671 -0.155284 0.758613 50.000000
-0.111276 -0.125421 0.756390 50.000000
0.096502 -0.343887 0.756835 50.000000
-0.061925 -0.192376 0.759058 50.000000
0.073870 -0.352689 0.758168 50.000000
0.016660 -0.289821 0.755946 50.000000
0.166914 0.164714 0.763058 51.000000
0.209036 0.093673 0.762169 50.000000
0.308053 -0.021061 0.761725 53.000000
0.351746 -0.094931 0.763947 53.000000
-0.046208 0.278505 0.761280 50.000000
0.293907 -0.064125 0.760836 53.000000
-0.010059 0.228525 0.762169 51.000000
0.096188 0.107818 0.763947 51.000000
0.258073 -0.086129 0.762169 53.000000
0.243927 -0.085815 0.760836 53.000000
-0.024833 0.171629 0.760836 50.000000
0.301766 -0.205892 0.762169 53.000000
-0.011316 0.100274 0.762614 50.000000
0.115363 -0.071669 0.763058 50.000000
0.236383 -0.197720 0.763503 53.000000
-0.158427 0.099646 0.763503 52.000000
0.221609 -0.305538 0.763503 50.000000
0.006915 -0.093988 0.760391 50.000000
-0.210922 0.091787 0.762169 52.000000
-0.066011 -0.080785 0.761725 50.000000
-0.235755 0.011002 0.760836 50.000000
0.176344 -0.418072 0.761725 50.000000
-0.267189 0.010373 0.762614 50.000000
0.139567 0.192690 0.765281 51.000000
0.272847 0.029234 0.765726 53.000000
0.462708 -0.164400 0.764837 50.000000
0.418072 -0.148683 0.765726 53.000000
0.117563 0.129194 0.764837 51.000000
0.209036 0.022004 0.768393 53.000000
0.201492 0.000629 0.765726 50.000000
0.272532 -0.087386 0.768838 53.000000
0.037092 -0.007230 0.767504 50.000000
-0.077328 0.107190 0.767059 52.000000
0.093673 -0.065068 0.767059 50.000000
0.065068 -0.050294 0.764837 50.000000
0.243613 -0.252100 0.767059 53.000000
0.214380 -0.268132 0.768838 50.000000
-0.002200 -0.132651 0.767059 50.000000
-0.353318 0.134223 0.768838 50.000000
0.103418 -0.338858 0.766615 50.000000
-0.337601 0.090215 0.767504 50.000000
0.103103 -0.354889 0.767059 50.000000
0.117877 0.242670 0.771505 51.000000
0.082043 0.221295 0.773283 51.000000
0.067897 0.235440 0.771060 51.000000
0.082357 0.207150 0.770171 51.000000
0.434103 -0.165343 0.772394 53.000000
0.244242 -0.014460 0.770171 53.000000
0.286992 -0.072927 0.769282 53.000000
0.173201 0.014460 0.772838 50.000000
0.229782 -0.057838 0.770616 53.000000
-0.129194 0.258387 0.773283 50.000000
0.066011 0.036149 0.769282 50.000000
0.008801 0.049980 0.770171 50.000000
-0.093045 0.092101 0.772838 52.000000
0.049980 -0.080471 0.770616 50.000000
0.170372 -0.268132 0.769727 50.000000
-0.081414 -0.067897 0.769282 50.000000
0.176973 -0.355832 0.771505 50.000000
-0.142081 -0.099017 0.769282 50.000000
-0.292964 0.031120 0.772394 50.000000
0.007858 -0.286678 0.771949 50.000000
-0.100589 -0.173830 0.772838 50.000000
-0.055952 0.402669 0.775506 50.000000
0.082043 0.235755 0.774172 51.000000
0.187975 0.114734 0.776395 51.000000
0.352689 -0.067583 0.776839 53.000000
-0.004401 0.278819 0.775061 51.000000
-0.122907 0.396697 0.777284 50.000000
0.067583 0.193004 0.774172 51.000000
0.209036 0.035835 0.774617 50.000000
-0.092101 0.337601 0.774617 50.000000
0.158741 0.013831 0.775061 50.000000
0.059410 0.099960 0.775950 50.000000
0.101532 0.042750 0.775506 50.000000
0.066326 0.078585 0.775950 50.000000
-0.137052 0.265617 0.776395 50.000000
0.086758 -0.000943 0.776839 50.000000
0.065068 0.006287 0.776839 50.000000
-0.071041 0.142396 0.776839 50.000000
0.043379 0.013517 0.777728 50.000000
-0.122907 0.164085 0.777728 52.000000
0.251157 -0.262159 0.774617 53.000000
-0.108761 0.092101 0.777284 52.000000
0.148368 -0.277562 0.774617 50.000000
-0.278190 0.030805 0.777284 50.000000
-0.356461 0.104046 0.777728 50.000000
-0.181060 -0.078899 0.777284 50.000000
0.161256 -0.439447 0.774172 50.000000
0.146168 -0.422472 0.774172 50.000000
-0.380351 0.096502 0.775061 50.000000
0.131394 0.156855 0.781729 51.000000
0.273161 -0.074184 0.779951 53.000000
0.172572 -0.030177 0.779951 50.000000
0.150883 -0.051866 0.779951 50.000000
0.007544 0.034263 0.779506 52.000000
-0.071984 0.113791 0.780396 52.000000
0.135480 -0.125736 0.778173 50.000000
-0.029234 0.012574 0.779062 52.000000
-0.103103 0.040550 0.782174 52.000000
0.105618 -0.186403 0.779951 50.000000
-0.325970 0.059725 0.780396 50.000000
0.065697 -0.335086 0.778173 50.000000
0.138309 0.178231 0.785285 51.000000
0.131394 0.171315 0.783507 51.000000
-0.123850 0.382551 0.782618 50.000000
0.001572 0.228839 0.784841 51.000000
0.016346 0.200234 0.782618 51.000000
-0.138938 0.353632 0.783507 50.000000
0.194262 0.005972 0.783952 50.000000
0.287935 -0.119763 0.783507 53.000000
0.229782 -0.089272 0.782618 50.000000
-0.013517 0.113791 0.782618 50.000000
0.028605 0.026405 0.786619 50.000000
-0.000000 0.055638 0.785730 52.000000
-0.109390 0.134852 0.783952 52.000000
-0.208721 0.053752 0.782618 52.000000
0.154341 -0.384751 0.784841 50.000000
0.131708 -0.360862 0.786619 50.000000
-0.093673 -0.137995 0.784841 50.000000
-0.094931 -0.168172 0.784841 50.000000
-0.146168 -0.132023 0.784841 50.000000
-0.088329 -0.191747 0.786175 50.000000
0.231040 0.084872 0.790620 50.000000
0.066954 0.250214 0.787064 51.000000
0.051866 0.193004 0.790620 51.000000
0.000943 0.243299 0.790620 51.000000
0.080471 0.149311 0.791065 51.000000
-0.034892 0.250843 0.787508 51.000000
-0.132337 0.317483 0.790620 50.000000
0.072612 0.070412 0.787064 50.000000
0.158113 -0.016346 0.787953 50.000000
0.000314 0.127622 0.790620 50.000000
0.121335 -0.082671 0.787064 50.000000
0.266560 -0.266246 0.789731 53.000000
0.077328 -0.097760 0.787508 50.000000
0.126993 -0.195834 0.788842 50.000000
-0.164085 0.083300 0.790176 52.000000
0.119449 -0.218466 0.787064 50.000000
0.094931 -0.337286 0.788397 50.000000
-0.375321 0.133594 0.787953 50.000000
-0.131394 -0.117249 0.789286 50.000000
-0.385066 0.110648 0.790176 50.000000
-0.426244 0.148054 0.790620 50.000000
0.109704 0.250214 0.792843 51.000000
0.339801 -0.129508 0.794176 53.000000
0.172887 0.026719 0.795066 50.000000
0.122592 0.077642 0.793732 51.000000
-0.139881 0.295479 0.791509 50.000000
0.021375 0.091473 0.795066 50.000000
0.266560 -0.204635 0.792843 53.000000
0.092101 -0.054066 0.793732 50.000000
0.056267 -0.017603 0.792843 50.000000
0.229468 -0.290764 0.794621 50.000000
0.032691 -0.099646 0.794176 50.000000
0.192376 -0.266874 0.795066 50.000000
0.068526 -0.151826 0.795510 50.000000
0.032691 -0.114105 0.791954 50.000000
-0.194262 0.112219 0.791509 52.000000
-0.181374 0.038349 0.795066 52.000000
0.176973 -0.330685 0.794621 50.000000
-0.015088 -0.237326 0.792398 50.000000
-0.103103 -0.147425 0.794176 50.000000
-0.259330 0.007544 0.792398 50.000000
0.007544 0.221609 0.797733 51.000000
0.208721 0.004086 0.798177 50.000000
0.137052 0.077013 0.799955 50.000000
0.215951 -0.047151 0.798177 50.000000
0.021375 0.134852 0.797288 50.000000
0.252100 -0.099017 0.796399 53.000000
0.049980 0.062239 0.796844 50.000000
-0.081100 0.149311 0.795955 50.000000
-0.157170 0.119763 0.795955 52.000000
0.177287 -0.300194 0.799511 50.000000
-0.137681 -0.021061 0.799955 50.000000
-0.093359 -0.079842 0.796399 50.000000
-0.093988 -0.094930 0.797733 50.000000
0.124164 -0.357090 0.799955 50.000000
-0.096502 -0.155912 0.799511 50.000000
-0.060668 -0.224438 0.797733 50.000000
0.036778 0.265303 0.800845 51.000000
0.101532 0.185460 0.802178 51.000000
-0.119763 0.347659 0.804401 50.000000
0.187032 -0.003772 0.804401 50.000000
0.230097 -0.107818 0.803956 50.000000
0.113791 -0.048094 0.803067 50.000000
0.099331 -0.047465 0.800400 50.000000
0.259644 -0.261845 0.804401 53.000000
-0.061296 0.054066 0.800845 52.000000
0.066640 -0.230411 0.801734 50.000000
-0.060039 -0.178545 0.802178 50.000000
-0.046522 -0.225381 0.803956 50.000000
-0.053752 -0.217523 0.803512 50.000000
0.108761 0.221609 0.805290 51.000000
0.245499 0.054695 0.807513 53.000000
0.238269 0.061925 0.807068 53.000000
0.021375 0.265617 0.805735 51.000000
0.274418 -0.004401 0.806179 53.000000
0.223495 0.018232 0.804845 53.000000
-0.159370 0.386009 0.808846 50.000000
0.107504 0.090844 0.808846 51.000000
-0.142710 0.325970 0.805290 50.000000
-0.038349 0.178230 0.807513 50.000000
-0.135166 0.229782 0.806624 50.000000
0.040235 -0.019175 0.808402 50.000000
-0.159999 0.074813 0.806624 52.000000
0.147740 -0.238584 0.806624 50.000000
0.009430 -0.109076 0.805290 50.000000
0.154026 -0.359290 0.807957 50.000000
-0.111276 -0.097131 0.808402 50.000000
-0.125421 -0.081728 0.805290 50.000000
-0.118192 -0.104046 0.804845 50.000000
-0.156541 -0.082671 0.807068 50.000000
0.056895 -0.303652 0.808402 50.000000
-0.127622 -0.127936 0.808846 50.000000
-0.172258 -0.083300 0.808402 50.000000
-0.255872 -0.001572 0.808402 50.000000
-0.381923 0.117563 0.807513 50.000000
0.115677 -0.383809 0.806624 50.000000
0.296422 0.002515 0.811514 53.000000
-0.008802 0.236698 0.811514 51.000000
0.333514 -0.110019 0.811069 53.000000
-0.167543 0.379093 0.812403 50.000000
0.333829 -0.140510 0.812847 53.000000
0.055952 0.053752 0.812403 50.000000
0.215323 -0.154655 0.811069 50.000000
-0.191433 0.103732 0.813292 52.000000
-0.051866 -0.111276 0.813292 50.000000
0.176344 -0.384752 0.810180 50.000000
-0.134223 -0.075441 0.813292 50.000000
-0.141767 -0.067897 0.812403 50.000000
-0.143339 -0.128565 0.810625 50.000000
-0.023890 0.369349 0.814625 50.000000
-0.023575 0.309939 0.813736 51.000000
0.092730 0.076070 0.813736 50.000000
-0.046522 0.214694 0.815959 50.000000
0.237641 -0.087072 0.815070 50.000000
-0.198663 0.319683 0.814181 50.000000
0.019175 0.075442 0.815959 50.000000
0.162199 -0.271904 0.814181 50.000000
0.154341 -0.296108 0.814625 50.000000
-0.164714 -0.046208 0.816848 50.000000
0.131080 -0.353318 0.815070 50.000000
-0.038978 -0.188289 0.814181 50.000000
-0.242041 -0.002200 0.817737 50.000000
-0.114105 -0.143967 0.814625 50.000000
-0.234812 -0.040235 0.815515 50.000000
-0.385066 0.101846 0.815959 50.000000
0.253043 0.045894 0.821738 53.000000
0.107504 0.119135 0.821294 51.000000
-0.177288 0.387581 0.821294 50.000000
0.136109 0.060982 0.820404 50.000000
0.041807 0.155912 0.818626 51.000000
0.194262 -0.012888 0.819515 50.000000
0.077642 0.075441 0.818182 50.000000
0.282277 -0.148683 0.818626 53.000000
0.230411 -0.125736 0.819960 50.000000
-0.055324 0.148683 0.822183 50.000000
0.207778 -0.225696 0.818626 50.000000
0.222552 -0.289507 0.819515 50.000000
-0.140195 0.036778 0.819071 52.000000
0.184517 -0.297365 0.818626 50.000000
0.146168 -0.353946 0.818626 50.000000
-0.113477 -0.114420 0.819515 50.000000
0.004086 -0.252100 0.821738 50.000000
-0.063497 -0.214065 0.820849 50.000000
-0.274733 -0.003458 0.819515 50.000000
-0.329742 0.049037 0.819515 50.000000
0.179802 0.045579 0.825739 50.000000
0.327227 -0.120078 0.826628 53.000000
0.304595 -0.096817 0.823961 53.000000
0.223181 -0.104046 0.825294 50.000000
0.069469 0.038349 0.825739 50.000000
-0.094616 0.081728 0.826183 52.000000
0.168800 -0.364005 0.823516 50.000000
0.161256 -0.355832 0.823072 50.000000
0.012259 -0.213122 0.825294 50.000000
0.025462 -0.276619 0.825739 50.000000
-0.063811 -0.199291 0.825739 50.000000
-0.228525 -0.033320 0.823516 50.000000
0.019175 0.296108 0.831074 51.000000
0.349860 -0.067897 0.830185 53.000000
0.231040 0.008173 0.828851 53.000000
0.107190 0.133909 0.828851 51.000000
0.282591 -0.104989 0.830185 53.000000
-0.025776 0.163142 0.827962 50.000000
-0.124164 0.245185 0.830185 50.000000
0.178859 -0.074184 0.830185 50.000000
0.171001 -0.111591 0.827073 50.000000
-0.064440 0.081728 0.827073 52.000000
-0.102160 0.103732 0.829295 52.000000
0.045265 -0.059410 0.829295 50.000000
0.088958 -0.120078 0.830629 50.000000
0.191747 -0.357404 0.829740 50.000000
-0.068840 -0.099331 0.830185 50.000000
-0.105932 -0.062239 0.830629 50.000000
-0.032691 -0.183260 0.827073 50.000000
-0.236383 0.004086 0.827962 50.000000
-0.152769 -0.093359 0.827517 50.000000
-0.221924 -0.026090 0.829740 50.000000
-0.027348 -0.238898 0.829740 50.000000
-0.154655 -0.124793 0.830629 50.000000
0.114420 0.155598 0.835519 51.000000
0.172572 0.082357 0.834185 50.000000
0.077328 0.104046 0.833741 50.000000
0.179174 0.000314 0.835519 50.000000
0.208721 -0.044322 0.833741 50.000000
0.024518 0.066954 0.833296 50.000000
0.002200 0.059096 0.833741 52.000000
0.245185 -0.285106 0.832852 50.000000
0.132023 -0.244870 0.831518 50.000000
-0.159370 -0.025147 0.832407 50.000000
-0.130137 -0.055638 0.835519 50.000000
-0.364320 0.139567 0.831963 50.000000
0.025147 -0.263102 0.835519 50.000000
-0.146797 -0.116934 0.831963 50.000000
-0.080471 -0.201492 0.833741 50.000000
-0.185775 -0.095559 0.835519 50.000000
0.158741 0.184832 0.837742 51.000000
0.441647 -0.147111 0.836408 53.000000
0.136423 0.148054 0.838631 51.000000
-0.026719 0.237012 0.837742 51.000000
-0.156227 0.305538 0.835964 50.000000
-0.203692 0.351746 0.836853 50.000000
0.105618 0.029862 0.836408 50.000000
-0.148683 0.252729 0.837742 50.000000
-0.097445 0.050609 0.839520 52.000000
-0.212808 0.132651 0.839964 52.000000
0.035206 -0.160627 0.836853 50.000000
-0.383180 0.170372 0.839964 50.000000
-0.417129 0.154655 0.839075 50.000000
-0.043379 -0.225381 0.839075 50.000000
-0.278819 0.010059 0.837297 50.000000
0.143967 0.229154 0.844410 51.000000
0.260902 0.006601 0.843521 53.000000
0.157170 0.036778 0.844410 50.000000
-0.012574 0.148054 0.840853 50.000000
0.075127 0.014460 0.841298 50.000000
0.185775 -0.160942 0.843965 50.000000
-0.181374 0.147740 0.842187 52.000000
0.139881 -0.192376 0.844410 50.000000
0.080785 -0.130137 0.842187 50.000000
0.132337 -0.215637 0.843076 50.000000
-0.107504 -0.048094 0.841298 50.000000
0.138624 -0.303023 0.840409 50.000000
-0.139881 -0.094931 0.840853 50.000000
-0.027976 -0.209979 0.843076 50.000000
-0.186403 -0.065383 0.841743 50.000000
-0.232297 -0.020118 0.840409 50.000000
-0.360233 0.100903 0.842632 50.000000
0.084243 -0.345459 0.842632 50.000000
-0.163771 -0.103732 0.841743 50.000000
-0.418386 0.138938 0.842187 50.000000
-0.027662 0.327227 0.845743 50.000000
0.224438 0.058782 0.847966 50.000000
-0.096817 0.350489 0.847077 50.000000
0.238269 -0.077013 0.847522 50.000000
0.223495 -0.092416 0.848855 50.000000
0.030491 0.028291 0.845299 50.000000
-0.151826 0.087386 0.847077 52.000000
-0.110333 -0.111276 0.848411 50.000000
-0.058467 -0.195205 0.844854 50.000000
-0.081100 -0.171944 0.844854 50.000000
-0.210293 -0.043379 0.847077 50.000000
-0.272532 0.016974 0.846632 50.000000
-0.036778 -0.235126 0.846188 50.000000
0.268760 -0.032063 0.852856 53.000000
-0.238898 0.337915 0.851523 50.000000
0.074184 -0.001572 0.850634 50.000000
-0.098388 0.094931 0.850189 52.000000
0.191747 -0.314654 0.852412 50.000000
-0.124793 -0.050294 0.851967 50.000000
-0.126050 -0.081100 0.852412 50.000000
-0.353632 0.138938 0.851523 50.000000
0.114420 -0.331628 0.852856 50.000000
-0.195205 -0.028291 0.853301 50.000000
0.083929 -0.331314 0.849744 50.000000
-0.142081 -0.112219 0.849300 50.000000
-0.429702 0.162199 0.851523 50.000000
0.344202 -0.064125 0.856857 53.000000
0.231668 0.035206 0.857302 53.000000
0.008801 0.244870 0.855079 51.000000
0.352060 -0.117877 0.856857 53.000000
0.098388 0.125107 0.854190 51.000000
-0.036778 0.215008 0.856857 50.000000
0.127307 0.035835 0.854190 50.000000
-0.160628 0.321884 0.857746 50.000000
0.261216 -0.132651 0.856857 50.000000
0.171001 -0.100903 0.854190 50.000000
0.117249 -0.171001 0.855079 50.000000
0.161570 -0.266246 0.854634 50.000000
0.160942 -0.332257 0.855968 50.000000
-0.187346 -0.005344 0.855523 50.000000
0.061611 -0.275047 0.853745 50.000000
-0.158113 -0.082357 0.856857 50.000000
-0.439761 0.201177 0.856413 50.000000
0.091158 -0.341058 0.856413 50.000000
-0.204321 -0.051866 0.853745 50.000000
-0.267817 0.008487 0.857746 50.000000
0.105932 -0.391038 0.855079 50.000000
0.136109 0.221924 0.859969 51.000000
0.224438 0.072612 0.858635 50.000000
-0.122592 0.390095 0.860858 50.000000
-0.075441 0.283220 0.860858 50.000000
0.314654 -0.157170 0.859969 53.000000
0.307110 -0.164714 0.859080 53.000000
0.029862 0.072298 0.861302 50.000000
-0.083614 0.185146 0.861302 50.000000
-0.016031 0.042122 0.858635 52.000000
-0.009116 0.004401 0.859524 52.000000
0.010059 -0.157484 0.859524 50.000000
0.002200 -0.165971 0.861302 50.000000
-0.188289 -0.021375 0.859080 50.000000
-0.045894 -0.214694 0.861747 50.000000
-0.151512 -0.105932 0.859524 50.000000
0.006915 -0.270018 0.861302 50.000000
0.059724 -0.342316 0.859080 50.000000
0.014460 -0.293907 0.859969 50.000000
0.430016 -0.152455 0.866637 53.000000
0.209036 -0.018232 0.863081 50.000000
0.126993 0.065068 0.863081 50.000000
0.238898 -0.063811 0.862636 50.000000
0.209036 -0.033320 0.863970 50.000000
0.330371 -0.158427 0.866192 53.000000
-0.030805 0.117249 0.864414 50.000000
-0.132651 0.048094 0.866637 52.000000
0.138624 -0.244556 0.864414 50.000000
-0.340744 0.138624 0.864414 50.000000
0.000314 -0.230097 0.863081 50.000000
-0.197720 -0.045265 0.862636 50.000000
-0.399526 0.146482 0.863525 50.000000
-0.121649 -0.137052 0.862636 50.000000
-0.129508 -0.129822 0.864414 50.000000
-0.137366 -0.122592 0.866637 50.000000
-0.294222 0.014774 0.865748 50.000000
0.090530 0.222238 0.871082 51.000000
0.097760 0.139567 0.867526 51.000000
0.307110 -0.088644 0.868415 53.000000
-0.023261 0.245499 0.871082 51.000000
-0.179174 0.399526 0.867526 50.000000
-0.210607 0.338544 0.868415 50.000000
0.155598 -0.103103 0.867526 50.000000
-0.132966 0.093673 0.870638 52.000000
-0.180745 0.062868 0.870193 52.000000
-0.230411 0.000000 0.871082 50.000000
0.036149 -0.321255 0.871082 50.000000
0.187346 0.139881 0.872861 51.000000
0.330056 -0.035520 0.874639 53.000000
0.307110 -0.011945 0.872416 53.000000
0.353003 -0.089272 0.871527 53.000000
-0.203692 0.346717 0.872861 50.000000
-0.047465 0.162199 0.875528 50.000000
0.177916 -0.127936 0.875528 50.000000
0.185146 -0.182946 0.874639 50.000000
-0.018232 0.010373 0.873305 52.000000
-0.059410 -0.105618 0.871527 50.000000
-0.068212 -0.130137 0.873750 50.000000
-0.121335 -0.076384 0.872861 50.000000
-0.121964 -0.092101 0.875083 50.000000
0.014145 -0.248328 0.874194 50.000000
-0.130137 -0.100274 0.875083 50.000000
-0.207778 -0.023261 0.874194 50.000000
0.136738 -0.379722 0.874194 50.000000
-0.419015 0.177288 0.871527 50.000000
-0.255558 0.006915 0.874639 50.000000
-0.016974 -0.249271 0.874194 50.000000
-0.386952 0.114420 0.875972 50.000000
0.195205 0.147111 0.878195 51.000000
-0.024204 0.306167 0.879973 51.000000
-0.165343 0.415871 0.877751 50.000000
-0.055009 0.245814 0.877306 50.000000
-0.238269 0.394496 0.879529 50.000000
0.300194 -0.240155 0.876417 53.000000
-0.003772 -0.005344 0.879529 50.000000
0.238584 -0.272218 0.877306 50.000000
-0.111905 0.039292 0.879973 52.000000
0.146168 -0.239527 0.877751 50.000000
-0.214065 0.092416 0.879084 52.000000
-0.344516 0.185146 0.879973 50.000000
-0.106561 -0.076699 0.878640 50.000000
-0.115048 -0.100274 0.877306 50.000000
-0.312768 0.060353 0.878640 50.000000
0.175087 -0.440704 0.876417 50.000000
-0.126364 0.407698 0.880862 50.000000
0.156541 0.063811 0.880418 50.000000
-0.039921 0.260902 0.883085 50.000000
0.096817 0.109076 0.881751 51.000000
0.043064 0.086129 0.881751 50.000000
-0.079214 0.207778 0.883974 50.000000
-0.056267 0.154655 0.883530 50.000000
0.064754 -0.012888 0.882641 50.000000
0.064125 -0.028605 0.884419 50.000000
-0.090530 -0.045579 0.883085 50.000000
-0.430645 0.217209 0.880862 50.000000
-0.093045 -0.124164 0.883530 50.000000
-0.170686 -0.078585 0.882196 50.000000
-0.306481 0.052180 0.884863 50.000000
-0.413671 0.153712 0.880418 50.000000
-0.441018 0.177287 0.884863 50.000000
-0.041178 -0.227582 0.883974 50.000000
0.021375 0.275676 0.885308 51.000000
0.117877 0.025147 0.888864 50.000000
-0.166286 0.262159 0.887530 50.000000
-0.158427 0.223495 0.887530 50.000000
-0.119763 0.138938 0.887975 52.000000
-0.017917 -0.235755 0.885308 50.000000
-0.291707 0.020432 0.888864 50.000000
0.035206 -0.308996 0.886197 50.000000
-0.356775 0.082986 0.886641 50.000000
0.112219 -0.392296 0.886197 50.000000
-0.104046 0.400469 0.891087 50.000000
-0.127936 0.424358 0.890642 50.000000
0.066326 0.215008 0.890198 51.000000
0.018546 0.047151 0.892420 50.000000
0.231040 -0.284163 0.891976 50.000000
-0.105932 0.015717 0.889753 52.000000
-0.241098 0.115048 0.892420 52.000000
-0.077328 -0.093359 0.889309 50.000000
-0.209350 0.037406 0.889753 50.000000
-0.417443 0.200863 0.893310 50.000000
-0.048723 -0.188604 0.891087 50.000000
-0.087701 -0.165343 0.890642 50.000000
-0.417757 0.169115 0.893310 50.000000
0.042750 -0.302080 0.892865 50.000000
0.004401 -0.261216 0.892865 50.000000
-0.275676 0.020746 0.891087 50.000000
-0.374064 0.114105 0.889309 50.000000
-0.382551 0.121964 0.889753 50.000000
0.096817 0.260587 0.896421 51.000000
-0.044322 0.015717 0.895977 52.000000
-0.083300 0.007544 0.895088 52.000000
-0.316226 0.106561 0.893754 50.000000
0.073555 -0.319055 0.895977 50.000000
-0.443847 0.193319 0.893754 50.000000
-0.042122 -0.213437 0.893754 50.000000
-0.189547 -0.065383 0.897311 50.000000
-0.205264 -0.065383 0.894643 50.000000
0.209979 0.115991 0.899089 50.000000
0.418072 -0.110962 0.901311 53.000000
0.072927 0.161885 0.901756 51.000000
-0.153398 0.386952 0.901756 50.000000
0.116620 -0.069155 0.900867 50.000000
-0.068526 0.007230 0.899533 52.000000
-0.060982 -0.016031 0.898644 50.000000
-0.218466 0.138309 0.901756 52.000000
-0.165971 -0.057524 0.901756 50.000000
-0.220981 -0.018860 0.898644 50.000000
0.159370 -0.413042 0.898200 50.000000
-0.066011 -0.190804 0.899978 50.000000
-0.221924 -0.034892 0.900867 50.000000
-0.303023 0.043065 0.901756 50.000000
0.096188 -0.362433 0.899978 50.000000
0.111905 -0.379408 0.900867 50.000000
0.096188 0.245499 0.904868 51.000000
0.019489 0.292021 0.903979 51.000000
-0.106561 0.418072 0.906201 50.000000
0.324713 -0.078585 0.905757 53.000000
-0.145854 0.332257 0.905757 50.000000
-0.235440 0.404869 0.903534 50.000000
-0.044322 0.076699 0.905312 52.000000
-0.091158 0.122907 0.905312 52.000000
-0.138938 0.107190 0.906646 52.000000
-0.132337 0.037092 0.906646 50.000000
0.128251 -0.329113 0.904423 50.000000
0.104361 -0.354889 0.903979 50.000000
0.057524 -0.305538 0.906201 50.000000
-0.058467 -0.199606 0.903090 50.000000
-0.345145 0.082043 0.905312 50.000000
-0.404555 0.137052 0.905312 50.000000
0.356147 -0.111276 0.910202 53.000000
-0.162828 0.380036 0.908869 50.000000
0.147740 -0.007858 0.910202 50.000000
-0.178231 0.317483 0.907979 50.000000
-0.029548 0.045579 0.909758 52.000000
0.099646 -0.133909 0.910647 50.000000
-0.319998 0.137366 0.910202 50.000000
-0.422787 0.184832 0.909758 50.000000
-0.059096 -0.184517 0.910647 50.000000
-0.112848 -0.128879 0.907535 50.000000
-0.215951 -0.043379 0.909313 50.000000
0.064125 -0.348603 0.909313 50.000000
-0.099646 0.410527 0.912425 50.000000
0.041493 0.161256 0.911980 50.000000
0.117249 0.038349 0.911980 50.000000
-0.123221 0.262474 0.915092 50.000000
0.278505 -0.158741 0.911536 50.000000
-0.016031 -0.032691 0.913759 50.000000
-0.263102 0.113791 0.915092 52.000000
0.128251 -0.314654 0.913759 50.000000
0.042121 -0.257444 0.914648 50.000000
-0.145225 -0.114734 0.913314 50.000000
-0.160942 -0.099017 0.912425 50.000000
-0.200549 -0.059410 0.911536 50.000000
0.025461 -0.291078 0.914203 50.000000
-0.272847 0.011002 0.912425 50.000000
0.166600 -0.444790 0.914648 50.000000
-0.339487 0.057524 0.913759 50.000000
0.217523 0.092101 0.919093 50.000000
0.325341 -0.064125 0.915981 53.000000
0.140510 0.076699 0.915981 50.000000
-0.172887 0.357404 0.919982 50.000000
0.139567 -0.032377 0.917760 50.000000
0.116306 -0.024204 0.915981 50.000000
0.162514 -0.071669 0.918649 50.000000
0.046837 0.014460 0.918204 50.000000
0.009430 -0.275676 0.918204 50.000000
-0.083929 -0.178545 0.916870 50.000000
-0.122592 -0.138624 0.916870 50.000000
-0.234497 -0.029234 0.919982 50.000000
0.071669 -0.342316 0.918204 50.000000
0.048408 -0.317169 0.918204 50.000000
0.372492 0.013202 0.921316 53.000000
0.232926 0.060353 0.924428 50.000000
0.202120 0.091787 0.923983 50.000000
0.317797 -0.088644 0.921316 53.000000
0.263102 -0.160313 0.921760 50.000000
-0.109076 0.169115 0.922205 52.000000
0.006915 -0.009745 0.921760 50.000000
-0.141767 0.137681 0.924428 52.000000
0.223810 -0.233554 0.923094 50.000000
0.136423 -0.291393 0.920871 50.000000
-0.209664 -0.020746 0.921760 50.000000
-0.202435 -0.044951 0.924428 50.000000
-0.444162 0.184832 0.920871 50.000000
0.125736 0.215323 0.928873 51.000000
-0.240155 0.137366 0.924872 52.000000
0.103418 -0.343887 0.925761 50.000000
-0.275990 0.025462 0.927095 50.000000
-0.401726 0.144282 0.924872 50.000000
-0.077328 -0.188289 0.926206 50.000000
-0.039292 -0.245813 0.928873 50.000000
0.118192 0.238584 0.930207 51.000000
0.271275 -0.154026 0.931540 50.000000
-0.016346 0.059410 0.931096 52.000000
-0.166914 0.160942 0.930651 52.000000
0.119135 -0.328799 0.933318 50.000000
0.048723 -0.253358 0.932429 50.000000
-0.385695 0.176659 0.930207 50.000000
-0.172258 -0.077642 0.932429 50.000000
-0.253358 -0.014774 0.931540 50.000000
-0.062868 -0.222238 0.931540 50.000000
-0.110019 -0.173830 0.931985 50.000000
0.156855 0.215008 0.935541 51.000000
0.350174 -0.059410 0.937319 53.000000
0.193947 0.020746 0.937764 50.000000
-0.233869 0.351746 0.935986 50.000000
0.022318 0.035835 0.935986 50.000000
-0.001257 0.043693 0.936875 52.000000
0.231668 -0.277876 0.933763 50.000000
0.089272 -0.195834 0.937319 50.000000
-0.153712 0.034577 0.935541 50.000000
0.104361 -0.245499 0.936875 50.000000
-0.301452 0.128879 0.935097 50.000000
-0.285106 0.096817 0.935541 50.000000
-0.344516 0.152455 0.937764 50.000000
0.009430 -0.213437 0.936875 50.000000
-0.015403 0.262788 0.938209 51.000000
0.319369 -0.221609 0.939542 53.000000
0.303652 -0.271904 0.940876 53.000000
0.028605 -0.019489 0.941320 50.000000
-0.185460 0.144911 0.940876 52.000000
0.063497 -0.288249 0.938653 50.000000
0.086758 -0.331628 0.942209 50.000000
-0.103103 -0.166914 0.940876 50.000000
-0.247385 -0.023890 0.942209 50.000000
0.156227 0.168486 0.943543 51.000000
0.194262 0.114105 0.942654 51.000000
0.256815 0.019489 0.946655 53.000000
0.217209 0.011945 0.945766 50.000000
0.216580 -0.115677 0.943098 50.000000
0.175401 -0.323455 0.945321 50.000000
-0.148683 -0.022632 0.945766 50.000000
-0.102160 -0.118192 0.942654 50.000000
-0.190175 -0.047151 0.943988 50.000000
-0.417129 0.152140 0.945766 50.000000
-0.032691 -0.241098 0.945321 50.000000
0.187032 0.152769 0.949767 51.000000
-0.048094 0.357718 0.947099 50.000000
-0.064754 0.263102 0.948877 50.000000
0.006287 0.144911 0.951100 50.000000
-0.015088 -0.175087 0.949767 50.000000
-0.348288 0.119763 0.949322 50.000000
-0.373750 0.143967 0.947988 50.000000
0.256815 0.050294 0.954656 53.000000
-0.065068 0.310567 0.953323 50.000000
-0.065383 0.279448 0.955101 50.000000
-0.230411 0.409899 0.954656 50.000000
0.077013 0.089901 0.952434 50.000000
0.122907 0.011316 0.953767 50.000000
-0.220352 0.320626 0.952434 50.000000
0.145854 -0.060668 0.954656 50.000000
0.098388 -0.076699 0.951545 50.000000
-0.076385 -0.014460 0.953767 50.000000
0.183574 -0.300194 0.954656 50.000000
0.111905 -0.240470 0.952878 50.000000
0.239841 -0.377207 0.952434 50.000000
0.118820 -0.316540 0.952434 50.000000
0.126364 -0.359919 0.951989 50.000000
0.165971 -0.440390 0.955546 50.000000
-0.113477 -0.161571 0.955101 50.000000
0.053438 -0.334772 0.952434 50.000000
-0.065697 0.358976 0.957324 50.000000
-0.114420 0.391353 0.955990 50.000000
-0.082043 0.295479 0.958658 50.000000
0.068840 0.128879 0.959991 50.000000
-0.098074 0.231668 0.956879 50.000000
0.256187 -0.361490 0.956879 50.000000
-0.181688 0.072612 0.957768 52.000000
-0.182631 0.040235 0.959991 50.000000
-0.040235 -0.168800 0.957768 50.000000
0.070098 -0.301766 0.957768 50.000000
-0.258701 -0.001257 0.956879 50.000000
0.193947 0.081728 0.960436 50.000000
-0.131080 0.279762 0.961325 50.000000
0.304595 -0.176659 0.963103 53.000000
0.137681 -0.053752 0.961769 50.000000
-0.189232 0.272532 0.963547 50.000000
0.320941 -0.243927 0.963103 53.000000
0.008801 -0.119763 0.963992 50.000000
-0.422472 0.200863 0.964437 50.000000
-0.202435 -0.058153 0.963103 50.000000
-0.122592 -0.154969 0.962214 50.000000
0.124164 0.183574 0.965326 51.000000
0.178230 0.049666 0.964881 50.000000
0.345145 -0.185775 0.964881 53.000000
0.304595 -0.160313 0.964881 53.000000
0.072927 -0.119763 0.968437 50.000000
-0.158741 0.064125 0.966215 52.000000
0.087072 -0.235755 0.967548 50.000000
-0.387266 0.151826 0.964881 50.000000
0.109076 -0.381608 0.964881 50.000000
0.115991 0.191747 0.971105 51.000000
-0.167229 0.410213 0.972438 50.000000
0.037406 -0.254615 0.972883 50.000000
0.093359 -0.330685 0.970216 50.000000
-0.253043 0.005658 0.971549 50.000000
0.036778 -0.288564 0.971549 50.000000
0.093044 -0.347974 0.971105 50.000000
-0.107818 -0.156541 0.973327 50.000000
0.060668 -0.331314 0.971994 50.000000
0.028605 0.343259 0.975105 51.000000
0.178859 0.176030 0.976439 51.000000
0.217837 0.072927 0.974661 50.000000
0.216894 -0.104046 0.975550 50.000000
-0.125421 0.240155 0.975995 50.000000
0.160627 -0.128879 0.975995 50.000000
-0.069469 0.088015 0.974661 52.000000
-0.286678 0.119135 0.978217 52.000000
0.109704 -0.331314 0.973772 50.000000
-0.408013 0.184517 0.975105 50.000000
-0.417443 0.192690 0.977328 50.000000
-0.059410 -0.172887 0.977773 50.000000
-0.163457 -0.066954 0.975995 50.000000
0.084243 -0.358661 0.977328 50.000000
0.060039 0.247700 0.982218 51.000000
-0.244556 0.388209 0.981329 50.000000
0.066011 0.016660 0.979551 50.000000
-0.087386 0.007230 0.978662 50.000000
-0.435989 0.209350 0.978662 50.000000
-0.410527 0.151197 0.981329 50.000000
0.281648 0.024204 0.983107 53.000000
0.226010 0.079842 0.985775 50.000000
-0.177288 0.403298 0.983107 50.000000
0.048723 -0.032691 0.985775 50.000000
0.094616 -0.213751 0.983552 50.000000
-0.297051 0.110648 0.983552 50.000000
0.182631 -0.377836 0.984886 50.000000
-0.305538 0.102160 0.983107 50.000000
-0.051866 -0.182317 0.983107 50.000000
-0.132966 -0.101217 0.986664 50.000000
-0.205892 -0.044008 0.982663 50.000000
-0.231040 -0.020118 0.983996 50.000000
0.091787 -0.369978 0.985775 50.000000
0.043379 -0.317169 0.983107 50.000000
-0.103732 0.427187 0.991109 50.000000
0.362433 -0.058467 0.990220 53.000000
0.043693 0.247700 0.987997 51.000000
-0.144282 0.370292 0.987553 50.000000
0.077327 -0.249271 0.991109 50.000000
0.165971 -0.397011 0.989331 50.000000
-0.315911 0.077328 0.987997 50.000000
-0.282906 0.027976 0.990665 50.000000
0.116306 -0.380037 0.991109 50.000000
-0.274733 0.003458 0.988886 50.000000
0.194262 0.127936 0.992887 51.000000
0.346716 -0.075441 0.995554 53.000000
0.265617 0.006915 0.993332 53.000000
0.249271 -0.091158 0.995554 50.000000
-0.178545 0.241098 0.993332 50.000000
-0.120706 0.151826 0.994221 52.000000
-0.273161 0.135166 0.994665 52.000000
0.157484 -0.389781 0.994221 50.000000
-0.020746 -0.217209 0.991998 50.000000
-0.183260 -0.053438 0.995554 50.000000
-0.199291 -0.036778 0.991554 50.000000
-0.207778 -0.028919 0.994221 50.000000
-0.102475 -0.151826 0.994665 50.000000
0.002829 -0.259644 0.993332 50.000000
-0.037721 -0.217837 0.993332 50.000000
-0.404555 0.142710 0.991554 50.000000
-0.326284 0.051866 0.991998 50.000000
0.075127 -0.355204 0.995999 50.000000
-0.397011 0.117563 0.995554 50.000000
0.420901 -0.151512 0.997333 53.000000
0.413042 -0.159999 0.999555 53.000000
0.057838 0.103418 1.000000 50.000000
-0.191118 0.020432 1.000000 50.000000
-0.206835 0.036778 0.997777 50.000000
-0.046208 -0.210607 0.999111 50.000000
-0.094616 -0.160313 0.996444 50.000000
-0.284792 0.011002 0.996444 50.000000
